ORI,year,agency,state,population,offense_aggravated_assault,offense_burglary_breaking_and_entering,offense_destruction_damage_vandalism_of_property,offense_drug_equipment_violations,offense_drug_narcotic_violations,offense_intimidation,offense_motor_vehicle_theft,offense_murder_nonnegligent_manslaughter,offense_rape,offense_robbery,offense_simple_assault,offense_sodomy,offense_theft,offense_arson,offense_assisting_or_promoting_prostitution,offense_betting_wagering,offense_counterfeiting_forgery,offense_credit_card_atm_fraud,offense_embezzlement,offense_extortion_blackmail,offense_false_pretenses_swindle_confidence_game,offense_fondling_incident_liberties_child_molest,offense_impersonation,offense_incest,offense_kidnapping_abduction,offense_operating_promoting_assisting_gambling,offense_pornography_obscene_material,offense_prostitution,offense_stolen_property_offenses_receiving_selling_etc,offense_weapon_law_violations,offense_gambling_equipment_violations,offense_statutory_rape,offense_negligent_manslaughter,offense_sexual_assault_with_an_object,offense_welfare_fraud,offense_wire_fraud,offense_bribery,offense_justifiable_homicide,offense_handgun_aggravated_assault,offense_no_gun_aggravated_assault,offense_other_unknown_gun_aggravated_assault,offense_handgun_murder_nonnegligent_manslaughter,offense_no_gun_murder_nonnegligent_manslaughter,offense_other_unknown_gun_murder_nonnegligent_manslaughter,offense_handgun_rape,offense_no_gun_rape,offense_handgun_robbery,offense_no_gun_robbery,offense_other_unknown_gun_robbery,offense_no_gun_sodomy,offense_other_unknown_gun_rape,offense_handgun_sodomy,offense_no_gun_extortion_blackmail,offense_no_gun_fondling_incident_liberties_child_molest,offense_handgun_kidnapping_abduction,offense_no_gun_kidnapping_abduction,offense_handgun_weapon_law_violations,offense_no_gun_weapon_law_violations,offense_other_unknown_gun_kidnapping_abduction,offense_other_unknown_gun_weapon_law_violations,offense_no_gun_negligent_manslaughter,offense_other_unknown_gun_fondling_incident_liberties_child_molest,offense_no_gun_sexual_assault_with_an_object,offense_handgun_negligent_manslaughter,offense_handgun_extortion_blackmail,offense_other_unknown_gun_sodomy,offense_handgun_sexual_assault_with_an_object,offense_other_unknown_gun_extortion_blackmail,offense_other_unknown_gun_sexual_assault_with_an_object,offense_handgun_justifiable_homicide,offense_other_unknown_gun_negligent_manslaughter,offense_other_unknown_gun_justifiable_homicide,offense_cleared_by_arrest_aggravated_assault,offense_death_of_suspect_aggravated_assault,offense_juvenile_no_custody_aggravated_assault,not_cleared_aggravated_assault,offense_prosecution_declined_aggravated_assault,offense_victim_refused_to_cooperate_aggravated_assault,offense_cleared_by_arrest_burglary_breaking_and_entering,not_cleared_burglary_breaking_and_entering,offense_prosecution_declined_burglary_breaking_and_entering,offense_victim_refused_to_cooperate_burglary_breaking_and_entering,offense_cleared_by_arrest_destruction_damage_vandalism_of_property,not_cleared_destruction_damage_vandalism_of_property,offense_victim_refused_to_cooperate_destruction_damage_vandalism_of_property,not_cleared_drug_equipment_violations,offense_cleared_by_arrest_drug_narcotic_violations,not_cleared_drug_narcotic_violations,offense_victim_refused_to_cooperate_drug_narcotic_violations,not_cleared_intimidation,offense_prosecution_declined_intimidation,offense_cleared_by_arrest_motor_vehicle_theft,not_cleared_motor_vehicle_theft,offense_prosecution_declined_motor_vehicle_theft,offense_victim_refused_to_cooperate_motor_vehicle_theft,offense_death_of_suspect_murder_nonnegligent_manslaughter,not_cleared_murder_nonnegligent_manslaughter,offense_death_of_suspect_rape,not_cleared_rape,offense_prosecution_declined_rape,offense_victim_refused_to_cooperate_rape,offense_cleared_by_arrest_robbery,not_cleared_robbery,offense_victim_refused_to_cooperate_robbery,offense_cleared_by_arrest_simple_assault,offense_extradition_denied_simple_assault,offense_juvenile_no_custody_simple_assault,not_cleared_simple_assault,offense_prosecution_declined_simple_assault,offense_victim_refused_to_cooperate_simple_assault,not_cleared_sodomy,offense_prosecution_declined_sodomy,offense_victim_refused_to_cooperate_sodomy,offense_cleared_by_arrest_theft,offense_juvenile_no_custody_theft,not_cleared_theft,offense_prosecution_declined_theft,offense_victim_refused_to_cooperate_theft,offense_cleared_by_arrest_murder_nonnegligent_manslaughter,offense_extradition_denied_theft,not_cleared_arson,offense_victim_refused_to_cooperate_arson,not_cleared_assisting_or_promoting_prostitution,not_cleared_betting_wagering,offense_extradition_denied_counterfeiting_forgery,not_cleared_counterfeiting_forgery,offense_prosecution_declined_counterfeiting_forgery,offense_victim_refused_to_cooperate_counterfeiting_forgery,not_cleared_credit_card_atm_fraud,offense_prosecution_declined_credit_card_atm_fraud,offense_victim_refused_to_cooperate_credit_card_atm_fraud,offense_prosecution_declined_destruction_damage_vandalism_of_property,not_cleared_embezzlement,offense_prosecution_declined_embezzlement,offense_victim_refused_to_cooperate_embezzlement,not_cleared_extortion_blackmail,not_cleared_false_pretenses_swindle_confidence_game,offense_prosecution_declined_false_pretenses_swindle_confidence_game,offense_victim_refused_to_cooperate_false_pretenses_swindle_confidence_game,not_cleared_fondling_incident_liberties_child_molest,offense_victim_refused_to_cooperate_fondling_incident_liberties_child_molest,not_cleared_impersonation,offense_prosecution_declined_impersonation,not_cleared_incest,not_cleared_kidnapping_abduction,offense_victim_refused_to_cooperate_kidnapping_abduction,offense_victim_refused_to_cooperate_murder_nonnegligent_manslaughter,not_cleared_operating_promoting_assisting_gambling,not_cleared_pornography_obscene_material,not_cleared_prostitution,offense_death_of_suspect_robbery,offense_prosecution_declined_robbery,not_cleared_stolen_property_offenses_receiving_selling_etc,offense_victim_refused_to_cooperate_stolen_property_offenses_receiving_selling_etc,not_cleared_weapon_law_violations,offense_prosecution_declined_weapon_law_violations,offense_victim_refused_to_cooperate_weapon_law_violations,offense_cleared_by_arrest_drug_equipment_violations,offense_cleared_by_arrest_rape,offense_cleared_by_arrest_counterfeiting_forgery,offense_cleared_by_arrest_credit_card_atm_fraud,offense_victim_refused_to_cooperate_intimidation,offense_extradition_denied_motor_vehicle_theft,offense_death_of_suspect_burglary_breaking_and_entering,offense_death_of_suspect_destruction_damage_vandalism_of_property,offense_cleared_by_arrest_betting_wagering,offense_cleared_by_arrest_fondling_incident_liberties_child_molest,not_cleared_gambling_equipment_violations,offense_cleared_by_arrest_prostitution,offense_cleared_by_arrest_stolen_property_offenses_receiving_selling_etc,offense_cleared_by_arrest_weapon_law_violations,not_cleared_statutory_rape,offense_prosecution_declined_drug_narcotic_violations,offense_prosecution_declined_statutory_rape,offense_death_of_suspect_theft,not_cleared_negligent_manslaughter,offense_cleared_by_arrest_kidnapping_abduction,offense_cleared_by_arrest_arson,offense_cleared_by_arrest_intimidation,offense_juvenile_no_custody_motor_vehicle_theft,offense_death_of_suspect_sodomy,offense_victim_refused_to_cooperate_betting_wagering,offense_prosecution_declined_fondling_incident_liberties_child_molest,offense_death_of_suspect_kidnapping_abduction,offense_prosecution_declined_stolen_property_offenses_receiving_selling_etc,offense_death_of_suspect_simple_assault,offense_victim_refused_to_cooperate_drug_equipment_violations,offense_juvenile_no_custody_burglary_breaking_and_entering,offense_death_of_suspect_motor_vehicle_theft,offense_cleared_by_arrest_operating_promoting_assisting_gambling,offense_cleared_by_arrest_incest,offense_extradition_denied_intimidation,offense_cleared_by_arrest_sexual_assault_with_an_object,not_cleared_welfare_fraud,offense_juvenile_no_custody_destruction_damage_vandalism_of_property,offense_cleared_by_arrest_embezzlement,offense_cleared_by_arrest_false_pretenses_swindle_confidence_game,offense_cleared_by_arrest_impersonation,offense_juvenile_no_custody_rape,not_cleared_sexual_assault_with_an_object,offense_cleared_by_arrest_welfare_fraud,offense_juvenile_no_custody_arson,offense_juvenile_no_custody_intimidation,offense_cleared_by_arrest_statutory_rape,offense_cleared_by_arrest_extortion_blackmail,offense_cleared_by_arrest_negligent_manslaughter,offense_prosecution_declined_arson,offense_juvenile_no_custody_fondling_incident_liberties_child_molest,offense_victim_refused_to_cooperate_incest,offense_prosecution_declined_kidnapping_abduction,offense_prosecution_declined_pornography_obscene_material,offense_cleared_by_arrest_sodomy,offense_victim_refused_to_cooperate_impersonation,offense_juvenile_no_custody_sodomy,offense_victim_refused_to_cooperate_statutory_rape,offense_cleared_by_arrest_gambling_equipment_violations,offense_juvenile_no_custody_weapon_law_violations,offense_extradition_denied_burglary_breaking_and_entering,offense_extradition_denied_credit_card_atm_fraud,offense_extradition_denied_destruction_damage_vandalism_of_property,offense_victim_refused_to_cooperate_extortion_blackmail,offense_juvenile_no_custody_false_pretenses_swindle_confidence_game,offense_juvenile_no_custody_sexual_assault_with_an_object,offense_victim_refused_to_cooperate_sexual_assault_with_an_object,offense_juvenile_no_custody_statutory_rape,offense_victim_refused_to_cooperate_wire_fraud,offense_cleared_by_arrest_wire_fraud,offense_extradition_denied_rape,offense_extradition_denied_aggravated_assault,offense_extradition_denied_fondling_incident_liberties_child_molest,not_cleared_wire_fraud,offense_extradition_denied_false_pretenses_swindle_confidence_game,offense_juvenile_no_custody_negligent_manslaughter,offense_cleared_by_arrest_assisting_or_promoting_prostitution,offense_juvenile_no_custody_kidnapping_abduction,offense_death_of_suspect_intimidation,offense_juvenile_no_custody_robbery,offense_death_of_suspect_false_pretenses_swindle_confidence_game,not_cleared_bribery,offense_juvenile_no_custody_counterfeiting_forgery,offense_cleared_by_arrest_pornography_obscene_material,not_cleared_justifiable_homicide,offense_victim_refused_to_cooperate_assisting_or_promoting_prostitution,offense_victim_refused_to_cooperate_prostitution,offense_cleared_by_arrest_bribery,offense_victim_refused_to_cooperate_gambling_equipment_violations,offense_death_of_suspect_counterfeiting_forgery,offense_prosecution_declined_betting_wagering,offense_prosecution_declined_drug_equipment_violations,offense_prosecution_declined_extortion_blackmail,offense_prosecution_declined_incest,offense_prosecution_declined_murder_nonnegligent_manslaughter,offense_prosecution_declined_operating_promoting_assisting_gambling,offense_prosecution_declined_sexual_assault_with_an_object,offense_prosecution_declined_wire_fraud,offense_prosecution_declined_prostitution,offense_extradition_denied_sodomy,offense_victim_refused_to_cooperate_negligent_manslaughter,offense_juvenile_no_custody_stolen_property_offenses_receiving_selling_etc,offense_home_aggravated_assault,offense_other_unknown_location_aggravated_assault,offense_outside_aggravated_assault,offense_school_aggravated_assault,offense_home_burglary_breaking_and_entering,offense_other_unknown_location_burglary_breaking_and_entering,offense_outside_burglary_breaking_and_entering,offense_school_burglary_breaking_and_entering,offense_home_destruction_damage_vandalism_of_property,offense_other_unknown_location_destruction_damage_vandalism_of_property,offense_school_destruction_damage_vandalism_of_property,offense_home_drug_equipment_violations,offense_home_drug_narcotic_violations,offense_other_unknown_location_drug_narcotic_violations,offense_outside_drug_narcotic_violations,offense_school_drug_narcotic_violations,offense_home_intimidation,offense_home_motor_vehicle_theft,offense_other_unknown_location_motor_vehicle_theft,offense_outside_motor_vehicle_theft,offense_school_motor_vehicle_theft,offense_home_murder_nonnegligent_manslaughter,offense_other_unknown_location_murder_nonnegligent_manslaughter,offense_outside_murder_nonnegligent_manslaughter,offense_home_rape,offense_other_unknown_location_rape,offense_outside_rape,offense_home_robbery,offense_other_unknown_location_robbery,offense_outside_robbery,offense_home_simple_assault,offense_other_unknown_location_simple_assault,offense_outside_simple_assault,offense_school_simple_assault,offense_home_sodomy,offense_other_unknown_location_sodomy,offense_outside_sodomy,offense_home_theft,offense_other_unknown_location_theft,offense_outside_theft,offense_school_theft,offense_outside_destruction_damage_vandalism_of_property,offense_school_rape,offense_school_robbery,offense_home_arson,offense_other_unknown_location_arson,offense_outside_arson,offense_school_arson,offense_outside_assisting_or_promoting_prostitution,offense_home_betting_wagering,offense_home_counterfeiting_forgery,offense_other_unknown_location_counterfeiting_forgery,offense_outside_counterfeiting_forgery,offense_school_counterfeiting_forgery,offense_home_credit_card_atm_fraud,offense_other_unknown_location_credit_card_atm_fraud,offense_home_embezzlement,offense_other_unknown_location_embezzlement,offense_outside_embezzlement,offense_other_unknown_location_extortion_blackmail,offense_home_false_pretenses_swindle_confidence_game,offense_other_unknown_location_false_pretenses_swindle_confidence_game,offense_outside_false_pretenses_swindle_confidence_game,offense_school_false_pretenses_swindle_confidence_game,offense_home_fondling_incident_liberties_child_molest,offense_other_unknown_location_fondling_incident_liberties_child_molest,offense_other_unknown_location_impersonation,offense_outside_impersonation,offense_home_incest,offense_home_kidnapping_abduction,offense_other_unknown_location_kidnapping_abduction,offense_outside_kidnapping_abduction,offense_school_kidnapping_abduction,offense_school_murder_nonnegligent_manslaughter,offense_home_operating_promoting_assisting_gambling,offense_outside_operating_promoting_assisting_gambling,offense_home_pornography_obscene_material,offense_outside_prostitution,offense_school_sodomy,offense_home_stolen_property_offenses_receiving_selling_etc,offense_other_unknown_location_stolen_property_offenses_receiving_selling_etc,offense_outside_stolen_property_offenses_receiving_selling_etc,offense_home_weapon_law_violations,offense_other_unknown_location_weapon_law_violations,offense_outside_weapon_law_violations,offense_school_weapon_law_violations,offense_other_unknown_location_drug_equipment_violations,offense_outside_drug_equipment_violations,offense_other_unknown_location_intimidation,offense_outside_intimidation,offense_school_intimidation,offense_other_unknown_location_assisting_or_promoting_prostitution,offense_other_unknown_location_betting_wagering,offense_other_unknown_location_gambling_equipment_violations,offense_other_unknown_location_operating_promoting_assisting_gambling,offense_other_unknown_location_prostitution,offense_school_credit_card_atm_fraud,offense_home_assisting_or_promoting_prostitution,offense_home_statutory_rape,offense_other_unknown_location_statutory_rape,offense_outside_statutory_rape,offense_school_drug_equipment_violations,offense_home_negligent_manslaughter,offense_home_extortion_blackmail,offense_school_betting_wagering,offense_outside_credit_card_atm_fraud,offense_home_impersonation,offense_other_unknown_location_pornography_obscene_material,offense_school_impersonation,offense_home_prostitution,offense_outside_fondling_incident_liberties_child_molest,offense_school_fondling_incident_liberties_child_molest,offense_bar_nightclub_burglary_breaking_and_entering,offense_bar_nightclub_operating_promoting_assisting_gambling,offense_bar_nightclub_simple_assault,offense_bar_nightclub_theft,offense_bar_nightclub_counterfeiting_forgery,offense_bar_nightclub_destruction_damage_vandalism_of_property,offense_bar_nightclub_drug_narcotic_violations,offense_bar_nightclub_false_pretenses_swindle_confidence_game,offense_other_unknown_location_incest,offense_bar_nightclub_intimidation,offense_home_sexual_assault_with_an_object,offense_bar_nightclub_stolen_property_offenses_receiving_selling_etc,offense_home_welfare_fraud,offense_other_unknown_location_welfare_fraud,offense_bar_nightclub_aggravated_assault,offense_bar_nightclub_motor_vehicle_theft,offense_outside_pornography_obscene_material,offense_bar_nightclub_arson,offense_bar_nightclub_weapon_law_violations,offense_bar_nightclub_betting_wagering,offense_bar_nightclub_kidnapping_abduction,offense_outside_sexual_assault_with_an_object,offense_bar_nightclub_impersonation,offense_bar_nightclub_robbery,offense_bar_nightclub_drug_equipment_violations,offense_outside_extortion_blackmail,offense_bar_nightclub_rape,offense_other_unknown_location_sexual_assault_with_an_object,offense_outside_negligent_manslaughter,offense_outside_betting_wagering,offense_bar_nightclub_murder_nonnegligent_manslaughter,offense_other_unknown_location_wire_fraud,offense_home_gambling_equipment_violations,offense_bar_nightclub_credit_card_atm_fraud,offense_bar_nightclub_embezzlement,offense_home_wire_fraud,offense_bar_nightclub_fondling_incident_liberties_child_molest,offense_bar_nightclub_gambling_equipment_violations,offense_outside_gambling_equipment_violations,offense_home_bribery,offense_other_unknown_location_bribery,offense_other_unknown_location_justifiable_homicide,offense_outside_bribery,offense_outside_incest,offense_bar_nightclub_prostitution,offense_bar_nightclub_sodomy,offense_other_unknown_location_negligent_manslaughter,offense_bar_nightclub_assisting_or_promoting_prostitution,offense_home_justifiable_homicide,offense_outside_justifiable_homicide,offense_buy_possess_consume_drug_equipment_violations,offense_buy_possess_consume_drug_narcotic_violations,offense_sell_create_assist_drug_narcotic_violations,offense_buy_possess_consume_counterfeiting_forgery,offense_sell_create_assist_counterfeiting_forgery,offense_buy_possess_consume_stolen_property_offenses_receiving_selling_etc,offense_sell_create_assist_stolen_property_offenses_receiving_selling_etc,offense_buy_possess_consume_weapon_law_violations,offense_sell_create_assist_weapon_law_violations,offense_sell_create_assist_gambling_equipment_violations,offense_buy_possess_consume_gambling_equipment_violations,offense_sell_create_assist_drug_equipment_violations,offense_na_drug_narcotic_violations,offender_aggravated_assault,offender_burglary_breaking_and_entering,offender_destruction_damage_vandalism_of_property,offender_drug_equipment_violations,offender_drug_narcotic_violations,offender_intimidation,offender_motor_vehicle_theft,offender_murder_nonnegligent_manslaughter,offender_rape,offender_robbery,offender_simple_assault,offender_sodomy,offender_theft,offender_arson,offender_assisting_or_promoting_prostitution,offender_betting_wagering,offender_counterfeiting_forgery,offender_credit_card_atm_fraud,offender_embezzlement,offender_extortion_blackmail,offender_false_pretenses_swindle_confidence_game,offender_fondling_incident_liberties_child_molest,offender_impersonation,offender_incest,offender_kidnapping_abduction,offender_operating_promoting_assisting_gambling,offender_pornography_obscene_material,offender_prostitution,offender_stolen_property_offenses_receiving_selling_etc,offender_weapon_law_violations,offender_gambling_equipment_violations,offender_statutory_rape,offender_negligent_manslaughter,offender_sexual_assault_with_an_object,offender_welfare_fraud,offender_wire_fraud,offender_bribery,offender_justifiable_homicide,offender_female_aggravated_assault,offender_male_aggravated_assault,offender_unknown_sex_aggravated_assault,offender_female_burglary_breaking_and_entering,offender_male_burglary_breaking_and_entering,offender_unknown_sex_burglary_breaking_and_entering,offender_female_destruction_damage_vandalism_of_property,offender_male_destruction_damage_vandalism_of_property,offender_unknown_sex_destruction_damage_vandalism_of_property,offender_female_drug_equipment_violations,offender_male_drug_equipment_violations,offender_unknown_sex_drug_equipment_violations,offender_female_drug_narcotic_violations,offender_male_drug_narcotic_violations,offender_unknown_sex_drug_narcotic_violations,offender_female_intimidation,offender_male_intimidation,offender_female_motor_vehicle_theft,offender_male_motor_vehicle_theft,offender_unknown_sex_motor_vehicle_theft,offender_female_murder_nonnegligent_manslaughter,offender_male_murder_nonnegligent_manslaughter,offender_unknown_sex_murder_nonnegligent_manslaughter,offender_female_rape,offender_male_rape,offender_unknown_sex_rape,offender_female_robbery,offender_male_robbery,offender_unknown_sex_robbery,offender_female_simple_assault,offender_male_simple_assault,offender_unknown_sex_simple_assault,offender_male_sodomy,offender_female_theft,offender_male_theft,offender_unknown_sex_theft,offender_female_arson,offender_male_arson,offender_unknown_sex_arson,offender_female_assisting_or_promoting_prostitution,offender_unknown_sex_assisting_or_promoting_prostitution,offender_unknown_sex_betting_wagering,offender_female_counterfeiting_forgery,offender_male_counterfeiting_forgery,offender_unknown_sex_counterfeiting_forgery,offender_female_credit_card_atm_fraud,offender_male_credit_card_atm_fraud,offender_unknown_sex_credit_card_atm_fraud,offender_female_embezzlement,offender_male_embezzlement,offender_unknown_sex_embezzlement,offender_unknown_sex_extortion_blackmail,offender_female_false_pretenses_swindle_confidence_game,offender_male_false_pretenses_swindle_confidence_game,offender_unknown_sex_false_pretenses_swindle_confidence_game,offender_male_fondling_incident_liberties_child_molest,offender_unknown_sex_fondling_incident_liberties_child_molest,offender_female_impersonation,offender_male_impersonation,offender_unknown_sex_impersonation,offender_male_incest,offender_unknown_sex_incest,offender_female_kidnapping_abduction,offender_male_kidnapping_abduction,offender_unknown_sex_kidnapping_abduction,offender_male_operating_promoting_assisting_gambling,offender_unknown_sex_operating_promoting_assisting_gambling,offender_unknown_sex_pornography_obscene_material,offender_female_prostitution,offender_unknown_sex_prostitution,offender_female_sodomy,offender_unknown_sex_sodomy,offender_female_stolen_property_offenses_receiving_selling_etc,offender_male_stolen_property_offenses_receiving_selling_etc,offender_unknown_sex_stolen_property_offenses_receiving_selling_etc,offender_female_weapon_law_violations,offender_male_weapon_law_violations,offender_unknown_sex_weapon_law_violations,offender_unknown_sex_intimidation,offender_female_extortion_blackmail,offender_female_gambling_equipment_violations,offender_unknown_sex_gambling_equipment_violations,offender_female_operating_promoting_assisting_gambling,offender_male_prostitution,offender_unknown_sex_statutory_rape,offender_male_statutory_rape,offender_male_negligent_manslaughter,offender_male_extortion_blackmail,offender_male_betting_wagering,offender_male_pornography_obscene_material,offender_male_gambling_equipment_violations,offender_female_fondling_incident_liberties_child_molest,offender_male_sexual_assault_with_an_object,offender_female_welfare_fraud,offender_male_welfare_fraud,offender_male_assisting_or_promoting_prostitution,offender_female_pornography_obscene_material,offender_unknown_sex_welfare_fraud,offender_unknown_sex_sexual_assault_with_an_object,offender_female_sexual_assault_with_an_object,offender_female_betting_wagering,offender_female_wire_fraud,offender_female_statutory_rape,offender_male_wire_fraud,offender_female_bribery,offender_male_bribery,offender_unknown_sex_bribery,offender_male_justifiable_homicide,offender_unknown_sex_wire_fraud,offender_female_justifiable_homicide,offender_female_incest,offender_american_indian_aggravated_assault,offender_asian_aggravated_assault,offender_black_aggravated_assault,offender_unknown_race_aggravated_assault,offender_white_aggravated_assault,offender_american_indian_burglary_breaking_and_entering,offender_black_burglary_breaking_and_entering,offender_unknown_race_burglary_breaking_and_entering,offender_white_burglary_breaking_and_entering,offender_black_destruction_damage_vandalism_of_property,offender_unknown_race_destruction_damage_vandalism_of_property,offender_white_destruction_damage_vandalism_of_property,offender_unknown_race_drug_equipment_violations,offender_white_drug_equipment_violations,offender_black_drug_narcotic_violations,offender_unknown_race_drug_narcotic_violations,offender_white_drug_narcotic_violations,offender_black_intimidation,offender_white_intimidation,offender_black_motor_vehicle_theft,offender_unknown_race_motor_vehicle_theft,offender_white_motor_vehicle_theft,offender_black_murder_nonnegligent_manslaughter,offender_unknown_race_murder_nonnegligent_manslaughter,offender_white_murder_nonnegligent_manslaughter,offender_black_rape,offender_unknown_race_rape,offender_white_rape,offender_black_robbery,offender_unknown_race_robbery,offender_white_robbery,offender_american_indian_simple_assault,offender_black_simple_assault,offender_unknown_race_simple_assault,offender_white_simple_assault,offender_black_sodomy,offender_unknown_race_sodomy,offender_white_sodomy,offender_asian_theft,offender_black_theft,offender_unknown_race_theft,offender_white_theft,offender_asian_robbery,offender_black_arson,offender_unknown_race_arson,offender_white_arson,offender_black_assisting_or_promoting_prostitution,offender_unknown_race_assisting_or_promoting_prostitution,offender_white_assisting_or_promoting_prostitution,offender_unknown_race_betting_wagering,offender_asian_counterfeiting_forgery,offender_black_counterfeiting_forgery,offender_unknown_race_counterfeiting_forgery,offender_white_counterfeiting_forgery,offender_black_credit_card_atm_fraud,offender_unknown_race_credit_card_atm_fraud,offender_white_credit_card_atm_fraud,offender_american_indian_destruction_damage_vandalism_of_property,offender_asian_destruction_damage_vandalism_of_property,offender_asian_drug_narcotic_violations,offender_black_embezzlement,offender_unknown_race_embezzlement,offender_white_embezzlement,offender_unknown_race_extortion_blackmail,offender_american_indian_false_pretenses_swindle_confidence_game,offender_black_false_pretenses_swindle_confidence_game,offender_unknown_race_false_pretenses_swindle_confidence_game,offender_white_false_pretenses_swindle_confidence_game,offender_black_fondling_incident_liberties_child_molest,offender_unknown_race_fondling_incident_liberties_child_molest,offender_white_fondling_incident_liberties_child_molest,offender_black_impersonation,offender_unknown_race_impersonation,offender_black_incest,offender_unknown_race_incest,offender_white_incest,offender_black_kidnapping_abduction,offender_unknown_race_kidnapping_abduction,offender_white_kidnapping_abduction,offender_american_indian_motor_vehicle_theft,offender_black_operating_promoting_assisting_gambling,offender_unknown_race_operating_promoting_assisting_gambling,offender_unknown_race_pornography_obscene_material,offender_unknown_race_prostitution,offender_white_prostitution,offender_asian_rape,offender_american_indian_robbery,offender_asian_simple_assault,offender_black_stolen_property_offenses_receiving_selling_etc,offender_unknown_race_stolen_property_offenses_receiving_selling_etc,offender_white_stolen_property_offenses_receiving_selling_etc,offender_american_indian_theft,offender_black_weapon_law_violations,offender_unknown_race_weapon_law_violations,offender_white_weapon_law_violations,offender_black_drug_equipment_violations,offender_unknown_race_intimidation,offender_white_extortion_blackmail,offender_unknown_race_gambling_equipment_violations,offender_white_gambling_equipment_violations,offender_white_impersonation,offender_asian_motor_vehicle_theft,offender_white_operating_promoting_assisting_gambling,offender_black_prostitution,offender_unknown_race_statutory_rape,offender_white_statutory_rape,offender_black_negligent_manslaughter,offender_white_negligent_manslaughter,offender_black_extortion_blackmail,offender_american_indian_intimidation,offender_black_betting_wagering,offender_white_betting_wagering,offender_white_pornography_obscene_material,offender_black_statutory_rape,offender_asian_burglary_breaking_and_entering,offender_american_indian_drug_narcotic_violations,offender_american_indian_drug_equipment_violations,offender_asian_false_pretenses_swindle_confidence_game,offender_white_sexual_assault_with_an_object,offender_unknown_race_welfare_fraud,offender_white_welfare_fraud,offender_american_indian_arson,offender_american_indian_counterfeiting_forgery,offender_american_indian_rape,offender_american_indian_stolen_property_offenses_receiving_selling_etc,offender_american_indian_weapon_law_violations,offender_asian_fondling_incident_liberties_child_molest,offender_american_indian_fondling_incident_liberties_child_molest,offender_american_indian_statutory_rape,offender_asian_stolen_property_offenses_receiving_selling_etc,offender_asian_intimidation,offender_asian_welfare_fraud,offender_american_indian_kidnapping_abduction,offender_unknown_race_sexual_assault_with_an_object,offender_american_indian_murder_nonnegligent_manslaughter,offender_asian_prostitution,offender_asian_weapon_law_violations,offender_american_indian_welfare_fraud,offender_asian_arson,offender_black_welfare_fraud,offender_american_indian_operating_promoting_assisting_gambling,offender_asian_drug_equipment_violations,offender_asian_betting_wagering,offender_asian_embezzlement,offender_black_gambling_equipment_violations,offender_asian_operating_promoting_assisting_gambling,offender_asian_credit_card_atm_fraud,offender_asian_extortion_blackmail,offender_asian_impersonation,offender_asian_pornography_obscene_material,offender_black_sexual_assault_with_an_object,offender_asian_gambling_equipment_violations,offender_asian_wire_fraud,offender_asian_assisting_or_promoting_prostitution,offender_unknown_race_wire_fraud,offender_black_wire_fraud,offender_white_wire_fraud,offender_black_bribery,offender_unknown_race_bribery,offender_white_bribery,offender_white_justifiable_homicide,offender_asian_bribery,offender_black_pornography_obscene_material,offender_american_indian_betting_wagering,offender_black_justifiable_homicide,offender_asian_kidnapping_abduction,offender_asian_murder_nonnegligent_manslaughter,offender_american_indian_credit_card_atm_fraud,offender_adult_aggravated_assault,offender_juvenile_aggravated_assault,offender_unknown_age_aggravated_assault,offender_adult_burglary_breaking_and_entering,offender_juvenile_burglary_breaking_and_entering,offender_unknown_age_burglary_breaking_and_entering,offender_adult_destruction_damage_vandalism_of_property,offender_juvenile_destruction_damage_vandalism_of_property,offender_unknown_age_destruction_damage_vandalism_of_property,offender_adult_drug_equipment_violations,offender_unknown_age_drug_equipment_violations,offender_adult_drug_narcotic_violations,offender_juvenile_drug_narcotic_violations,offender_unknown_age_drug_narcotic_violations,offender_adult_intimidation,offender_juvenile_intimidation,offender_adult_motor_vehicle_theft,offender_juvenile_motor_vehicle_theft,offender_unknown_age_motor_vehicle_theft,offender_adult_murder_nonnegligent_manslaughter,offender_unknown_age_murder_nonnegligent_manslaughter,offender_adult_rape,offender_juvenile_rape,offender_unknown_age_rape,offender_adult_robbery,offender_juvenile_robbery,offender_unknown_age_robbery,offender_adult_simple_assault,offender_juvenile_simple_assault,offender_unknown_age_simple_assault,offender_adult_sodomy,offender_juvenile_sodomy,offender_unknown_age_sodomy,offender_adult_theft,offender_juvenile_theft,offender_unknown_age_theft,offender_juvenile_murder_nonnegligent_manslaughter,offender_adult_arson,offender_juvenile_arson,offender_unknown_age_arson,offender_adult_assisting_or_promoting_prostitution,offender_unknown_age_assisting_or_promoting_prostitution,offender_unknown_age_betting_wagering,offender_adult_counterfeiting_forgery,offender_juvenile_counterfeiting_forgery,offender_unknown_age_counterfeiting_forgery,offender_adult_credit_card_atm_fraud,offender_juvenile_credit_card_atm_fraud,offender_unknown_age_credit_card_atm_fraud,offender_adult_embezzlement,offender_juvenile_embezzlement,offender_unknown_age_embezzlement,offender_unknown_age_extortion_blackmail,offender_adult_false_pretenses_swindle_confidence_game,offender_juvenile_false_pretenses_swindle_confidence_game,offender_unknown_age_false_pretenses_swindle_confidence_game,offender_adult_fondling_incident_liberties_child_molest,offender_juvenile_fondling_incident_liberties_child_molest,offender_unknown_age_fondling_incident_liberties_child_molest,offender_adult_impersonation,offender_unknown_age_impersonation,offender_adult_incest,offender_juvenile_incest,offender_unknown_age_incest,offender_adult_kidnapping_abduction,offender_juvenile_kidnapping_abduction,offender_unknown_age_kidnapping_abduction,offender_juvenile_operating_promoting_assisting_gambling,offender_unknown_age_operating_promoting_assisting_gambling,offender_unknown_age_pornography_obscene_material,offender_adult_prostitution,offender_unknown_age_prostitution,offender_adult_stolen_property_offenses_receiving_selling_etc,offender_juvenile_stolen_property_offenses_receiving_selling_etc,offender_unknown_age_stolen_property_offenses_receiving_selling_etc,offender_adult_weapon_law_violations,offender_juvenile_weapon_law_violations,offender_unknown_age_weapon_law_violations,offender_unknown_age_intimidation,offender_adult_extortion_blackmail,offender_adult_gambling_equipment_violations,offender_unknown_age_gambling_equipment_violations,offender_adult_operating_promoting_assisting_gambling,offender_adult_statutory_rape,offender_unknown_age_statutory_rape,offender_adult_negligent_manslaughter,offender_adult_betting_wagering,offender_juvenile_betting_wagering,offender_adult_pornography_obscene_material,offender_adult_sexual_assault_with_an_object,offender_adult_welfare_fraud,offender_unknown_age_welfare_fraud,offender_juvenile_drug_equipment_violations,offender_juvenile_impersonation,offender_juvenile_statutory_rape,offender_juvenile_negligent_manslaughter,offender_unknown_age_sexual_assault_with_an_object,offender_juvenile_sexual_assault_with_an_object,offender_adult_wire_fraud,offender_juvenile_extortion_blackmail,offender_unknown_age_wire_fraud,offender_adult_bribery,offender_unknown_age_bribery,offender_adult_justifiable_homicide,offender_juvenile_pornography_obscene_material,offender_juvenile_prostitution,offender_juvenile_gambling_equipment_violations,offender_juvenile_wire_fraud,arrestee_aggravated_assault,arrestee_all_other_offenses,arrestee_bad_checks,arrestee_burglary_breaking_and_entering,arrestee_disorderly_conduct,arrestee_driving_under_the_influence,arrestee_drug_narcotic_violations,arrestee_drunkenness,arrestee_family_offenses_nonviolent,arrestee_liquor_law_violations,arrestee_motor_vehicle_theft,arrestee_robbery,arrestee_simple_assault,arrestee_theft,arrestee_trespass_of_real_property,arrestee_curfew_loitering_vagrancy_violations,arrestee_murder_nonnegligent_manslaughter,arrestee_drug_equipment_violations,arrestee_rape,arrestee_counterfeiting_forgery,arrestee_credit_card_atm_fraud,arrestee_peeping_tom,arrestee_runaway,arrestee_betting_wagering,arrestee_destruction_damage_vandalism_of_property,arrestee_fondling_incident_liberties_child_molest,arrestee_prostitution,arrestee_stolen_property_offenses_receiving_selling_etc,arrestee_weapon_law_violations,arrestee_kidnapping_abduction,arrestee_arson,arrestee_intimidation,arrestee_operating_promoting_assisting_gambling,arrestee_incest,arrestee_sexual_assault_with_an_object,arrestee_false_pretenses_swindle_confidence_game,arrestee_impersonation,arrestee_embezzlement,arrestee_statutory_rape,arrestee_negligent_manslaughter,arrestee_welfare_fraud,arrestee_wire_fraud,arrestee_extortion_blackmail,arrestee_sodomy,arrestee_gambling_equipment_violations,arrestee_assisting_or_promoting_prostitution,arrestee_pornography_obscene_material,arrestee_bribery,arrestee_male_aggravated_assault,arrestee_female_all_other_offenses,arrestee_male_all_other_offenses,arrestee_female_bad_checks,arrestee_male_bad_checks,arrestee_male_burglary_breaking_and_entering,arrestee_female_disorderly_conduct,arrestee_male_disorderly_conduct,arrestee_female_driving_under_the_influence,arrestee_male_driving_under_the_influence,arrestee_female_drug_narcotic_violations,arrestee_male_drug_narcotic_violations,arrestee_female_drunkenness,arrestee_male_drunkenness,arrestee_female_family_offenses_nonviolent,arrestee_male_family_offenses_nonviolent,arrestee_female_liquor_law_violations,arrestee_male_liquor_law_violations,arrestee_male_motor_vehicle_theft,arrestee_female_robbery,arrestee_male_robbery,arrestee_female_simple_assault,arrestee_male_simple_assault,arrestee_female_theft,arrestee_male_theft,arrestee_female_trespass_of_real_property,arrestee_male_trespass_of_real_property,arrestee_female_aggravated_assault,arrestee_female_burglary_breaking_and_entering,arrestee_female_curfew_loitering_vagrancy_violations,arrestee_male_curfew_loitering_vagrancy_violations,arrestee_female_murder_nonnegligent_manslaughter,arrestee_male_murder_nonnegligent_manslaughter,arrestee_male_drug_equipment_violations,arrestee_female_motor_vehicle_theft,arrestee_male_rape,arrestee_male_counterfeiting_forgery,arrestee_male_credit_card_atm_fraud,arrestee_male_peeping_tom,arrestee_male_runaway,arrestee_male_betting_wagering,arrestee_female_counterfeiting_forgery,arrestee_female_credit_card_atm_fraud,arrestee_female_destruction_damage_vandalism_of_property,arrestee_male_destruction_damage_vandalism_of_property,arrestee_female_drug_equipment_violations,arrestee_male_fondling_incident_liberties_child_molest,arrestee_female_prostitution,arrestee_male_prostitution,arrestee_female_runaway,arrestee_female_stolen_property_offenses_receiving_selling_etc,arrestee_male_stolen_property_offenses_receiving_selling_etc,arrestee_female_weapon_law_violations,arrestee_male_weapon_law_violations,arrestee_male_kidnapping_abduction,arrestee_female_arson,arrestee_male_arson,arrestee_female_intimidation,arrestee_female_rape,arrestee_male_intimidation,arrestee_female_operating_promoting_assisting_gambling,arrestee_male_operating_promoting_assisting_gambling,arrestee_female_kidnapping_abduction,arrestee_male_incest,arrestee_male_sexual_assault_with_an_object,arrestee_female_false_pretenses_swindle_confidence_game,arrestee_male_false_pretenses_swindle_confidence_game,arrestee_male_impersonation,arrestee_male_embezzlement,arrestee_male_statutory_rape,arrestee_male_negligent_manslaughter,arrestee_female_embezzlement,arrestee_female_fondling_incident_liberties_child_molest,arrestee_male_welfare_fraud,arrestee_female_betting_wagering,arrestee_female_wire_fraud,arrestee_male_extortion_blackmail,arrestee_male_sodomy,arrestee_male_gambling_equipment_violations,arrestee_male_assisting_or_promoting_prostitution,arrestee_male_pornography_obscene_material,arrestee_female_gambling_equipment_violations,arrestee_male_bribery,arrestee_female_impersonation,arrestee_female_pornography_obscene_material,arrestee_female_assisting_or_promoting_prostitution,arrestee_female_extortion_blackmail,arrestee_black_aggravated_assault,arrestee_white_aggravated_assault,arrestee_asian_all_other_offenses,arrestee_black_all_other_offenses,arrestee_white_all_other_offenses,arrestee_black_bad_checks,arrestee_white_bad_checks,arrestee_black_burglary_breaking_and_entering,arrestee_white_burglary_breaking_and_entering,arrestee_black_disorderly_conduct,arrestee_white_disorderly_conduct,arrestee_black_driving_under_the_influence,arrestee_white_driving_under_the_influence,arrestee_black_drug_narcotic_violations,arrestee_white_drug_narcotic_violations,arrestee_black_drunkenness,arrestee_white_drunkenness,arrestee_white_family_offenses_nonviolent,arrestee_asian_liquor_law_violations,arrestee_black_liquor_law_violations,arrestee_white_liquor_law_violations,arrestee_black_motor_vehicle_theft,arrestee_white_motor_vehicle_theft,arrestee_black_robbery,arrestee_white_robbery,arrestee_white_simple_assault,arrestee_black_theft,arrestee_white_theft,arrestee_black_trespass_of_real_property,arrestee_white_trespass_of_real_property,arrestee_black_curfew_loitering_vagrancy_violations,arrestee_white_curfew_loitering_vagrancy_violations,arrestee_black_family_offenses_nonviolent,arrestee_black_murder_nonnegligent_manslaughter,arrestee_white_murder_nonnegligent_manslaughter,arrestee_black_simple_assault,arrestee_american_indian_all_other_offenses,arrestee_american_indian_disorderly_conduct,arrestee_asian_disorderly_conduct,arrestee_american_indian_driving_under_the_influence,arrestee_asian_driving_under_the_influence,arrestee_american_indian_drunkenness,arrestee_asian_drunkenness,arrestee_asian_trespass_of_real_property,arrestee_american_indian_theft,arrestee_black_drug_equipment_violations,arrestee_black_rape,arrestee_asian_bad_checks,arrestee_white_counterfeiting_forgery,arrestee_black_credit_card_atm_fraud,arrestee_american_indian_bad_checks,arrestee_white_peeping_tom,arrestee_black_runaway,arrestee_black_betting_wagering,arrestee_black_counterfeiting_forgery,arrestee_white_credit_card_atm_fraud,arrestee_asian_curfew_loitering_vagrancy_violations,arrestee_black_destruction_damage_vandalism_of_property,arrestee_white_destruction_damage_vandalism_of_property,arrestee_white_drug_equipment_violations,arrestee_white_fondling_incident_liberties_child_molest,arrestee_black_peeping_tom,arrestee_black_prostitution,arrestee_white_rape,arrestee_asian_runaway,arrestee_white_runaway,arrestee_black_stolen_property_offenses_receiving_selling_etc,arrestee_white_stolen_property_offenses_receiving_selling_etc,arrestee_asian_theft,arrestee_black_weapon_law_violations,arrestee_white_weapon_law_violations,arrestee_asian_simple_assault,arrestee_american_indian_family_offenses_nonviolent,arrestee_black_kidnapping_abduction,arrestee_black_arson,arrestee_white_intimidation,arrestee_american_indian_liquor_law_violations,arrestee_asian_family_offenses_nonviolent,arrestee_white_kidnapping_abduction,arrestee_asian_peeping_tom,arrestee_american_indian_trespass_of_real_property,arrestee_black_intimidation,arrestee_white_operating_promoting_assisting_gambling,arrestee_american_indian_burglary_breaking_and_entering,arrestee_american_indian_simple_assault,arrestee_american_indian_drug_narcotic_violations,arrestee_white_betting_wagering,arrestee_white_incest,arrestee_white_sexual_assault_with_an_object,arrestee_american_indian_aggravated_assault,arrestee_white_arson,arrestee_american_indian_counterfeiting_forgery,arrestee_american_indian_destruction_damage_vandalism_of_property,arrestee_black_false_pretenses_swindle_confidence_game,arrestee_white_false_pretenses_swindle_confidence_game,arrestee_white_impersonation,arrestee_american_indian_intimidation,arrestee_american_indian_motor_vehicle_theft,arrestee_american_indian_robbery,arrestee_american_indian_stolen_property_offenses_receiving_selling_etc,arrestee_american_indian_weapon_law_violations,arrestee_white_embezzlement,arrestee_american_indian_runaway,arrestee_unknown_race_driving_under_the_influence,arrestee_unknown_race_all_other_offenses,arrestee_unknown_race_bad_checks,arrestee_asian_counterfeiting_forgery,arrestee_unknown_race_theft,arrestee_american_indian_curfew_loitering_vagrancy_violations,arrestee_unknown_race_disorderly_conduct,arrestee_american_indian_drug_equipment_violations,arrestee_unknown_race_motor_vehicle_theft,arrestee_american_indian_rape,arrestee_unknown_race_runaway,arrestee_asian_stolen_property_offenses_receiving_selling_etc,arrestee_unknown_race_liquor_law_violations,arrestee_white_statutory_rape,arrestee_asian_burglary_breaking_and_entering,arrestee_asian_intimidation,arrestee_white_negligent_manslaughter,arrestee_asian_motor_vehicle_theft,arrestee_american_indian_murder_nonnegligent_manslaughter,arrestee_asian_prostitution,arrestee_asian_drug_narcotic_violations,arrestee_asian_weapon_law_violations,arrestee_asian_false_pretenses_swindle_confidence_game,arrestee_black_welfare_fraud,arrestee_black_fondling_incident_liberties_child_molest,arrestee_unknown_race_drunkenness,arrestee_white_prostitution,arrestee_black_statutory_rape,arrestee_unknown_race_drug_narcotic_violations,arrestee_white_wire_fraud,arrestee_white_extortion_blackmail,arrestee_unknown_race_counterfeiting_forgery,arrestee_white_sodomy,arrestee_unknown_race_burglary_breaking_and_entering,arrestee_black_gambling_equipment_violations,arrestee_black_operating_promoting_assisting_gambling,arrestee_black_sodomy,arrestee_white_gambling_equipment_violations,arrestee_unknown_race_peeping_tom,arrestee_unknown_race_simple_assault,arrestee_unknown_race_trespass_of_real_property,arrestee_white_assisting_or_promoting_prostitution,arrestee_white_pornography_obscene_material,arrestee_black_sexual_assault_with_an_object,arrestee_unknown_race_false_pretenses_swindle_confidence_game,arrestee_asian_aggravated_assault,arrestee_unknown_race_arson,arrestee_white_bribery,arrestee_unknown_race_destruction_damage_vandalism_of_property,arrestee_black_embezzlement,arrestee_black_extortion_blackmail,arrestee_black_impersonation,arrestee_unknown_race_operating_promoting_assisting_gambling,arrestee_black_pornography_obscene_material,arrestee_unknown_race_robbery,arrestee_unknown_race_stolen_property_offenses_receiving_selling_etc,arrestee_black_assisting_or_promoting_prostitution,arrestee_asian_embezzlement,arrestee_black_incest,arrestee_asian_betting_wagering,arrestee_asian_fondling_incident_liberties_child_molest,arrestee_asian_robbery,arrestee_unknown_ethnicity_aggravated_assault,arrestee_unknown_ethnicity_all_other_offenses,arrestee_unknown_ethnicity_bad_checks,arrestee_unknown_ethnicity_burglary_breaking_and_entering,arrestee_unknown_ethnicity_disorderly_conduct,arrestee_unknown_ethnicity_driving_under_the_influence,arrestee_unknown_ethnicity_drug_narcotic_violations,arrestee_unknown_ethnicity_drunkenness,arrestee_unknown_ethnicity_family_offenses_nonviolent,arrestee_unknown_ethnicity_liquor_law_violations,arrestee_unknown_ethnicity_motor_vehicle_theft,arrestee_unknown_ethnicity_robbery,arrestee_unknown_ethnicity_simple_assault,arrestee_unknown_ethnicity_theft,arrestee_unknown_ethnicity_trespass_of_real_property,arrestee_unknown_ethnicity_curfew_loitering_vagrancy_violations,arrestee_unknown_ethnicity_murder_nonnegligent_manslaughter,arrestee_unknown_ethnicity_drug_equipment_violations,arrestee_unknown_ethnicity_rape,arrestee_unknown_ethnicity_counterfeiting_forgery,arrestee_unknown_ethnicity_credit_card_atm_fraud,arrestee_unknown_ethnicity_peeping_tom,arrestee_unknown_ethnicity_runaway,arrestee_unknown_ethnicity_betting_wagering,arrestee_unknown_ethnicity_destruction_damage_vandalism_of_property,arrestee_unknown_ethnicity_fondling_incident_liberties_child_molest,arrestee_unknown_ethnicity_prostitution,arrestee_unknown_ethnicity_stolen_property_offenses_receiving_selling_etc,arrestee_unknown_ethnicity_weapon_law_violations,arrestee_unknown_ethnicity_kidnapping_abduction,arrestee_unknown_ethnicity_arson,arrestee_unknown_ethnicity_intimidation,arrestee_not_hispanic_all_other_offenses,arrestee_not_hispanic_drunkenness,arrestee_not_hispanic_aggravated_assault,arrestee_not_hispanic_burglary_breaking_and_entering,arrestee_not_hispanic_disorderly_conduct,arrestee_not_hispanic_driving_under_the_influence,arrestee_not_hispanic_drug_narcotic_violations,arrestee_not_hispanic_family_offenses_nonviolent,arrestee_not_hispanic_intimidation,arrestee_not_hispanic_liquor_law_violations,arrestee_not_hispanic_simple_assault,arrestee_not_hispanic_theft,arrestee_not_hispanic_bad_checks,arrestee_hispanic_driving_under_the_influence,arrestee_not_hispanic_fondling_incident_liberties_child_molest,arrestee_not_hispanic_motor_vehicle_theft,arrestee_not_hispanic_operating_promoting_assisting_gambling,arrestee_not_hispanic_trespass_of_real_property,arrestee_not_hispanic_weapon_law_violations,arrestee_not_hispanic_counterfeiting_forgery,arrestee_not_hispanic_destruction_damage_vandalism_of_property,arrestee_not_hispanic_stolen_property_offenses_receiving_selling_etc,arrestee_not_hispanic_drug_equipment_violations,arrestee_not_hispanic_kidnapping_abduction,arrestee_hispanic_bad_checks,arrestee_not_hispanic_betting_wagering,arrestee_hispanic_disorderly_conduct,arrestee_unknown_ethnicity_incest,arrestee_not_hispanic_rape,arrestee_not_hispanic_sexual_assault_with_an_object,arrestee_hispanic_aggravated_assault,arrestee_hispanic_burglary_breaking_and_entering,arrestee_unknown_ethnicity_false_pretenses_swindle_confidence_game,arrestee_hispanic_family_offenses_nonviolent,arrestee_unknown_ethnicity_impersonation,arrestee_hispanic_motor_vehicle_theft,arrestee_hispanic_theft,arrestee_not_hispanic_arson,arrestee_not_hispanic_embezzlement,arrestee_not_hispanic_false_pretenses_swindle_confidence_game,arrestee_not_hispanic_robbery,arrestee_not_hispanic_runaway,arrestee_not_hispanic_peeping_tom,arrestee_hispanic_all_other_offenses,arrestee_hispanic_destruction_damage_vandalism_of_property,arrestee_hispanic_drug_narcotic_violations,arrestee_hispanic_intimidation,arrestee_hispanic_liquor_law_violations,arrestee_hispanic_runaway,arrestee_hispanic_stolen_property_offenses_receiving_selling_etc,arrestee_hispanic_trespass_of_real_property,arrestee_hispanic_weapon_law_violations,arrestee_not_hispanic_curfew_loitering_vagrancy_violations,arrestee_hispanic_rape,arrestee_hispanic_simple_assault,arrestee_not_hispanic_credit_card_atm_fraud,arrestee_unknown_ethnicity_statutory_rape,arrestee_not_hispanic_negligent_manslaughter,arrestee_not_hispanic_murder_nonnegligent_manslaughter,arrestee_not_hispanic_prostitution,arrestee_hispanic_curfew_loitering_vagrancy_violations,arrestee_unknown_ethnicity_embezzlement,arrestee_unknown_ethnicity_welfare_fraud,arrestee_hispanic_drunkenness,arrestee_not_hispanic_statutory_rape,arrestee_not_hispanic_wire_fraud,arrestee_not_hispanic_extortion_blackmail,arrestee_hispanic_sodomy,arrestee_unknown_ethnicity_sexual_assault_with_an_object,arrestee_not_hispanic_sodomy,arrestee_not_hispanic_gambling_equipment_violations,arrestee_unknown_ethnicity_assisting_or_promoting_prostitution,arrestee_unknown_ethnicity_sodomy,arrestee_not_hispanic_pornography_obscene_material,arrestee_unknown_ethnicity_bribery,arrestee_unknown_ethnicity_extortion_blackmail,arrestee_unknown_ethnicity_gambling_equipment_violations,arrestee_unknown_ethnicity_operating_promoting_assisting_gambling,arrestee_unknown_ethnicity_pornography_obscene_material,arrestee_hispanic_robbery,arrestee_unknown_ethnicity_wire_fraud,arrestee_hispanic_credit_card_atm_fraud,arrestee_hispanic_false_pretenses_swindle_confidence_game,arrestee_not_hispanic_impersonation,arrestee_hispanic_murder_nonnegligent_manslaughter,arrestee_hispanic_assisting_or_promoting_prostitution,arrestee_not_hispanic_assisting_or_promoting_prostitution,arrestee_not_hispanic_incest,arrestee_hispanic_counterfeiting_forgery,arrestee_adult_aggravated_assault,arrestee_juvenile_aggravated_assault,arrestee_adult_all_other_offenses,arrestee_adult_bad_checks,arrestee_adult_burglary_breaking_and_entering,arrestee_juvenile_burglary_breaking_and_entering,arrestee_adult_disorderly_conduct,arrestee_adult_driving_under_the_influence,arrestee_adult_drug_narcotic_violations,arrestee_juvenile_drug_narcotic_violations,arrestee_adult_drunkenness,arrestee_adult_family_offenses_nonviolent,arrestee_adult_liquor_law_violations,arrestee_juvenile_motor_vehicle_theft,arrestee_adult_robbery,arrestee_juvenile_robbery,arrestee_adult_simple_assault,arrestee_adult_theft,arrestee_juvenile_theft,arrestee_adult_trespass_of_real_property,arrestee_adult_curfew_loitering_vagrancy_violations,arrestee_adult_motor_vehicle_theft,arrestee_adult_murder_nonnegligent_manslaughter,arrestee_juvenile_murder_nonnegligent_manslaughter,arrestee_juvenile_simple_assault,arrestee_juvenile_all_other_offenses,arrestee_juvenile_disorderly_conduct,arrestee_juvenile_family_offenses_nonviolent,arrestee_unknown_age_family_offenses_nonviolent,arrestee_adult_drug_equipment_violations,arrestee_adult_rape,arrestee_juvenile_bad_checks,arrestee_adult_counterfeiting_forgery,arrestee_adult_credit_card_atm_fraud,arrestee_juvenile_trespass_of_real_property,arrestee_adult_peeping_tom,arrestee_juvenile_runaway,arrestee_juvenile_driving_under_the_influence,arrestee_adult_betting_wagering,arrestee_juvenile_credit_card_atm_fraud,arrestee_juvenile_curfew_loitering_vagrancy_violations,arrestee_adult_destruction_damage_vandalism_of_property,arrestee_juvenile_destruction_damage_vandalism_of_property,arrestee_juvenile_drunkenness,arrestee_juvenile_fondling_incident_liberties_child_molest,arrestee_juvenile_liquor_law_violations,arrestee_adult_prostitution,arrestee_unknown_age_simple_assault,arrestee_adult_stolen_property_offenses_receiving_selling_etc,arrestee_juvenile_stolen_property_offenses_receiving_selling_etc,arrestee_unknown_age_trespass_of_real_property,arrestee_adult_weapon_law_violations,arrestee_juvenile_weapon_law_violations,arrestee_juvenile_rape,arrestee_adult_kidnapping_abduction,arrestee_adult_arson,arrestee_adult_intimidation,arrestee_adult_fondling_incident_liberties_child_molest,arrestee_adult_operating_promoting_assisting_gambling,arrestee_unknown_age_liquor_law_violations,arrestee_unknown_age_all_other_offenses,arrestee_unknown_age_betting_wagering,arrestee_adult_incest,arrestee_adult_sexual_assault_with_an_object,arrestee_juvenile_arson,arrestee_unknown_age_burglary_breaking_and_entering,arrestee_juvenile_counterfeiting_forgery,arrestee_unknown_age_counterfeiting_forgery,arrestee_juvenile_drug_equipment_violations,arrestee_adult_false_pretenses_swindle_confidence_game,arrestee_unknown_age_false_pretenses_swindle_confidence_game,arrestee_adult_impersonation,arrestee_juvenile_intimidation,arrestee_unknown_age_motor_vehicle_theft,arrestee_unknown_age_robbery,arrestee_unknown_age_theft,arrestee_adult_embezzlement,arrestee_unknown_age_driving_under_the_influence,arrestee_unknown_age_bad_checks,arrestee_juvenile_peeping_tom,arrestee_unknown_age_disorderly_conduct,arrestee_unknown_age_aggravated_assault,arrestee_unknown_age_destruction_damage_vandalism_of_property,arrestee_adult_statutory_rape,arrestee_juvenile_negligent_manslaughter,arrestee_unknown_age_drug_narcotic_violations,arrestee_juvenile_false_pretenses_swindle_confidence_game,arrestee_unknown_age_intimidation,arrestee_unknown_age_drunkenness,arrestee_adult_welfare_fraud,arrestee_adult_wire_fraud,arrestee_adult_extortion_blackmail,arrestee_juvenile_sodomy,arrestee_juvenile_sexual_assault_with_an_object,arrestee_adult_sodomy,arrestee_juvenile_kidnapping_abduction,arrestee_juvenile_betting_wagering,arrestee_adult_gambling_equipment_violations,arrestee_adult_assisting_or_promoting_prostitution,arrestee_adult_pornography_obscene_material,arrestee_adult_bribery,arrestee_juvenile_extortion_blackmail,arrestee_juvenile_prostitution,arrestee_juvenile_statutory_rape,arrestee_on_view_arrest_aggravated_assault,arrestee_taken_into_custody_aggravated_assault,arrestee_on_view_arrest_all_other_offenses,arrestee_taken_into_custody_all_other_offenses,arrestee_on_view_arrest_bad_checks,arrestee_taken_into_custody_bad_checks,arrestee_on_view_arrest_burglary_breaking_and_entering,arrestee_taken_into_custody_burglary_breaking_and_entering,arrestee_on_view_arrest_disorderly_conduct,arrestee_taken_into_custody_disorderly_conduct,arrestee_on_view_arrest_driving_under_the_influence,arrestee_taken_into_custody_driving_under_the_influence,arrestee_on_view_arrest_drug_narcotic_violations,arrestee_taken_into_custody_drug_narcotic_violations,arrestee_on_view_arrest_drunkenness,arrestee_taken_into_custody_drunkenness,arrestee_on_view_arrest_family_offenses_nonviolent,arrestee_taken_into_custody_family_offenses_nonviolent,arrestee_on_view_arrest_liquor_law_violations,arrestee_taken_into_custody_liquor_law_violations,arrestee_on_view_arrest_motor_vehicle_theft,arrestee_on_view_arrest_robbery,arrestee_taken_into_custody_robbery,arrestee_on_view_arrest_simple_assault,arrestee_taken_into_custody_simple_assault,arrestee_on_view_arrest_theft,arrestee_taken_into_custody_theft,arrestee_on_view_arrest_trespass_of_real_property,arrestee_taken_into_custody_trespass_of_real_property,arrestee_on_view_arrest_curfew_loitering_vagrancy_violations,arrestee_on_view_arrest_murder_nonnegligent_manslaughter,arrestee_taken_into_custody_curfew_loitering_vagrancy_violations,arrestee_taken_into_custody_murder_nonnegligent_manslaughter,arrestee_on_view_arrest_drug_equipment_violations,arrestee_on_view_arrest_rape,arrestee_on_view_arrest_counterfeiting_forgery,arrestee_on_view_arrest_credit_card_atm_fraud,arrestee_taken_into_custody_peeping_tom,arrestee_on_view_arrest_runaway,arrestee_on_view_arrest_peeping_tom,arrestee_on_view_arrest_betting_wagering,arrestee_on_view_arrest_destruction_damage_vandalism_of_property,arrestee_taken_into_custody_destruction_damage_vandalism_of_property,arrestee_on_view_arrest_fondling_incident_liberties_child_molest,arrestee_on_view_arrest_prostitution,arrestee_taken_into_custody_prostitution,arrestee_on_view_arrest_stolen_property_offenses_receiving_selling_etc,arrestee_taken_into_custody_stolen_property_offenses_receiving_selling_etc,arrestee_on_view_arrest_weapon_law_violations,arrestee_taken_into_custody_motor_vehicle_theft,arrestee_taken_into_custody_kidnapping_abduction,arrestee_taken_into_custody_arson,arrestee_on_view_arrest_intimidation,arrestee_taken_into_custody_intimidation,arrestee_taken_into_custody_rape,arrestee_taken_into_custody_drug_equipment_violations,arrestee_on_view_arrest_kidnapping_abduction,arrestee_taken_into_custody_runaway,arrestee_taken_into_custody_counterfeiting_forgery,arrestee_summoned_cited_all_other_offenses,arrestee_summoned_cited_disorderly_conduct,arrestee_summoned_cited_liquor_law_violations,arrestee_summoned_cited_theft,arrestee_summoned_cited_bad_checks,arrestee_summoned_cited_burglary_breaking_and_entering,arrestee_summoned_cited_driving_under_the_influence,arrestee_summoned_cited_fondling_incident_liberties_child_molest,arrestee_summoned_cited_intimidation,arrestee_summoned_cited_motor_vehicle_theft,arrestee_summoned_cited_operating_promoting_assisting_gambling,arrestee_summoned_cited_simple_assault,arrestee_summoned_cited_trespass_of_real_property,arrestee_taken_into_custody_weapon_law_violations,arrestee_summoned_cited_destruction_damage_vandalism_of_property,arrestee_summoned_cited_stolen_property_offenses_receiving_selling_etc,arrestee_taken_into_custody_incest,arrestee_on_view_arrest_sexual_assault_with_an_object,arrestee_summoned_cited_aggravated_assault,arrestee_on_view_arrest_arson,arrestee_summoned_cited_arson,arrestee_summoned_cited_counterfeiting_forgery,arrestee_summoned_cited_drug_equipment_violations,arrestee_summoned_cited_drug_narcotic_violations,arrestee_summoned_cited_false_pretenses_swindle_confidence_game,arrestee_summoned_cited_family_offenses_nonviolent,arrestee_summoned_cited_impersonation,arrestee_summoned_cited_rape,arrestee_summoned_cited_robbery,arrestee_taken_into_custody_embezzlement,arrestee_taken_into_custody_false_pretenses_swindle_confidence_game,arrestee_summoned_cited_runaway,arrestee_summoned_cited_peeping_tom,arrestee_summoned_cited_weapon_law_violations,arrestee_summoned_cited_curfew_loitering_vagrancy_violations,arrestee_taken_into_custody_fondling_incident_liberties_child_molest,arrestee_summoned_cited_credit_card_atm_fraud,arrestee_taken_into_custody_statutory_rape,arrestee_taken_into_custody_negligent_manslaughter,arrestee_summoned_cited_drunkenness,arrestee_taken_into_custody_welfare_fraud,arrestee_summoned_cited_betting_wagering,arrestee_taken_into_custody_betting_wagering,arrestee_taken_into_custody_credit_card_atm_fraud,arrestee_on_view_arrest_false_pretenses_swindle_confidence_game,arrestee_summoned_cited_murder_nonnegligent_manslaughter,arrestee_taken_into_custody_wire_fraud,arrestee_on_view_arrest_extortion_blackmail,arrestee_taken_into_custody_sodomy,arrestee_taken_into_custody_sexual_assault_with_an_object,arrestee_on_view_arrest_gambling_equipment_violations,arrestee_on_view_arrest_operating_promoting_assisting_gambling,arrestee_taken_into_custody_gambling_equipment_violations,arrestee_taken_into_custody_assisting_or_promoting_prostitution,arrestee_summoned_cited_kidnapping_abduction,arrestee_taken_into_custody_pornography_obscene_material,arrestee_on_view_arrest_sodomy,arrestee_summoned_cited_sexual_assault_with_an_object,arrestee_on_view_arrest_embezzlement,arrestee_summoned_cited_gambling_equipment_violations,arrestee_taken_into_custody_bribery,arrestee_summoned_cited_extortion_blackmail,arrestee_on_view_arrest_impersonation,arrestee_taken_into_custody_operating_promoting_assisting_gambling,arrestee_on_view_arrest_assisting_or_promoting_prostitution,arrestee_taken_into_custody_impersonation,arrestee_on_view_arrest_incest,arrestee_on_view_arrest_pornography_obscene_material,arrestee_summoned_cited_prostitution,victim_aggravated_assault,victim_burglary_breaking_and_entering,victim_destruction_damage_vandalism_of_property,victim_drug_equipment_violations,victim_drug_narcotic_violations,victim_intimidation,victim_motor_vehicle_theft,victim_murder_nonnegligent_manslaughter,victim_rape,victim_robbery,victim_simple_assault,victim_sodomy,victim_theft,victim_arson,victim_assisting_or_promoting_prostitution,victim_betting_wagering,victim_counterfeiting_forgery,victim_credit_card_atm_fraud,victim_embezzlement,victim_extortion_blackmail,victim_false_pretenses_swindle_confidence_game,victim_fondling_incident_liberties_child_molest,victim_impersonation,victim_incest,victim_kidnapping_abduction,victim_operating_promoting_assisting_gambling,victim_pornography_obscene_material,victim_prostitution,victim_stolen_property_offenses_receiving_selling_etc,victim_weapon_law_violations,victim_gambling_equipment_violations,victim_statutory_rape,victim_negligent_manslaughter,victim_sexual_assault_with_an_object,victim_welfare_fraud,victim_wire_fraud,victim_bribery,victim_justifiable_homicide,victim_female_aggravated_assault,victim_male_aggravated_assault,victim_unknown_sex_aggravated_assault,victim_female_burglary_breaking_and_entering,victim_male_burglary_breaking_and_entering,victim_unknown_sex_burglary_breaking_and_entering,victim_female_destruction_damage_vandalism_of_property,victim_male_destruction_damage_vandalism_of_property,victim_unknown_sex_destruction_damage_vandalism_of_property,victim_female_intimidation,victim_female_motor_vehicle_theft,victim_male_motor_vehicle_theft,victim_unknown_sex_motor_vehicle_theft,victim_female_murder_nonnegligent_manslaughter,victim_male_murder_nonnegligent_manslaughter,victim_female_rape,victim_female_robbery,victim_male_robbery,victim_unknown_sex_robbery,victim_female_simple_assault,victim_male_simple_assault,victim_unknown_sex_simple_assault,victim_female_sodomy,victim_male_sodomy,victim_female_theft,victim_male_theft,victim_unknown_sex_theft,victim_female_arson,victim_male_arson,victim_unknown_sex_arson,victim_female_counterfeiting_forgery,victim_male_counterfeiting_forgery,victim_unknown_sex_counterfeiting_forgery,victim_female_credit_card_atm_fraud,victim_male_credit_card_atm_fraud,victim_unknown_sex_credit_card_atm_fraud,victim_female_embezzlement,victim_male_embezzlement,victim_unknown_sex_embezzlement,victim_male_extortion_blackmail,victim_female_false_pretenses_swindle_confidence_game,victim_male_false_pretenses_swindle_confidence_game,victim_unknown_sex_false_pretenses_swindle_confidence_game,victim_female_fondling_incident_liberties_child_molest,victim_female_impersonation,victim_male_impersonation,victim_female_incest,victim_female_kidnapping_abduction,victim_male_kidnapping_abduction,victim_unknown_sex_kidnapping_abduction,victim_unknown_sex_murder_nonnegligent_manslaughter,victim_male_rape,victim_female_stolen_property_offenses_receiving_selling_etc,victim_male_stolen_property_offenses_receiving_selling_etc,victim_unknown_sex_stolen_property_offenses_receiving_selling_etc,victim_male_intimidation,victim_male_fondling_incident_liberties_child_molest,victim_unknown_sex_extortion_blackmail,victim_unknown_sex_fondling_incident_liberties_child_molest,victim_unknown_sex_impersonation,victim_unknown_sex_incest,victim_unknown_sex_intimidation,victim_female_statutory_rape,victim_female_negligent_manslaughter,victim_male_negligent_manslaughter,victim_female_sexual_assault_with_an_object,victim_male_statutory_rape,victim_male_incest,victim_male_sexual_assault_with_an_object,victim_female_extortion_blackmail,victim_female_wire_fraud,victim_male_wire_fraud,victim_female_bribery,victim_male_bribery,victim_female_welfare_fraud,victim_male_justifiable_homicide,victim_american_indian_aggravated_assault,victim_black_aggravated_assault,victim_unknown_race_aggravated_assault,victim_white_aggravated_assault,victim_black_burglary_breaking_and_entering,victim_unknown_race_burglary_breaking_and_entering,victim_white_burglary_breaking_and_entering,victim_black_destruction_damage_vandalism_of_property,victim_unknown_race_destruction_damage_vandalism_of_property,victim_white_destruction_damage_vandalism_of_property,victim_black_intimidation,victim_white_intimidation,victim_black_motor_vehicle_theft,victim_unknown_race_motor_vehicle_theft,victim_white_motor_vehicle_theft,victim_black_murder_nonnegligent_manslaughter,victim_white_murder_nonnegligent_manslaughter,victim_black_rape,victim_white_rape,victim_black_robbery,victim_unknown_race_robbery,victim_white_robbery,victim_asian_simple_assault,victim_black_simple_assault,victim_unknown_race_simple_assault,victim_white_simple_assault,victim_black_sodomy,victim_white_sodomy,victim_asian_theft,victim_black_theft,victim_unknown_race_theft,victim_white_theft,victim_asian_burglary_breaking_and_entering,victim_asian_aggravated_assault,victim_black_arson,victim_unknown_race_arson,victim_white_arson,victim_american_indian_burglary_breaking_and_entering,victim_asian_counterfeiting_forgery,victim_black_counterfeiting_forgery,victim_unknown_race_counterfeiting_forgery,victim_white_counterfeiting_forgery,victim_black_credit_card_atm_fraud,victim_unknown_race_credit_card_atm_fraud,victim_white_credit_card_atm_fraud,victim_american_indian_destruction_damage_vandalism_of_property,victim_asian_destruction_damage_vandalism_of_property,victim_black_embezzlement,victim_unknown_race_embezzlement,victim_white_embezzlement,victim_white_extortion_blackmail,victim_asian_false_pretenses_swindle_confidence_game,victim_black_false_pretenses_swindle_confidence_game,victim_unknown_race_false_pretenses_swindle_confidence_game,victim_white_false_pretenses_swindle_confidence_game,victim_black_fondling_incident_liberties_child_molest,victim_unknown_race_fondling_incident_liberties_child_molest,victim_white_fondling_incident_liberties_child_molest,victim_black_impersonation,victim_white_impersonation,victim_black_incest,victim_white_incest,victim_black_kidnapping_abduction,victim_unknown_race_kidnapping_abduction,victim_white_kidnapping_abduction,victim_american_indian_motor_vehicle_theft,victim_asian_motor_vehicle_theft,victim_unknown_race_murder_nonnegligent_manslaughter,victim_unknown_race_rape,victim_asian_robbery,victim_american_indian_simple_assault,victim_unknown_race_sodomy,victim_black_stolen_property_offenses_receiving_selling_etc,victim_unknown_race_stolen_property_offenses_receiving_selling_etc,victim_white_stolen_property_offenses_receiving_selling_etc,victim_american_indian_theft,victim_american_indian_robbery,victim_unknown_race_extortion_blackmail,victim_unknown_race_impersonation,victim_unknown_race_incest,victim_unknown_race_intimidation,victim_asian_murder_nonnegligent_manslaughter,victim_asian_rape,victim_black_statutory_rape,victim_white_statutory_rape,victim_black_negligent_manslaughter,victim_white_negligent_manslaughter,victim_asian_intimidation,victim_american_indian_rape,victim_american_indian_intimidation,victim_american_indian_kidnapping_abduction,victim_unknown_race_sexual_assault_with_an_object,victim_unknown_race_statutory_rape,victim_american_indian_fondling_incident_liberties_child_molest,victim_white_sexual_assault_with_an_object,victim_american_indian_statutory_rape,victim_american_indian_counterfeiting_forgery,victim_american_indian_arson,victim_black_sexual_assault_with_an_object,victim_black_extortion_blackmail,victim_asian_kidnapping_abduction,victim_asian_sodomy,victim_white_wire_fraud,victim_black_wire_fraud,victim_asian_fondling_incident_liberties_child_molest,victim_asian_arson,victim_asian_statutory_rape,victim_black_bribery,victim_white_bribery,victim_white_welfare_fraud,victim_white_justifiable_homicide,victim_american_indian_false_pretenses_swindle_confidence_game,victim_asian_extortion_blackmail,victim_unknown_race_wire_fraud,victim_black_justifiable_homicide,victim_american_indian_stolen_property_offenses_receiving_selling_etc,victim_unknown_ethnicity_aggravated_assault,victim_unknown_ethnicity_burglary_breaking_and_entering,victim_unknown_ethnicity_destruction_damage_vandalism_of_property,victim_unknown_ethnicity_intimidation,victim_unknown_ethnicity_motor_vehicle_theft,victim_unknown_ethnicity_murder_nonnegligent_manslaughter,victim_unknown_ethnicity_rape,victim_unknown_ethnicity_robbery,victim_unknown_ethnicity_simple_assault,victim_unknown_ethnicity_sodomy,victim_unknown_ethnicity_theft,victim_unknown_ethnicity_arson,victim_unknown_ethnicity_counterfeiting_forgery,victim_unknown_ethnicity_credit_card_atm_fraud,victim_unknown_ethnicity_embezzlement,victim_unknown_ethnicity_extortion_blackmail,victim_unknown_ethnicity_false_pretenses_swindle_confidence_game,victim_unknown_ethnicity_fondling_incident_liberties_child_molest,victim_unknown_ethnicity_impersonation,victim_unknown_ethnicity_incest,victim_unknown_ethnicity_kidnapping_abduction,victim_unknown_ethnicity_stolen_property_offenses_receiving_selling_etc,victim_unknown_ethnicity_statutory_rape,victim_unknown_ethnicity_negligent_manslaughter,victim_not_hispanic_aggravated_assault,victim_not_hispanic_burglary_breaking_and_entering,victim_not_hispanic_destruction_damage_vandalism_of_property,victim_not_hispanic_intimidation,victim_not_hispanic_simple_assault,victim_not_hispanic_theft,victim_not_hispanic_fondling_incident_liberties_child_molest,victim_not_hispanic_motor_vehicle_theft,victim_not_hispanic_counterfeiting_forgery,victim_not_hispanic_false_pretenses_swindle_confidence_game,victim_not_hispanic_kidnapping_abduction,victim_unknown_ethnicity_sexual_assault_with_an_object,victim_hispanic_burglary_breaking_and_entering,victim_hispanic_counterfeiting_forgery,victim_hispanic_motor_vehicle_theft,victim_hispanic_simple_assault,victim_hispanic_theft,victim_not_hispanic_arson,victim_hispanic_destruction_damage_vandalism_of_property,victim_not_hispanic_impersonation,victim_not_hispanic_robbery,victim_not_hispanic_statutory_rape,victim_hispanic_intimidation,victim_not_hispanic_rape,victim_not_hispanic_sexual_assault_with_an_object,victim_hispanic_aggravated_assault,victim_not_hispanic_credit_card_atm_fraud,victim_not_hispanic_extortion_blackmail,victim_not_hispanic_sodomy,victim_hispanic_statutory_rape,victim_not_hispanic_incest,victim_not_hispanic_stolen_property_offenses_receiving_selling_etc,victim_not_hispanic_negligent_manslaughter,victim_not_hispanic_murder_nonnegligent_manslaughter,victim_hispanic_murder_nonnegligent_manslaughter,victim_not_hispanic_embezzlement,victim_hispanic_robbery,victim_hispanic_false_pretenses_swindle_confidence_game,victim_hispanic_sodomy,victim_not_hispanic_wire_fraud,victim_hispanic_rape,victim_hispanic_arson,victim_not_hispanic_bribery,victim_hispanic_kidnapping_abduction,victim_hispanic_credit_card_atm_fraud,victim_unknown_ethnicity_welfare_fraud,victim_not_hispanic_justifiable_homicide,victim_unknown_ethnicity_wire_fraud,victim_hispanic_fondling_incident_liberties_child_molest,victim_hispanic_stolen_property_offenses_receiving_selling_etc,victim_adult_aggravated_assault,victim_juvenile_aggravated_assault,victim_unknown_age_aggravated_assault,victim_adult_burglary_breaking_and_entering,victim_juvenile_burglary_breaking_and_entering,victim_unknown_age_burglary_breaking_and_entering,victim_adult_destruction_damage_vandalism_of_property,victim_juvenile_destruction_damage_vandalism_of_property,victim_unknown_age_destruction_damage_vandalism_of_property,victim_adult_intimidation,victim_adult_motor_vehicle_theft,victim_unknown_age_motor_vehicle_theft,victim_adult_murder_nonnegligent_manslaughter,victim_juvenile_murder_nonnegligent_manslaughter,victim_unknown_age_murder_nonnegligent_manslaughter,victim_adult_rape,victim_juvenile_rape,victim_unknown_age_rape,victim_adult_robbery,victim_juvenile_robbery,victim_unknown_age_robbery,victim_adult_simple_assault,victim_juvenile_simple_assault,victim_unknown_age_simple_assault,victim_adult_sodomy,victim_juvenile_sodomy,victim_adult_theft,victim_juvenile_theft,victim_unknown_age_theft,victim_juvenile_motor_vehicle_theft,victim_adult_arson,victim_juvenile_arson,victim_unknown_age_arson,victim_adult_counterfeiting_forgery,victim_juvenile_counterfeiting_forgery,victim_unknown_age_counterfeiting_forgery,victim_adult_credit_card_atm_fraud,victim_unknown_age_credit_card_atm_fraud,victim_adult_embezzlement,victim_unknown_age_embezzlement,victim_adult_extortion_blackmail,victim_adult_false_pretenses_swindle_confidence_game,victim_juvenile_false_pretenses_swindle_confidence_game,victim_unknown_age_false_pretenses_swindle_confidence_game,victim_juvenile_fondling_incident_liberties_child_molest,victim_adult_impersonation,victim_unknown_age_impersonation,victim_juvenile_incest,victim_adult_kidnapping_abduction,victim_juvenile_kidnapping_abduction,victim_unknown_age_kidnapping_abduction,victim_adult_stolen_property_offenses_receiving_selling_etc,victim_juvenile_stolen_property_offenses_receiving_selling_etc,victim_unknown_age_stolen_property_offenses_receiving_selling_etc,victim_juvenile_intimidation,victim_unknown_age_intimidation,victim_unknown_age_extortion_blackmail,victim_unknown_age_fondling_incident_liberties_child_molest,victim_unknown_age_incest,victim_adult_statutory_rape,victim_juvenile_statutory_rape,victim_adult_fondling_incident_liberties_child_molest,victim_adult_negligent_manslaughter,victim_juvenile_sexual_assault_with_an_object,victim_juvenile_negligent_manslaughter,victim_adult_sexual_assault_with_an_object,victim_adult_incest,victim_unknown_age_statutory_rape,victim_juvenile_impersonation,victim_unknown_age_sodomy,victim_adult_wire_fraud,victim_juvenile_credit_card_atm_fraud,victim_adult_bribery,victim_adult_welfare_fraud,victim_adult_justifiable_homicide,victim_juvenile_extortion_blackmail,victim_unknown_age_sexual_assault_with_an_object,victim_unknown_age_wire_fraud,victim_minor_injury_aggravated_assault,victim_no_injury_aggravated_assault,victim_minor_injury_rape,victim_no_injury_rape,victim_minor_injury_robbery,victim_no_injury_robbery,victim_minor_injury_simple_assault,victim_no_injury_simple_assault,victim_minor_injury_sodomy,victim_no_injury_sodomy,victim_no_injury_extortion_blackmail,victim_no_injury_fondling_incident_liberties_child_molest,victim_minor_injury_kidnapping_abduction,victim_no_injury_kidnapping_abduction,victim_serious_injury_aggravated_assault,victim_serious_injury_simple_assault,victim_no_injury_sexual_assault_with_an_object,victim_minor_injury_fondling_incident_liberties_child_molest,victim_serious_injury_robbery,victim_minor_injury_sexual_assault_with_an_object,victim_serious_injury_rape,victim_serious_injury_sexual_assault_with_an_object,victim_serious_injury_sodomy,victim_serious_injury_fondling_incident_liberties_child_molest,victim_serious_injury_kidnapping_abduction,victim_serious_injury_extortion_blackmail,victim_unknown_injury_robbery,victim_unknown_injury_extortion_blackmail,victim_intimate_partner_aggravated_assault,victim_other_family_aggravated_assault,victim_other_relationship_aggravated_assault,victim_stranger_aggravated_assault,victim_unknown_relationship_aggravated_assault,victim_unknown_relationship_burglary_breaking_and_entering,victim_unknown_relationship_destruction_damage_vandalism_of_property,victim_other_family_intimidation,victim_other_relationship_intimidation,victim_unknown_relationship_motor_vehicle_theft,victim_intimate_partner_murder_nonnegligent_manslaughter,victim_other_family_murder_nonnegligent_manslaughter,victim_other_relationship_murder_nonnegligent_manslaughter,victim_unknown_relationship_murder_nonnegligent_manslaughter,victim_intimate_partner_rape,victim_other_family_rape,victim_other_relationship_rape,victim_stranger_rape,victim_unknown_relationship_rape,victim_intimate_partner_robbery,victim_other_family_robbery,victim_other_relationship_robbery,victim_stranger_robbery,victim_unknown_relationship_robbery,victim_intimate_partner_simple_assault,victim_other_family_simple_assault,victim_other_relationship_simple_assault,victim_stranger_simple_assault,victim_unknown_relationship_simple_assault,victim_other_family_sodomy,victim_other_relationship_sodomy,victim_unknown_relationship_sodomy,victim_unknown_relationship_theft,victim_stranger_murder_nonnegligent_manslaughter,victim_stranger_sodomy,victim_unknown_relationship_arson,victim_unknown_relationship_counterfeiting_forgery,victim_unknown_relationship_credit_card_atm_fraud,victim_unknown_relationship_embezzlement,victim_unknown_relationship_extortion_blackmail,victim_unknown_relationship_false_pretenses_swindle_confidence_game,victim_other_family_fondling_incident_liberties_child_molest,victim_other_relationship_fondling_incident_liberties_child_molest,victim_stranger_fondling_incident_liberties_child_molest,victim_unknown_relationship_fondling_incident_liberties_child_molest,victim_unknown_relationship_impersonation,victim_other_family_incest,victim_intimate_partner_kidnapping_abduction,victim_other_family_kidnapping_abduction,victim_other_relationship_kidnapping_abduction,victim_stranger_kidnapping_abduction,victim_unknown_relationship_kidnapping_abduction,victim_intimate_partner_sodomy,victim_unknown_relationship_stolen_property_offenses_receiving_selling_etc,victim_intimate_partner_intimidation,victim_unknown_relationship_intimidation,victim_stranger_intimidation,victim_intimate_partner_statutory_rape,victim_other_relationship_statutory_rape,victim_unknown_relationship_statutory_rape,victim_intimate_partner_negligent_manslaughter,victim_stranger_negligent_manslaughter,victim_other_family_statutory_rape,victim_other_relationship_destruction_damage_vandalism_of_property,victim_unknown_relationship_incest,victim_other_relationship_sexual_assault_with_an_object,victim_unknown_relationship_sexual_assault_with_an_object,victim_other_relationship_stolen_property_offenses_receiving_selling_etc,victim_other_relationship_theft,victim_intimate_partner_destruction_damage_vandalism_of_property,victim_other_family_destruction_damage_vandalism_of_property,victim_other_relationship_burglary_breaking_and_entering,victim_stranger_destruction_damage_vandalism_of_property,victim_other_relationship_extortion_blackmail,victim_intimate_partner_fondling_incident_liberties_child_molest,victim_intimate_partner_motor_vehicle_theft,victim_intimate_partner_sexual_assault_with_an_object,victim_intimate_partner_theft,victim_stranger_theft,victim_stranger_statutory_rape,victim_stranger_motor_vehicle_theft,victim_stranger_burglary_breaking_and_entering,victim_other_family_negligent_manslaughter,victim_other_family_sexual_assault_with_an_object,victim_intimate_partner_burglary_breaking_and_entering,victim_other_relationship_motor_vehicle_theft,victim_other_relationship_false_pretenses_swindle_confidence_game,victim_other_relationship_arson,victim_other_family_theft,victim_stranger_arson,victim_other_relationship_negligent_manslaughter,victim_stranger_false_pretenses_swindle_confidence_game,victim_stranger_extortion_blackmail,victim_other_family_arson,victim_other_family_burglary_breaking_and_entering,victim_intimate_partner_arson,victim_stranger_sexual_assault_with_an_object,victim_unknown_relationship_wire_fraud,victim_other_family_motor_vehicle_theft,victim_intimate_partner_stolen_property_offenses_receiving_selling_etc,victim_other_family_credit_card_atm_fraud,victim_unknown_relationship_bribery,victim_other_family_counterfeiting_forgery,victim_unknown_relationship_welfare_fraud,victim_intimate_partner_counterfeiting_forgery,victim_intimate_partner_incest,victim_other_family_justifiable_homicide,victim_intimate_partner_false_pretenses_swindle_confidence_game,victim_stranger_stolen_property_offenses_receiving_selling_etc,victim_other_family_false_pretenses_swindle_confidence_game,victim_stranger_incest,victim_stranger_counterfeiting_forgery,victim_other_relationship_incest,victim_stranger_justifiable_homicide,victim_stranger_credit_card_atm_fraud,victim_stranger_impersonation,victim_other_relationship_credit_card_atm_fraud,offense_no_gun_justifiable_homicide,offense_handgun_fondling_incident_liberties_child_molest,offense_death_of_suspect_arson,offense_juvenile_no_custody_drug_narcotic_violations,offense_juvenile_no_custody_drug_equipment_violations,offense_juvenile_no_custody_embezzlement,offense_death_of_suspect_drug_narcotic_violations,offense_juvenile_no_custody_incest,offense_victim_refused_to_cooperate_pornography_obscene_material,offense_juvenile_no_custody_prostitution,offense_juvenile_no_custody_impersonation,offense_death_of_suspect_credit_card_atm_fraud,offense_death_of_suspect_justifiable_homicide,offense_extradition_denied_kidnapping_abduction,offense_extradition_denied_robbery,offense_extradition_denied_sexual_assault_with_an_object,offense_death_of_suspect_embezzlement,offense_extradition_denied_arson,offense_school_embezzlement,offense_school_stolen_property_offenses_receiving_selling_etc,offense_school_operating_promoting_assisting_gambling,offense_school_extortion_blackmail,offense_school_statutory_rape,offense_school_prostitution,offense_school_sexual_assault_with_an_object,offense_school_wire_fraud,offense_bar_nightclub_justifiable_homicide,offender_unknown_sex_negligent_manslaughter,offender_female_negligent_manslaughter,offender_unknown_race_negligent_manslaughter,offender_american_indian_embezzlement,offender_american_indian_prostitution,offender_american_indian_incest,offender_asian_sexual_assault_with_an_object,offender_asian_sodomy,offender_american_indian_impersonation,offender_american_indian_sodomy,offender_american_indian_extortion_blackmail,offender_unknown_age_negligent_manslaughter,arrestee_sports_tampering,arrestee_female_bribery,arrestee_female_negligent_manslaughter,arrestee_female_sodomy,arrestee_female_statutory_rape,arrestee_female_incest,arrestee_female_welfare_fraud,arrestee_male_wire_fraud,arrestee_male_sports_tampering,arrestee_female_sexual_assault_with_an_object,arrestee_female_sports_tampering,arrestee_unknown_race_aggravated_assault,arrestee_unknown_race_curfew_loitering_vagrancy_violations,arrestee_asian_destruction_damage_vandalism_of_property,arrestee_white_welfare_fraud,arrestee_unknown_race_statutory_rape,arrestee_unknown_race_credit_card_atm_fraud,arrestee_american_indian_false_pretenses_swindle_confidence_game,arrestee_american_indian_fondling_incident_liberties_child_molest,arrestee_asian_murder_nonnegligent_manslaughter,arrestee_unknown_race_prostitution,arrestee_unknown_race_fondling_incident_liberties_child_molest,arrestee_american_indian_prostitution,arrestee_unknown_race_rape,arrestee_american_indian_credit_card_atm_fraud,arrestee_american_indian_incest,arrestee_asian_kidnapping_abduction,arrestee_asian_drug_equipment_violations,arrestee_american_indian_impersonation,arrestee_asian_impersonation,arrestee_asian_credit_card_atm_fraud,arrestee_asian_wire_fraud,arrestee_unknown_race_drug_equipment_violations,arrestee_black_negligent_manslaughter,arrestee_american_indian_arson,arrestee_american_indian_statutory_rape,arrestee_unknown_race_weapon_law_violations,arrestee_black_sports_tampering,arrestee_unknown_race_family_offenses_nonviolent,arrestee_unknown_race_murder_nonnegligent_manslaughter,arrestee_black_wire_fraud,arrestee_unknown_race_embezzlement,arrestee_asian_arson,arrestee_american_indian_betting_wagering,arrestee_white_sports_tampering,arrestee_hispanic_arson,arrestee_hispanic_drug_equipment_violations,arrestee_hispanic_embezzlement,arrestee_hispanic_fondling_incident_liberties_child_molest,arrestee_not_hispanic_welfare_fraud,arrestee_hispanic_statutory_rape,arrestee_hispanic_impersonation,arrestee_hispanic_kidnapping_abduction,arrestee_hispanic_extortion_blackmail,arrestee_hispanic_incest,arrestee_hispanic_welfare_fraud,arrestee_hispanic_negligent_manslaughter,arrestee_unknown_ethnicity_negligent_manslaughter,arrestee_hispanic_prostitution,arrestee_not_hispanic_sports_tampering,arrestee_hispanic_sexual_assault_with_an_object,arrestee_juvenile_incest,arrestee_adult_negligent_manslaughter,arrestee_juvenile_embezzlement,arrestee_unknown_age_drug_equipment_violations,arrestee_juvenile_wire_fraud,arrestee_juvenile_impersonation,arrestee_unknown_age_stolen_property_offenses_receiving_selling_etc,arrestee_unknown_age_murder_nonnegligent_manslaughter,arrestee_unknown_age_negligent_manslaughter,arrestee_unknown_age_fondling_incident_liberties_child_molest,arrestee_juvenile_sports_tampering,arrestee_adult_sports_tampering,arrestee_juvenile_operating_promoting_assisting_gambling,arrestee_on_view_arrest_bribery,arrestee_summoned_cited_embezzlement,arrestee_taken_into_custody_extortion_blackmail,arrestee_on_view_arrest_statutory_rape,arrestee_summoned_cited_welfare_fraud,arrestee_summoned_cited_sodomy,arrestee_on_view_arrest_welfare_fraud,arrestee_summoned_cited_pornography_obscene_material,arrestee_summoned_cited_wire_fraud,arrestee_summoned_cited_incest,arrestee_summoned_cited_statutory_rape,arrestee_on_view_arrest_wire_fraud,arrestee_on_view_arrest_negligent_manslaughter,arrestee_summoned_cited_negligent_manslaughter,arrestee_on_view_arrest_sports_tampering,victim_unknown_sex_bribery,victim_female_justifiable_homicide,victim_male_welfare_fraud,victim_asian_stolen_property_offenses_receiving_selling_etc,victim_unknown_race_bribery,victim_asian_credit_card_atm_fraud,victim_american_indian_sodomy,victim_american_indian_incest,victim_american_indian_murder_nonnegligent_manslaughter,victim_american_indian_negligent_manslaughter,victim_american_indian_extortion_blackmail,victim_unknown_ethnicity_bribery,victim_unknown_ethnicity_justifiable_homicide,victim_not_hispanic_welfare_fraud,victim_hispanic_incest,victim_hispanic_impersonation,victim_hispanic_justifiable_homicide,victim_hispanic_sexual_assault_with_an_object,victim_juvenile_embezzlement,victim_unknown_age_bribery,victim_unknown_age_justifiable_homicide,victim_minor_injury_extortion_blackmail,victim_unknown_relationship_negligent_manslaughter,victim_other_relationship_justifiable_homicide,victim_other_family_extortion_blackmail,victim_other_relationship_impersonation,victim_intimate_partner_credit_card_atm_fraud,offense_prosecution_declined_welfare_fraud,offense_juvenile_no_custody_pornography_obscene_material,offense_juvenile_no_custody_wire_fraud,offense_death_of_suspect_fondling_incident_liberties_child_molest,offense_prosecution_declined_assisting_or_promoting_prostitution,offense_death_of_suspect_statutory_rape,offense_extradition_denied_embezzlement,offense_extradition_denied_impersonation,offense_prosecution_declined_justifiable_homicide,offense_prosecution_declined_gambling_equipment_violations,offense_juvenile_no_custody_assisting_or_promoting_prostitution,offense_juvenile_no_custody_credit_card_atm_fraud,offense_victim_refused_to_cooperate_welfare_fraud,offense_juvenile_no_custody_welfare_fraud,offense_death_of_suspect_weapon_law_violations,offense_extradition_denied_weapon_law_violations,offense_death_of_suspect_sexual_assault_with_an_object,offense_death_of_suspect_pornography_obscene_material,offense_death_of_suspect_impersonation,offense_extradition_denied_drug_equipment_violations,offense_outside_welfare_fraud,offense_bar_nightclub_pornography_obscene_material,offense_bar_nightclub_extortion_blackmail,offense_school_pornography_obscene_material,offense_school_welfare_fraud,offense_outside_wire_fraud,offense_bar_nightclub_welfare_fraud,offense_bar_nightclub_negligent_manslaughter,offense_bar_nightclub_sexual_assault_with_an_object,offense_na_weapon_law_violations,offense_na_counterfeiting_forgery,offense_na_stolen_property_offenses_receiving_selling_etc,offender_asian_statutory_rape,offender_american_indian_wire_fraud,offender_american_indian_assisting_or_promoting_prostitution,offender_juvenile_assisting_or_promoting_prostitution,offender_juvenile_welfare_fraud,offender_juvenile_bribery,arrestee_female_peeping_tom,arrestee_asian_operating_promoting_assisting_gambling,arrestee_unknown_race_intimidation,arrestee_asian_pornography_obscene_material,arrestee_american_indian_pornography_obscene_material,arrestee_american_indian_kidnapping_abduction,arrestee_asian_rape,arrestee_asian_sexual_assault_with_an_object,arrestee_american_indian_wire_fraud,arrestee_asian_extortion_blackmail,arrestee_black_bribery,arrestee_unknown_race_welfare_fraud,arrestee_unknown_race_kidnapping_abduction,arrestee_unknown_race_bribery,arrestee_american_indian_assisting_or_promoting_prostitution,arrestee_asian_assisting_or_promoting_prostitution,arrestee_american_indian_peeping_tom,arrestee_american_indian_welfare_fraud,arrestee_not_hispanic_bribery,arrestee_hispanic_peeping_tom,arrestee_hispanic_pornography_obscene_material,arrestee_juvenile_assisting_or_promoting_prostitution,arrestee_juvenile_pornography_obscene_material,arrestee_unknown_age_weapon_law_violations,arrestee_unknown_age_assisting_or_promoting_prostitution,arrestee_juvenile_welfare_fraud,arrestee_juvenile_bribery,arrestee_unknown_age_rape,arrestee_unknown_age_statutory_rape,arrestee_summoned_cited_assisting_or_promoting_prostitution,arrestee_summoned_cited_bribery,victim_unknown_sex_sexual_assault_with_an_object,victim_unknown_sex_sodomy,victim_unknown_sex_welfare_fraud,victim_unknown_sex_negligent_manslaughter,victim_asian_impersonation,victim_american_indian_sexual_assault_with_an_object,victim_asian_wire_fraud,victim_asian_justifiable_homicide,victim_unknown_race_welfare_fraud,victim_black_welfare_fraud,victim_asian_welfare_fraud,victim_unknown_race_negligent_manslaughter,victim_asian_incest,victim_hispanic_extortion_blackmail,victim_hispanic_wire_fraud,victim_hispanic_negligent_manslaughter,victim_juvenile_welfare_fraud,victim_unknown_age_welfare_fraud,victim_unknown_age_negligent_manslaughter,victim_other_relationship_counterfeiting_forgery,victim_other_relationship_bribery,victim_stranger_welfare_fraud,victim_unknown_relationship_justifiable_homicide,victim_other_relationship_embezzlement,victim_intimate_partner_extortion_blackmail,offense_sports_tampering,offense_juvenile_no_custody_extortion_blackmail,offense_prosecution_declined_negligent_manslaughter,offense_extradition_denied_statutory_rape,offense_cleared_by_arrest_sports_tampering,not_cleared_sports_tampering,offense_extradition_denied_drug_narcotic_violations,offense_juvenile_no_custody_betting_wagering,offense_extradition_denied_stolen_property_offenses_receiving_selling_etc,offense_school_assisting_or_promoting_prostitution,offense_home_sports_tampering,offense_other_unknown_location_sports_tampering,offense_outside_sports_tampering,offense_school_bribery,offense_na_drug_equipment_violations,offender_sports_tampering,offender_male_sports_tampering,offender_unknown_sex_sports_tampering,offender_american_indian_negligent_manslaughter,offender_american_indian_pornography_obscene_material,offender_black_sports_tampering,offender_unknown_race_sports_tampering,offender_american_indian_sexual_assault_with_an_object,offender_asian_negligent_manslaughter,offender_american_indian_bribery,offender_adult_sports_tampering,offender_unknown_age_sports_tampering,arrestee_asian_bribery,arrestee_unknown_race_negligent_manslaughter,arrestee_unknown_race_sodomy,arrestee_hispanic_bribery,arrestee_unknown_age_credit_card_atm_fraud,arrestee_unknown_age_curfew_loitering_vagrancy_violations,arrestee_unknown_age_arson,arrestee_juvenile_gambling_equipment_violations,arrestee_unknown_age_sodomy,victim_sports_tampering,victim_american_indian_impersonation,victim_american_indian_credit_card_atm_fraud,victim_asian_negligent_manslaughter,victim_asian_sexual_assault_with_an_object,victim_hispanic_bribery,victim_juvenile_wire_fraud,victim_other_family_stolen_property_offenses_receiving_selling_etc,victim_stranger_bribery,victim_intimate_partner_justifiable_homicide,offense_prosecution_declined_bribery,offense_extradition_denied_wire_fraud,offense_death_of_suspect_drug_equipment_violations,offense_death_of_suspect_stolen_property_offenses_receiving_selling_etc,offense_school_incest,offender_asian_incest,arrestee_asian_statutory_rape,arrestee_asian_gambling_equipment_violations,arrestee_unknown_race_wire_fraud,arrestee_american_indian_sexual_assault_with_an_object,arrestee_american_indian_negligent_manslaughter,arrestee_unknown_race_impersonation,arrestee_american_indian_sodomy,arrestee_unknown_race_pornography_obscene_material,arrestee_hispanic_gambling_equipment_violations,arrestee_hispanic_wire_fraud,arrestee_unknown_age_embezzlement,arrestee_unknown_age_peeping_tom,arrestee_unknown_age_incest,victim_american_indian_embezzlement,victim_asian_bribery,victim_american_indian_welfare_fraud,offense_death_of_suspect_assisting_or_promoting_prostitution,offense_bar_nightclub_wire_fraud,offense_bar_nightclub_incest,offense_school_gambling_equipment_violations,offender_unknown_age_justifiable_homicide,arrestee_unknown_race_extortion_blackmail,arrestee_unknown_race_assisting_or_promoting_prostitution,arrestee_unknown_race_sexual_assault_with_an_object,arrestee_unknown_race_incest,arrestee_asian_sodomy,arrestee_hispanic_betting_wagering,arrestee_hispanic_operating_promoting_assisting_gambling,arrestee_unknown_age_welfare_fraud,victim_unknown_sex_wire_fraud,victim_asian_embezzlement,victim_hispanic_embezzlement,victim_intimate_partner_impersonation,offense_death_of_suspect_incest,offense_death_of_suspect_extortion_blackmail,offense_extradition_denied_incest,offender_juvenile_justifiable_homicide,arrestee_asian_incest,arrestee_american_indian_embezzlement,arrestee_asian_negligent_manslaughter,arrestee_unknown_ethnicity_sports_tampering,arrestee_adult_runaway,arrestee_unknown_age_sexual_assault_with_an_object,arrestee_unknown_age_extortion_blackmail,arrestee_unknown_age_impersonation,arrestee_unknown_age_kidnapping_abduction,arrestee_taken_into_custody_sports_tampering,victim_american_indian_wire_fraud,victim_juvenile_justifiable_homicide,offense_death_of_suspect_welfare_fraud,offense_bar_nightclub_statutory_rape,offense_bar_nightclub_bribery,offender_white_sports_tampering,arrestee_unknown_race_betting_wagering,arrestee_american_indian_extortion_blackmail,victim_unknown_sex_justifiable_homicide,victim_unknown_race_justifiable_homicide,victim_juvenile_bribery,victim_intimate_partner_bribery,victim_intimate_partner_embezzlement,victim_other_family_embezzlement,offense_extradition_denied_murder_nonnegligent_manslaughter,offense_extradition_denied_negligent_manslaughter,offense_extradition_denied_betting_wagering,offense_extradition_denied_bribery,offense_na_gambling_equipment_violations,offender_female_sports_tampering,offender_asian_justifiable_homicide,arrestee_unknown_age_pornography_obscene_material,victim_hispanic_welfare_fraud,victim_other_family_impersonation,victim_stranger_embezzlement,victim_other_relationship_wire_fraud,offense_extradition_denied_pornography_obscene_material,offense_death_of_suspect_wire_fraud,offense_bar_nightclub_sports_tampering,offense_school_negligent_manslaughter,arrestee_american_indian_bribery,arrestee_unknown_age_operating_promoting_assisting_gambling,victim_intimate_partner_wire_fraud,offense_death_of_suspect_prostitution,offense_death_of_suspect_negligent_manslaughter,offense_victim_refused_to_cooperate_bribery,offender_american_indian_gambling_equipment_violations,arrestee_american_indian_operating_promoting_assisting_gambling,arrestee_unknown_age_gambling_equipment_violations,arrestee_unknown_age_prostitution,victim_american_indian_bribery,victim_other_family_bribery,offense_extradition_denied_prostitution,arrestee_unknown_race_gambling_equipment_violations,offense_extradition_denied_extortion_blackmail,offense_school_justifiable_homicide,arrestee_hispanic_sports_tampering,offense_extradition_denied_welfare_fraud,arrestee_american_indian_gambling_equipment_violations,arrestee_summoned_cited_sports_tampering,victim_stranger_wire_fraud,victim_other_relationship_welfare_fraud,victim_other_family_welfare_fraud,offense_juvenile_no_custody_murder_nonnegligent_manslaughter,arrestee_asian_welfare_fraud,victim_intimate_partner_welfare_fraud,offense_juvenile_no_custody_operating_promoting_assisting_gambling,arrestee_asian_sports_tampering,offense_victim_refused_to_cooperate_operating_promoting_assisting_gambling,offense_prosecution_declined_sports_tampering,offense_death_of_suspect_betting_wagering,offender_american_indian_justifiable_homicide,offender_juvenile_sports_tampering,victim_american_indian_justifiable_homicide,offense_extradition_denied_justifiable_homicide,offense_extradition_denied_operating_promoting_assisting_gambling,offense_extradition_denied_assisting_or_promoting_prostitution,offense_death_of_suspect_operating_promoting_assisting_gambling,arrestee_unknown_age_runaway,victim_other_family_wire_fraud,offense_school_sports_tampering,arrestee_unknown_age_bribery,offense_purchasing_prostitution,offense_human_trafficking_commercial_sex_acts,offense_no_gun_human_trafficking_commercial_sex_acts,offense_cleared_by_arrest_purchasing_prostitution,offense_victim_refused_to_cooperate_purchasing_prostitution,offense_extradition_denied_gambling_equipment_violations,not_cleared_purchasing_prostitution,offense_cleared_by_arrest_human_trafficking_commercial_sex_acts,not_cleared_human_trafficking_commercial_sex_acts,offense_outside_purchasing_prostitution,offense_other_unknown_location_purchasing_prostitution,offense_home_purchasing_prostitution,offense_school_purchasing_prostitution,offense_home_human_trafficking_commercial_sex_acts,offense_other_unknown_location_human_trafficking_commercial_sex_acts,offense_school_human_trafficking_commercial_sex_acts,offender_purchasing_prostitution,offender_human_trafficking_commercial_sex_acts,offender_female_purchasing_prostitution,offender_male_purchasing_prostitution,offender_unknown_sex_purchasing_prostitution,offender_male_human_trafficking_commercial_sex_acts,offender_female_human_trafficking_commercial_sex_acts,offender_black_purchasing_prostitution,offender_white_purchasing_prostitution,offender_unknown_race_purchasing_prostitution,offender_white_human_trafficking_commercial_sex_acts,offender_asian_purchasing_prostitution,offender_black_human_trafficking_commercial_sex_acts,offender_adult_purchasing_prostitution,offender_unknown_age_purchasing_prostitution,offender_adult_human_trafficking_commercial_sex_acts,arrestee_purchasing_prostitution,arrestee_human_trafficking_commercial_sex_acts,arrestee_female_purchasing_prostitution,arrestee_male_purchasing_prostitution,arrestee_male_human_trafficking_commercial_sex_acts,arrestee_black_purchasing_prostitution,arrestee_white_purchasing_prostitution,arrestee_white_human_trafficking_commercial_sex_acts,arrestee_asian_purchasing_prostitution,arrestee_unknown_race_purchasing_prostitution,arrestee_hispanic_purchasing_prostitution,arrestee_not_hispanic_purchasing_prostitution,arrestee_hispanic_human_trafficking_commercial_sex_acts,arrestee_adult_purchasing_prostitution,arrestee_adult_human_trafficking_commercial_sex_acts,arrestee_on_view_arrest_purchasing_prostitution,arrestee_summoned_cited_purchasing_prostitution,arrestee_taken_into_custody_purchasing_prostitution,arrestee_on_view_arrest_human_trafficking_commercial_sex_acts,victim_purchasing_prostitution,victim_human_trafficking_commercial_sex_acts,victim_female_human_trafficking_commercial_sex_acts,victim_white_human_trafficking_commercial_sex_acts,victim_black_human_trafficking_commercial_sex_acts,victim_hispanic_human_trafficking_commercial_sex_acts,victim_not_hispanic_human_trafficking_commercial_sex_acts,victim_m_theft,victim_juvenile_human_trafficking_commercial_sex_acts,victim_adult_human_trafficking_commercial_sex_acts,victim_no_injury_human_trafficking_commercial_sex_acts,victim_minor_injury_human_trafficking_commercial_sex_acts,victim_other_relationship_human_trafficking_commercial_sex_acts,victim_intimate_partner_human_trafficking_commercial_sex_acts,victim_unknown_relationship_human_trafficking_commercial_sex_acts,offense_human_trafficking_involuntary_servitude,offense_no_gun_human_trafficking_involuntary_servitude,offense_handgun_human_trafficking_involuntary_servitude,offense_handgun_human_trafficking_commercial_sex_acts,offense_other_unknown_gun_human_trafficking_commercial_sex_acts,not_cleared_human_trafficking_involuntary_servitude,offense_extradition_denied_human_trafficking_commercial_sex_acts,offense_prosecution_declined_purchasing_prostitution,offense_cleared_by_arrest_human_trafficking_involuntary_servitude,offense_death_of_suspect_gambling_equipment_violations,offense_outside_human_trafficking_commercial_sex_acts,offense_home_human_trafficking_involuntary_servitude,offense_outside_human_trafficking_involuntary_servitude,offense_other_unknown_location_human_trafficking_involuntary_servitude,offender_human_trafficking_involuntary_servitude,offender_male_human_trafficking_involuntary_servitude,offender_unknown_sex_human_trafficking_commercial_sex_acts,offender_female_human_trafficking_involuntary_servitude,offender_black_human_trafficking_involuntary_servitude,offender_white_human_trafficking_involuntary_servitude,offender_american_indian_purchasing_prostitution,offender_unknown_race_human_trafficking_commercial_sex_acts,offender_adult_human_trafficking_involuntary_servitude,offender_unknown_age_human_trafficking_commercial_sex_acts,offender_juvenile_human_trafficking_commercial_sex_acts,arrestee_human_trafficking_involuntary_servitude,arrestee_female_human_trafficking_involuntary_servitude,arrestee_male_human_trafficking_involuntary_servitude,arrestee_female_human_trafficking_commercial_sex_acts,arrestee_black_human_trafficking_commercial_sex_acts,arrestee_black_human_trafficking_involuntary_servitude,arrestee_white_human_trafficking_involuntary_servitude,arrestee_unknown_race_human_trafficking_commercial_sex_acts,arrestee_not_hispanic_human_trafficking_commercial_sex_acts,arrestee_unknown_ethnicity_purchasing_prostitution,arrestee_not_hispanic_human_trafficking_involuntary_servitude,arrestee_adult_human_trafficking_involuntary_servitude,arrestee_taken_into_custody_human_trafficking_commercial_sex_acts,arrestee_on_view_arrest_human_trafficking_involuntary_servitude,arrestee_taken_into_custody_human_trafficking_involuntary_servitude,victim_human_trafficking_involuntary_servitude,victim_female_human_trafficking_involuntary_servitude,victim_unknown_sex_human_trafficking_commercial_sex_acts,victim_white_human_trafficking_involuntary_servitude,victim_unknown_race_human_trafficking_commercial_sex_acts,victim_black_human_trafficking_involuntary_servitude,victim_not_hispanic_human_trafficking_involuntary_servitude,victim_unknown_ethnicity_human_trafficking_commercial_sex_acts,victim_adult_human_trafficking_involuntary_servitude,victim_juvenile_human_trafficking_involuntary_servitude,victim_unknown_age_human_trafficking_commercial_sex_acts,victim_minor_injury_human_trafficking_involuntary_servitude,victim_no_injury_human_trafficking_involuntary_servitude,victim_serious_injury_human_trafficking_commercial_sex_acts,victim_intimate_partner_human_trafficking_involuntary_servitude,victim_other_relationship_human_trafficking_involuntary_servitude,victim_stranger_human_trafficking_commercial_sex_acts,offense_identity_theft,offense_animal_cruelty,offense_hacking_computer_invasion,offense_cleared_by_arrest_identity_theft,offense_prosecution_declined_human_trafficking_commercial_sex_acts,offense_cleared_by_arrest_animal_cruelty,not_cleared_identity_theft,not_cleared_animal_cruelty,offense_prosecution_declined_identity_theft,not_cleared_hacking_computer_invasion,offense_extradition_denied_identity_theft,offense_cleared_by_arrest_hacking_computer_invasion,offense_victim_refused_to_cooperate_human_trafficking_commercial_sex_acts,offense_victim_refused_to_cooperate_identity_theft,offense_other_unknown_location_identity_theft,offense_bar_nightclub_human_trafficking_commercial_sex_acts,offense_home_animal_cruelty,offense_other_unknown_location_animal_cruelty,offense_home_identity_theft,offense_outside_identity_theft,offense_outside_animal_cruelty,offense_home_hacking_computer_invasion,offense_other_unknown_location_hacking_computer_invasion,offense_bar_nightclub_identity_theft,offense_school_identity_theft,offense_abuse_torture_animal_cruelty,offender_identity_theft,offender_animal_cruelty,offender_hacking_computer_invasion,offender_female_identity_theft,offender_male_identity_theft,offender_male_animal_cruelty,offender_female_animal_cruelty,offender_unknown_sex_animal_cruelty,offender_unknown_sex_identity_theft,offender_female_hacking_computer_invasion,offender_male_hacking_computer_invasion,offender_unknown_sex_hacking_computer_invasion,offender_unknown_sex_human_trafficking_involuntary_servitude,offender_black_identity_theft,offender_white_animal_cruelty,offender_unknown_race_animal_cruelty,offender_unknown_race_identity_theft,offender_white_identity_theft,offender_black_animal_cruelty,offender_white_hacking_computer_invasion,offender_unknown_race_hacking_computer_invasion,offender_black_hacking_computer_invasion,offender_asian_hacking_computer_invasion,offender_asian_human_trafficking_commercial_sex_acts,offender_asian_human_trafficking_involuntary_servitude,offender_american_indian_identity_theft,offender_unknown_race_human_trafficking_involuntary_servitude,offender_asian_identity_theft,offender_adult_identity_theft,offender_adult_animal_cruelty,offender_unknown_age_animal_cruelty,offender_unknown_age_identity_theft,offender_juvenile_identity_theft,offender_adult_hacking_computer_invasion,offender_juvenile_hacking_computer_invasion,offender_unknown_age_hacking_computer_invasion,offender_juvenile_purchasing_prostitution,offender_unknown_age_human_trafficking_involuntary_servitude,arrestee_identity_theft,arrestee_hacking_computer_invasion,arrestee_animal_cruelty,arrestee_female_identity_theft,arrestee_male_identity_theft,arrestee_female_hacking_computer_invasion,arrestee_female_animal_cruelty,arrestee_white_identity_theft,arrestee_white_hacking_computer_invasion,arrestee_black_identity_theft,arrestee_unknown_race_identity_theft,arrestee_american_indian_identity_theft,arrestee_white_animal_cruelty,arrestee_asian_human_trafficking_commercial_sex_acts,arrestee_hispanic_human_trafficking_involuntary_servitude,arrestee_not_hispanic_identity_theft,arrestee_not_hispanic_hacking_computer_invasion,arrestee_unknown_ethnicity_identity_theft,arrestee_not_hispanic_animal_cruelty,arrestee_unknown_ethnicity_human_trafficking_commercial_sex_acts,arrestee_unknown_age_wire_fraud,arrestee_adult_identity_theft,arrestee_adult_hacking_computer_invasion,arrestee_adult_animal_cruelty,arrestee_taken_into_custody_identity_theft,arrestee_on_view_arrest_identity_theft,arrestee_taken_into_custody_hacking_computer_invasion,arrestee_summoned_cited_identity_theft,arrestee_summoned_cited_animal_cruelty,victim_identity_theft,victim_animal_cruelty,victim_hacking_computer_invasion,victim_male_identity_theft,victim_unknown_sex_human_trafficking_involuntary_servitude,victim_female_identity_theft,victim_unknown_sex_identity_theft,victim_female_hacking_computer_invasion,victim_male_hacking_computer_invasion,victim_male_human_trafficking_commercial_sex_acts,victim_white_identity_theft,victim_unknown_race_human_trafficking_involuntary_servitude,victim_unknown_race_identity_theft,victim_black_identity_theft,victim_white_hacking_computer_invasion,victim_american_indian_identity_theft,victim_asian_identity_theft,victim_asian_human_trafficking_commercial_sex_acts,victim_asian_human_trafficking_involuntary_servitude,victim_not_hispanic_identity_theft,victim_unknown_ethnicity_human_trafficking_involuntary_servitude,victim_hispanic_identity_theft,victim_unknown_ethnicity_identity_theft,victim_not_hispanic_hacking_computer_invasion,victim_adult_identity_theft,victim_unknown_age_identity_theft,victim_adult_hacking_computer_invasion,victim_juvenile_identity_theft,victim_juvenile_hacking_computer_invasion,victim_serious_injury_human_trafficking_involuntary_servitude,victim_unknown_relationship_identity_theft,victim_stranger_human_trafficking_involuntary_servitude,victim_unknown_relationship_hacking_computer_invasion,victim_other_family_identity_theft,victim_unknown_relationship_human_trafficking_involuntary_servitude,victim_other_family_human_trafficking_commercial_sex_acts,victim_other_relationship_identity_theft,offense_death_of_suspect_identity_theft,offense_prosecution_declined_animal_cruelty,offense_victim_refused_to_cooperate_animal_cruelty,offense_prosecution_declined_hacking_computer_invasion,offense_victim_refused_to_cooperate_hacking_computer_invasion,offense_extradition_denied_hacking_computer_invasion,offense_juvenile_no_custody_animal_cruelty,offense_victim_refused_to_cooperate_human_trafficking_involuntary_servitude,offense_school_animal_cruelty,offense_outside_hacking_computer_invasion,offense_school_hacking_computer_invasion,offense_bar_nightclub_purchasing_prostitution,offense_bar_nightclub_human_trafficking_involuntary_servitude,offense_neglect_animal_cruelty,offense_animal_fighting_animal_cruelty,offense_bestiality_animal_cruelty,offender_american_indian_human_trafficking_involuntary_servitude,offender_asian_animal_cruelty,offender_american_indian_animal_cruelty,offender_asian_sports_tampering,offender_american_indian_hacking_computer_invasion,offender_juvenile_animal_cruelty,offender_juvenile_human_trafficking_involuntary_servitude,arrestee_male_hacking_computer_invasion,arrestee_male_animal_cruelty,arrestee_american_indian_human_trafficking_involuntary_servitude,arrestee_black_animal_cruelty,arrestee_unknown_race_animal_cruelty,arrestee_asian_identity_theft,arrestee_black_hacking_computer_invasion,arrestee_american_indian_purchasing_prostitution,arrestee_american_indian_animal_cruelty,arrestee_hispanic_identity_theft,arrestee_hispanic_hacking_computer_invasion,arrestee_unknown_ethnicity_animal_cruelty,arrestee_hispanic_animal_cruelty,arrestee_unknown_ethnicity_hacking_computer_invasion,arrestee_juvenile_animal_cruelty,arrestee_juvenile_identity_theft,arrestee_unknown_age_identity_theft,arrestee_juvenile_hacking_computer_invasion,arrestee_summoned_cited_hacking_computer_invasion,arrestee_taken_into_custody_animal_cruelty,arrestee_on_view_arrest_animal_cruelty,arrestee_on_view_arrest_hacking_computer_invasion,arrestee_summoned_cited_human_trafficking_commercial_sex_acts,victim_male_human_trafficking_involuntary_servitude,victim_male_animal_cruelty,victim_unknown_sex_hacking_computer_invasion,victim_unknown_race_animal_cruelty,victim_black_hacking_computer_invasion,victim_unknown_race_hacking_computer_invasion,victim_asian_hacking_computer_invasion,victim_american_indian_hacking_computer_invasion,victim_american_indian_human_trafficking_commercial_sex_acts,victim_hispanic_human_trafficking_involuntary_servitude,victim_hispanic_hacking_computer_invasion,victim_unknown_ethnicity_animal_cruelty,victim_unknown_ethnicity_hacking_computer_invasion,victim_juvenile_animal_cruelty,victim_unknown_age_hacking_computer_invasion,victim_stranger_identity_theft,victim_intimate_partner_identity_theft,victim_stranger_hacking_computer_invasion,victim_other_relationship_hacking_computer_invasion,victim_other_family_human_trafficking_involuntary_servitude,victim_intimate_partner_hacking_computer_invasion,offense_other_unknown_gun_human_trafficking_involuntary_servitude,offense_extradition_denied_animal_cruelty,offense_death_of_suspect_bribery,offense_prosecution_declined_human_trafficking_involuntary_servitude,offense_juvenile_no_custody_identity_theft,offense_cleared_by_arrest_justifiable_homicide,offense_death_of_suspect_animal_cruelty,offense_bar_nightclub_animal_cruelty,offense_bar_nightclub_hacking_computer_invasion,offender_unknown_sex_justifiable_homicide,offender_american_indian_human_trafficking_commercial_sex_acts,offender_unknown_race_justifiable_homicide,arrestee_asian_animal_cruelty,arrestee_asian_hacking_computer_invasion,arrestee_american_indian_human_trafficking_commercial_sex_acts,arrestee_unknown_ethnicity_human_trafficking_involuntary_servitude,arrestee_juvenile_human_trafficking_involuntary_servitude,arrestee_juvenile_purchasing_prostitution,arrestee_juvenile_human_trafficking_commercial_sex_acts,arrestee_summoned_cited_human_trafficking_involuntary_servitude,victim_unknown_age_human_trafficking_involuntary_servitude,victim_other_family_hacking_computer_invasion,offense_juvenile_no_custody_hacking_computer_invasion,offense_school_human_trafficking_involuntary_servitude,arrestee_unknown_race_hacking_computer_invasion,victim_american_indian_human_trafficking_involuntary_servitude,offense_juvenile_no_custody_human_trafficking_commercial_sex_acts,offense_juvenile_no_custody_bribery,offense_victim_refused_to_cooperate_justifiable_homicide,arrestee_asian_human_trafficking_involuntary_servitude,arrestee_unknown_race_human_trafficking_involuntary_servitude,offense_juvenile_no_custody_justifiable_homicide,offense_extradition_denied_human_trafficking_involuntary_servitude,offense_extradition_denied_purchasing_prostitution,offense_death_of_suspect_hacking_computer_invasion,offense_death_of_suspect_human_trafficking_commercial_sex_acts,arrestee_unknown_age_purchasing_prostitution,offense_526,offense_360,offense_49a,offense_49b,offense_49c,offense_521,offense_61b,not_cleared_526,not_cleared_360,offense_cleared_by_arrest_49a,offense_cleared_by_arrest_49b,offense_cleared_by_arrest_360,offense_juvenile_no_custody_purchasing_prostitution,offense_juvenile_no_custody_526,offense_extradition_denied_49b,not_cleared_49b,offense_juvenile_no_custody_49c,offense_juvenile_no_custody_gambling_equipment_violations,offense_juvenile_no_custody_49b,not_cleared_521,offense_juvenile_no_custody_61b,offense_outside_526,offense_other_unknown_location_360,offense_other_unknown_location_49a,offense_other_unknown_location_49b,offense_outside_49b,offense_home_360,offense_school_360,offense_school_526,offense_outside_49c,offense_home_49b,offense_school_49b,offense_home_521,offense_other_unknown_location_526,offense_school_61b,offender_526,offender_360,offender_49a,offender_49b,offender_49c,offender_521,offender_61b,offender_unknown_sex_526,offender_male_360,offender_female_49a,offender_female_49b,offender_male_49b,offender_female_360,offender_male_526,offender_unknown_sex_49b,offender_male_49c,offender_unknown_sex_521,offender_female_526,offender_male_61b,offender_unknown_race_526,offender_american_indian_360,offender_white_49a,offender_american_indian_49b,offender_asian_49b,offender_black_49b,offender_white_49b,offender_unknown_race_360,offender_american_indian_526,offender_unknown_race_49b,offender_white_49c,offender_unknown_race_521,offender_american_indian_61b,offender_unknown_age_526,offender_adult_360,offender_adult_49a,offender_adult_49b,offender_juvenile_526,offender_unknown_age_49b,offender_juvenile_49c,offender_juvenile_49b,offender_unknown_age_521,offender_adult_526,offender_juvenile_61b,arrestee_90l,arrestee_49a,arrestee_49b,arrestee_360,arrestee_male_90l,arrestee_female_49a,arrestee_female_49b,arrestee_male_49b,arrestee_male_360,arrestee_female_360,arrestee_female_90l,arrestee_american_indian_90l,arrestee_white_90l,arrestee_white_49a,arrestee_american_indian_49b,arrestee_asian_49b,arrestee_black_49b,arrestee_white_49b,arrestee_unknown_race_360,arrestee_american_indian_360,arrestee_not_hispanic_90l,arrestee_hispanic_90l,arrestee_unknown_ethnicity_90l,arrestee_hispanic_49a,arrestee_hispanic_49b,arrestee_not_hispanic_49b,arrestee_unknown_ethnicity_360,arrestee_not_hispanic_360,arrestee_unknown_ethnicity_49b,arrestee_unknown_age_animal_cruelty,arrestee_adult_90l,arrestee_adult_49a,arrestee_adult_49b,arrestee_adult_360,arrestee_on_view_arrest_90l,arrestee_taken_into_custody_90l,arrestee_summoned_cited_90l,arrestee_taken_into_custody_49a,arrestee_taken_into_custody_49b,arrestee_taken_into_custody_360,arrestee_on_view_arrest_49b,arrestee_on_view_arrest_360,arrestee_summoned_cited_360,arrestee_summoned_cited_49b,victim_526,victim_360,victim_49a,victim_49b,victim_49c,victim_521,victim_61b,property_stolen_automobiles,property_stolen_clothes_furs,property_stolen_consumable_goods,property_stolen_firearms,property_stolen_household_goods,property_stolen_jewelry_precious_metals,property_stolen_livestock,property_stolen_money,property_stolen_office_type_equipment,property_stolen_other,property_stolen_pending_inventory_of_property,property_stolen_radios_t_vs_vc_rs,property_stolen_special_category,property_stolen_alcohol,property_stolen_farm_equipment,property_stolen_other_motor_vehicles,property_stolen_tools_power_hand,property_stolen_vehicle_parts_accessories,property_stolen_merchandise,property_stolen_bicycles,property_stolen_computer_hardware_software,property_stolen_credit_debit_cards,property_stolen_negotiable_instruments,property_stolen_nonnegotiable_instruments,property_stolen_purses_handbags_wallets,property_stolen_recordings_audio_visual,property_stolen_recreational_vehicles,property_stolen_structures_single_occupancy_dwellings,property_stolen_trucks,property_stolen_watercraft,property_stolen_heavy_construction_industrial_equipment,property_stolen_structures_commercial_business,property_stolen_structures_other,property_stolen_drugs_narcotics,property_stolen_structures_storage,property_stolen_structures_other_dwellings,property_stolen_structures_public_community,property_stolen_drug_narcotic_equipment,property_stolen_gambling_equipment,property_stolen_aircraft,property_stolen_structures_industrial_manufacturing,property_stolen_buses,property_stolen_mean_value_automobiles,property_stolen_mean_value_clothes_furs,property_stolen_mean_value_consumable_goods,property_stolen_mean_value_firearms,property_stolen_mean_value_household_goods,property_stolen_mean_value_jewelry_precious_metals,property_stolen_mean_value_livestock,property_stolen_mean_value_money,property_stolen_mean_value_office_type_equipment,property_stolen_mean_value_other,property_stolen_mean_value_pending_inventory_of_property,property_stolen_mean_value_radios_t_vs_vc_rs,property_stolen_mean_value_special_category,property_stolen_mean_value_alcohol,property_stolen_mean_value_farm_equipment,property_stolen_mean_value_other_motor_vehicles,property_stolen_mean_value_tools_power_hand,property_stolen_mean_value_vehicle_parts_accessories,property_stolen_mean_value_merchandise,property_stolen_mean_value_bicycles,property_stolen_mean_value_computer_hardware_software,property_stolen_mean_value_credit_debit_cards,property_stolen_mean_value_negotiable_instruments,property_stolen_mean_value_nonnegotiable_instruments,property_stolen_mean_value_purses_handbags_wallets,property_stolen_mean_value_recordings_audio_visual,property_stolen_mean_value_recreational_vehicles,property_stolen_mean_value_structures_single_occupancy_dwellings,property_stolen_mean_value_trucks,property_stolen_mean_value_watercraft,property_stolen_mean_value_heavy_construction_industrial_equipment,property_stolen_mean_value_structures_commercial_business,property_stolen_mean_value_structures_other,property_stolen_mean_value_drugs_narcotics,property_stolen_mean_value_structures_storage,property_stolen_mean_value_structures_other_dwellings,property_stolen_mean_value_structures_public_community,property_stolen_mean_value_drug_narcotic_equipment,property_stolen_mean_value_gambling_equipment,property_stolen_mean_value_aircraft,property_stolen_mean_value_structures_industrial_manufacturing,property_stolen_mean_value_buses,property_stolen_median_value_automobiles,property_stolen_median_value_clothes_furs,property_stolen_median_value_consumable_goods,property_stolen_median_value_firearms,property_stolen_median_value_household_goods,property_stolen_median_value_jewelry_precious_metals,property_stolen_median_value_livestock,property_stolen_median_value_money,property_stolen_median_value_office_type_equipment,property_stolen_median_value_other,property_stolen_median_value_pending_inventory_of_property,property_stolen_median_value_radios_t_vs_vc_rs,property_stolen_median_value_special_category,property_stolen_median_value_alcohol,property_stolen_median_value_farm_equipment,property_stolen_median_value_other_motor_vehicles,property_stolen_median_value_tools_power_hand,property_stolen_median_value_vehicle_parts_accessories,property_stolen_median_value_merchandise,property_stolen_median_value_bicycles,property_stolen_median_value_computer_hardware_software,property_stolen_median_value_credit_debit_cards,property_stolen_median_value_negotiable_instruments,property_stolen_median_value_nonnegotiable_instruments,property_stolen_median_value_purses_handbags_wallets,property_stolen_median_value_recordings_audio_visual,property_stolen_median_value_recreational_vehicles,property_stolen_median_value_structures_single_occupancy_dwellings,property_stolen_median_value_trucks,property_stolen_median_value_watercraft,property_stolen_median_value_heavy_construction_industrial_equipment,property_stolen_median_value_structures_commercial_business,property_stolen_median_value_structures_other,property_stolen_median_value_drugs_narcotics,property_stolen_median_value_structures_storage,property_stolen_median_value_structures_other_dwellings,property_stolen_median_value_structures_public_community,property_stolen_median_value_drug_narcotic_equipment,property_stolen_median_value_gambling_equipment,property_stolen_median_value_aircraft,property_stolen_median_value_structures_industrial_manufacturing,property_stolen_median_value_buses,property_destroyed_automobiles,property_destroyed_clothes_furs,property_destroyed_consumable_goods,property_destroyed_household_goods,property_destroyed_livestock,property_destroyed_money,property_destroyed_office_type_equipment,property_destroyed_other,property_destroyed_radios_t_vs_vc_rs,property_destroyed_firearms,property_destroyed_jewelry_precious_metals,property_destroyed_pending_inventory_of_property,property_destroyed_buses,property_destroyed_structures_single_occupancy_dwellings,property_destroyed_structures_storage,property_destroyed_farm_equipment,property_destroyed_structures_other,property_destroyed_structures_other_dwellings,property_destroyed_structures_public_community,property_destroyed_bicycles,property_destroyed_merchandise,property_destroyed_other_motor_vehicles,property_destroyed_recreational_vehicles,property_destroyed_special_category,property_destroyed_structures_commercial_business,property_destroyed_vehicle_parts_accessories,property_destroyed_watercraft,property_destroyed_heavy_construction_industrial_equipment,property_destroyed_computer_hardware_software,property_destroyed_tools_power_hand,property_destroyed_trucks,property_destroyed_alcohol,property_destroyed_recordings_audio_visual,property_destroyed_structures_industrial_manufacturing,property_destroyed_aircraft,property_destroyed_negotiable_instruments,property_destroyed_drugs_narcotics,property_destroyed_nonnegotiable_instruments,property_destroyed_gambling_equipment,property_destroyed_purses_handbags_wallets,property_destroyed_credit_debit_cards,property_destroyed_drug_narcotic_equipment,property_destroyed_mean_value_automobiles,property_destroyed_mean_value_clothes_furs,property_destroyed_mean_value_consumable_goods,property_destroyed_mean_value_household_goods,property_destroyed_mean_value_livestock,property_destroyed_mean_value_money,property_destroyed_mean_value_office_type_equipment,property_destroyed_mean_value_other,property_destroyed_mean_value_radios_t_vs_vc_rs,property_destroyed_mean_value_firearms,property_destroyed_mean_value_jewelry_precious_metals,property_destroyed_mean_value_pending_inventory_of_property,property_destroyed_mean_value_buses,property_destroyed_mean_value_structures_single_occupancy_dwellings,property_destroyed_mean_value_structures_storage,property_destroyed_mean_value_farm_equipment,property_destroyed_mean_value_structures_other,property_destroyed_mean_value_structures_other_dwellings,property_destroyed_mean_value_structures_public_community,property_destroyed_mean_value_bicycles,property_destroyed_mean_value_merchandise,property_destroyed_mean_value_other_motor_vehicles,property_destroyed_mean_value_recreational_vehicles,property_destroyed_mean_value_special_category,property_destroyed_mean_value_structures_commercial_business,property_destroyed_mean_value_vehicle_parts_accessories,property_destroyed_mean_value_watercraft,property_destroyed_mean_value_heavy_construction_industrial_equipment,property_destroyed_mean_value_computer_hardware_software,property_destroyed_mean_value_tools_power_hand,property_destroyed_mean_value_trucks,property_destroyed_mean_value_alcohol,property_destroyed_mean_value_recordings_audio_visual,property_destroyed_mean_value_structures_industrial_manufacturing,property_destroyed_mean_value_aircraft,property_destroyed_mean_value_negotiable_instruments,property_destroyed_mean_value_drugs_narcotics,property_destroyed_mean_value_nonnegotiable_instruments,property_destroyed_mean_value_gambling_equipment,property_destroyed_mean_value_purses_handbags_wallets,property_destroyed_mean_value_credit_debit_cards,property_destroyed_mean_value_drug_narcotic_equipment,property_destroyed_median_value_automobiles,property_destroyed_median_value_clothes_furs,property_destroyed_median_value_consumable_goods,property_destroyed_median_value_household_goods,property_destroyed_median_value_livestock,property_destroyed_median_value_money,property_destroyed_median_value_office_type_equipment,property_destroyed_median_value_other,property_destroyed_median_value_radios_t_vs_vc_rs,property_destroyed_median_value_firearms,property_destroyed_median_value_jewelry_precious_metals,property_destroyed_median_value_pending_inventory_of_property,property_destroyed_median_value_buses,property_destroyed_median_value_structures_single_occupancy_dwellings,property_destroyed_median_value_structures_storage,property_destroyed_median_value_farm_equipment,property_destroyed_median_value_structures_other,property_destroyed_median_value_structures_other_dwellings,property_destroyed_median_value_structures_public_community,property_destroyed_median_value_bicycles,property_destroyed_median_value_merchandise,property_destroyed_median_value_other_motor_vehicles,property_destroyed_median_value_recreational_vehicles,property_destroyed_median_value_special_category,property_destroyed_median_value_structures_commercial_business,property_destroyed_median_value_vehicle_parts_accessories,property_destroyed_median_value_watercraft,property_destroyed_median_value_heavy_construction_industrial_equipment,property_destroyed_median_value_computer_hardware_software,property_destroyed_median_value_tools_power_hand,property_destroyed_median_value_trucks,property_destroyed_median_value_alcohol,property_destroyed_median_value_recordings_audio_visual,property_destroyed_median_value_structures_industrial_manufacturing,property_destroyed_median_value_aircraft,property_destroyed_median_value_negotiable_instruments,property_destroyed_median_value_drugs_narcotics,property_destroyed_median_value_nonnegotiable_instruments,property_destroyed_median_value_gambling_equipment,property_destroyed_median_value_purses_handbags_wallets,property_destroyed_median_value_credit_debit_cards,property_destroyed_median_value_drug_narcotic_equipment,property_recovered_automobiles,property_recovered_clothes_furs,property_recovered_consumable_goods,property_recovered_firearms,property_recovered_household_goods,property_recovered_jewelry_precious_metals,property_recovered_money,property_recovered_office_type_equipment,property_recovered_other,property_recovered_radios_t_vs_vc_rs,property_recovered_livestock,property_recovered_special_category,property_recovered_other_motor_vehicles,property_recovered_vehicle_parts_accessories,property_recovered_tools_power_hand,property_recovered_alcohol,property_recovered_bicycles,property_recovered_merchandise,property_recovered_recordings_audio_visual,property_recovered_recreational_vehicles,property_recovered_watercraft,property_recovered_credit_debit_cards,property_recovered_computer_hardware_software,property_recovered_heavy_construction_industrial_equipment,property_recovered_negotiable_instruments,property_recovered_nonnegotiable_instruments,property_recovered_purses_handbags_wallets,property_recovered_structures_storage,property_recovered_trucks,property_recovered_farm_equipment,property_recovered_structures_other_dwellings,property_recovered_drug_narcotic_equipment,property_recovered_drugs_narcotics,property_recovered_gambling_equipment,property_recovered_buses,property_recovered_aircraft,property_recovered_pending_inventory_of_property,property_recovered_structures_other,property_recovered_mean_value_automobiles,property_recovered_mean_value_clothes_furs,property_recovered_mean_value_consumable_goods,property_recovered_mean_value_firearms,property_recovered_mean_value_household_goods,property_recovered_mean_value_jewelry_precious_metals,property_recovered_mean_value_money,property_recovered_mean_value_office_type_equipment,property_recovered_mean_value_other,property_recovered_mean_value_radios_t_vs_vc_rs,property_recovered_mean_value_livestock,property_recovered_mean_value_special_category,property_recovered_mean_value_other_motor_vehicles,property_recovered_mean_value_vehicle_parts_accessories,property_recovered_mean_value_tools_power_hand,property_recovered_mean_value_alcohol,property_recovered_mean_value_bicycles,property_recovered_mean_value_merchandise,property_recovered_mean_value_recordings_audio_visual,property_recovered_mean_value_recreational_vehicles,property_recovered_mean_value_watercraft,property_recovered_mean_value_credit_debit_cards,property_recovered_mean_value_computer_hardware_software,property_recovered_mean_value_heavy_construction_industrial_equipment,property_recovered_mean_value_negotiable_instruments,property_recovered_mean_value_nonnegotiable_instruments,property_recovered_mean_value_purses_handbags_wallets,property_recovered_mean_value_structures_storage,property_recovered_mean_value_trucks,property_recovered_mean_value_farm_equipment,property_recovered_mean_value_structures_other_dwellings,property_recovered_mean_value_drug_narcotic_equipment,property_recovered_mean_value_drugs_narcotics,property_recovered_mean_value_gambling_equipment,property_recovered_mean_value_buses,property_recovered_mean_value_aircraft,property_recovered_mean_value_pending_inventory_of_property,property_recovered_mean_value_structures_other,property_recovered_median_value_automobiles,property_recovered_median_value_clothes_furs,property_recovered_median_value_consumable_goods,property_recovered_median_value_firearms,property_recovered_median_value_household_goods,property_recovered_median_value_jewelry_precious_metals,property_recovered_median_value_money,property_recovered_median_value_office_type_equipment,property_recovered_median_value_other,property_recovered_median_value_radios_t_vs_vc_rs,property_recovered_median_value_livestock,property_recovered_median_value_special_category,property_recovered_median_value_other_motor_vehicles,property_recovered_median_value_vehicle_parts_accessories,property_recovered_median_value_tools_power_hand,property_recovered_median_value_alcohol,property_recovered_median_value_bicycles,property_recovered_median_value_merchandise,property_recovered_median_value_recordings_audio_visual,property_recovered_median_value_recreational_vehicles,property_recovered_median_value_watercraft,property_recovered_median_value_credit_debit_cards,property_recovered_median_value_computer_hardware_software,property_recovered_median_value_heavy_construction_industrial_equipment,property_recovered_median_value_negotiable_instruments,property_recovered_median_value_nonnegotiable_instruments,property_recovered_median_value_purses_handbags_wallets,property_recovered_median_value_structures_storage,property_recovered_median_value_trucks,property_recovered_median_value_farm_equipment,property_recovered_median_value_structures_other_dwellings,property_recovered_median_value_drug_narcotic_equipment,property_recovered_median_value_drugs_narcotics,property_recovered_median_value_gambling_equipment,property_recovered_median_value_buses,property_recovered_median_value_aircraft,property_recovered_median_value_pending_inventory_of_property,property_recovered_median_value_structures_other,property_seized_consumable_goods,property_seized_drugs_narcotics,property_seized_firearms,property_seized_other,property_seized_radios_t_vs_vc_rs,property_seized_pending_inventory_of_property,property_seized_drug_narcotic_equipment,property_seized_gambling_equipment,property_seized_money,property_seized_negotiable_instruments,property_seized_alcohol,property_seized_vehicle_parts_accessories,property_seized_special_category,property_seized_nonnegotiable_instruments,property_seized_purses_handbags_wallets,property_seized_automobiles,property_seized_jewelry_precious_metals,property_seized_aircraft,property_seized_trucks,property_seized_clothes_furs,property_seized_farm_equipment,property_seized_office_type_equipment,property_seized_computer_hardware_software,property_seized_bicycles,property_seized_credit_debit_cards,property_seized_household_goods,property_seized_other_motor_vehicles,property_seized_tools_power_hand,property_seized_recordings_audio_visual,property_seized_structures_single_occupancy_dwellings,property_seized_mean_value_consumable_goods,property_seized_mean_value_drugs_narcotics,property_seized_mean_value_firearms,property_seized_mean_value_other,property_seized_mean_value_radios_t_vs_vc_rs,property_seized_mean_value_pending_inventory_of_property,property_seized_mean_value_drug_narcotic_equipment,property_seized_mean_value_gambling_equipment,property_seized_mean_value_money,property_seized_mean_value_negotiable_instruments,property_seized_mean_value_alcohol,property_seized_mean_value_vehicle_parts_accessories,property_seized_mean_value_special_category,property_seized_mean_value_nonnegotiable_instruments,property_seized_mean_value_purses_handbags_wallets,property_seized_mean_value_automobiles,property_seized_mean_value_jewelry_precious_metals,property_seized_mean_value_aircraft,property_seized_mean_value_trucks,property_seized_mean_value_clothes_furs,property_seized_mean_value_farm_equipment,property_seized_mean_value_office_type_equipment,property_seized_mean_value_computer_hardware_software,property_seized_mean_value_bicycles,property_seized_mean_value_credit_debit_cards,property_seized_mean_value_household_goods,property_seized_mean_value_other_motor_vehicles,property_seized_mean_value_tools_power_hand,property_seized_mean_value_recordings_audio_visual,property_seized_mean_value_structures_single_occupancy_dwellings,property_seized_median_value_consumable_goods,property_seized_median_value_drugs_narcotics,property_seized_median_value_firearms,property_seized_median_value_other,property_seized_median_value_radios_t_vs_vc_rs,property_seized_median_value_pending_inventory_of_property,property_seized_median_value_drug_narcotic_equipment,property_seized_median_value_gambling_equipment,property_seized_median_value_money,property_seized_median_value_negotiable_instruments,property_seized_median_value_alcohol,property_seized_median_value_vehicle_parts_accessories,property_seized_median_value_special_category,property_seized_median_value_nonnegotiable_instruments,property_seized_median_value_purses_handbags_wallets,property_seized_median_value_automobiles,property_seized_median_value_jewelry_precious_metals,property_seized_median_value_aircraft,property_seized_median_value_trucks,property_seized_median_value_clothes_furs,property_seized_median_value_farm_equipment,property_seized_median_value_office_type_equipment,property_seized_median_value_computer_hardware_software,property_seized_median_value_bicycles,property_seized_median_value_credit_debit_cards,property_seized_median_value_household_goods,property_seized_median_value_other_motor_vehicles,property_seized_median_value_tools_power_hand,property_seized_median_value_recordings_audio_visual,property_seized_median_value_structures_single_occupancy_dwellings,property_counterfeited_automobiles,property_counterfeited_money,property_counterfeited_other,property_counterfeited_pending_inventory_of_property,property_counterfeited_clothes_furs,property_counterfeited_consumable_goods,property_counterfeited_jewelry_precious_metals,property_counterfeited_office_type_equipment,property_counterfeited_radios_t_vs_vc_rs,property_counterfeited_negotiable_instruments,property_counterfeited_credit_debit_cards,property_counterfeited_nonnegotiable_instruments,property_counterfeited_structures_public_community,property_counterfeited_special_category,property_counterfeited_drugs_narcotics,property_counterfeited_farm_equipment,property_counterfeited_vehicle_parts_accessories,property_counterfeited_household_goods,property_counterfeited_recordings_audio_visual,property_counterfeited_tools_power_hand,property_counterfeited_alcohol,property_counterfeited_recreational_vehicles,property_counterfeited_structures_industrial_manufacturing,property_counterfeited_structures_single_occupancy_dwellings,property_counterfeited_drug_narcotic_equipment,property_counterfeited_merchandise,property_counterfeited_computer_hardware_software,property_counterfeited_firearms,property_counterfeited_mean_value_automobiles,property_counterfeited_mean_value_money,property_counterfeited_mean_value_other,property_counterfeited_mean_value_pending_inventory_of_property,property_counterfeited_mean_value_clothes_furs,property_counterfeited_mean_value_consumable_goods,property_counterfeited_mean_value_jewelry_precious_metals,property_counterfeited_mean_value_office_type_equipment,property_counterfeited_mean_value_radios_t_vs_vc_rs,property_counterfeited_mean_value_negotiable_instruments,property_counterfeited_mean_value_credit_debit_cards,property_counterfeited_mean_value_nonnegotiable_instruments,property_counterfeited_mean_value_structures_public_community,property_counterfeited_mean_value_special_category,property_counterfeited_mean_value_drugs_narcotics,property_counterfeited_mean_value_farm_equipment,property_counterfeited_mean_value_vehicle_parts_accessories,property_counterfeited_mean_value_household_goods,property_counterfeited_mean_value_recordings_audio_visual,property_counterfeited_mean_value_tools_power_hand,property_counterfeited_mean_value_alcohol,property_counterfeited_mean_value_recreational_vehicles,property_counterfeited_mean_value_structures_industrial_manufacturing,property_counterfeited_mean_value_structures_single_occupancy_dwellings,property_counterfeited_mean_value_drug_narcotic_equipment,property_counterfeited_mean_value_merchandise,property_counterfeited_mean_value_computer_hardware_software,property_counterfeited_mean_value_firearms,property_counterfeited_median_value_automobiles,property_counterfeited_median_value_money,property_counterfeited_median_value_other,property_counterfeited_median_value_pending_inventory_of_property,property_counterfeited_median_value_clothes_furs,property_counterfeited_median_value_consumable_goods,property_counterfeited_median_value_jewelry_precious_metals,property_counterfeited_median_value_office_type_equipment,property_counterfeited_median_value_radios_t_vs_vc_rs,property_counterfeited_median_value_negotiable_instruments,property_counterfeited_median_value_credit_debit_cards,property_counterfeited_median_value_nonnegotiable_instruments,property_counterfeited_median_value_structures_public_community,property_counterfeited_median_value_special_category,property_counterfeited_median_value_drugs_narcotics,property_counterfeited_median_value_farm_equipment,property_counterfeited_median_value_vehicle_parts_accessories,property_counterfeited_median_value_household_goods,property_counterfeited_median_value_recordings_audio_visual,property_counterfeited_median_value_tools_power_hand,property_counterfeited_median_value_alcohol,property_counterfeited_median_value_recreational_vehicles,property_counterfeited_median_value_structures_industrial_manufacturing,property_counterfeited_median_value_structures_single_occupancy_dwellings,property_counterfeited_median_value_drug_narcotic_equipment,property_counterfeited_median_value_merchandise,property_counterfeited_median_value_computer_hardware_software,property_counterfeited_median_value_firearms,property_burned_pending_inventory_of_property,property_burned_automobiles,property_burned_other,property_burned_structures_single_occupancy_dwellings,property_burned_household_goods,property_burned_special_category,property_burned_structures_other,property_burned_structures_other_dwellings,property_burned_structures_storage,property_burned_vehicle_parts_accessories,property_burned_structures_public_community,property_burned_bicycles,property_burned_structures_commercial_business,property_burned_clothes_furs,property_burned_farm_equipment,property_burned_buses,property_burned_trucks,property_burned_heavy_construction_industrial_equipment,property_burned_money,property_burned_watercraft,property_burned_computer_hardware_software,property_burned_consumable_goods,property_burned_other_motor_vehicles,property_burned_recreational_vehicles,property_burned_radios_t_vs_vc_rs,property_burned_structures_industrial_manufacturing,property_burned_tools_power_hand,property_burned_purses_handbags_wallets,property_burned_jewelry_precious_metals,property_burned_recordings_audio_visual,property_burned_credit_debit_cards,property_burned_firearms,property_burned_mean_value_pending_inventory_of_property,property_burned_mean_value_automobiles,property_burned_mean_value_other,property_burned_mean_value_structures_single_occupancy_dwellings,property_burned_mean_value_household_goods,property_burned_mean_value_special_category,property_burned_mean_value_structures_other,property_burned_mean_value_structures_other_dwellings,property_burned_mean_value_structures_storage,property_burned_mean_value_vehicle_parts_accessories,property_burned_mean_value_structures_public_community,property_burned_mean_value_bicycles,property_burned_mean_value_structures_commercial_business,property_burned_mean_value_clothes_furs,property_burned_mean_value_farm_equipment,property_burned_mean_value_buses,property_burned_mean_value_trucks,property_burned_mean_value_heavy_construction_industrial_equipment,property_burned_mean_value_money,property_burned_mean_value_watercraft,property_burned_mean_value_computer_hardware_software,property_burned_mean_value_consumable_goods,property_burned_mean_value_other_motor_vehicles,property_burned_mean_value_recreational_vehicles,property_burned_mean_value_radios_t_vs_vc_rs,property_burned_mean_value_structures_industrial_manufacturing,property_burned_mean_value_tools_power_hand,property_burned_mean_value_purses_handbags_wallets,property_burned_mean_value_jewelry_precious_metals,property_burned_mean_value_recordings_audio_visual,property_burned_mean_value_credit_debit_cards,property_burned_mean_value_firearms,property_burned_median_value_pending_inventory_of_property,property_burned_median_value_automobiles,property_burned_median_value_other,property_burned_median_value_structures_single_occupancy_dwellings,property_burned_median_value_household_goods,property_burned_median_value_special_category,property_burned_median_value_structures_other,property_burned_median_value_structures_other_dwellings,property_burned_median_value_structures_storage,property_burned_median_value_vehicle_parts_accessories,property_burned_median_value_structures_public_community,property_burned_median_value_bicycles,property_burned_median_value_structures_commercial_business,property_burned_median_value_clothes_furs,property_burned_median_value_farm_equipment,property_burned_median_value_buses,property_burned_median_value_trucks,property_burned_median_value_heavy_construction_industrial_equipment,property_burned_median_value_money,property_burned_median_value_watercraft,property_burned_median_value_computer_hardware_software,property_burned_median_value_consumable_goods,property_burned_median_value_other_motor_vehicles,property_burned_median_value_recreational_vehicles,property_burned_median_value_radios_t_vs_vc_rs,property_burned_median_value_structures_industrial_manufacturing,property_burned_median_value_tools_power_hand,property_burned_median_value_purses_handbags_wallets,property_burned_median_value_jewelry_precious_metals,property_burned_median_value_recordings_audio_visual,property_burned_median_value_credit_debit_cards,property_burned_median_value_firearms,drugs_unknown_type_drug,drugs_cocaine,drugs_marijuana,drugs_hashish,drugs_amphetamines_methamphetamines,drugs_other_hallucinogrens,drugs_other_stimulants,drugs_crack_cocaine,drugs_lsd,drugs_other_drugs,drugs_other_narcotics,drugs_barbiturates,drugs_heroin,drugs_morphine,drugs_other_depressants,drugs_pcp,property_seized_merchandise,property_seized_watercraft,property_seized_structures_other_dwellings,property_seized_recreational_vehicles,property_seized_structures_other,property_seized_mean_value_merchandise,property_seized_mean_value_watercraft,property_seized_mean_value_structures_other_dwellings,property_seized_mean_value_recreational_vehicles,property_seized_mean_value_structures_other,property_seized_median_value_merchandise,property_seized_median_value_watercraft,property_seized_median_value_structures_other_dwellings,property_seized_median_value_recreational_vehicles,property_seized_median_value_structures_other,property_recovered_structures_commercial_business,property_recovered_structures_industrial_manufacturing,property_recovered_structures_single_occupancy_dwellings,property_recovered_structures_public_community,property_recovered_mean_value_structures_commercial_business,property_recovered_mean_value_structures_industrial_manufacturing,property_recovered_mean_value_structures_single_occupancy_dwellings,property_recovered_mean_value_structures_public_community,property_recovered_median_value_structures_commercial_business,property_recovered_median_value_structures_industrial_manufacturing,property_recovered_median_value_structures_single_occupancy_dwellings,property_recovered_median_value_structures_public_community,property_counterfeited_livestock,property_counterfeited_gambling_equipment,property_counterfeited_purses_handbags_wallets,property_counterfeited_mean_value_livestock,property_counterfeited_mean_value_gambling_equipment,property_counterfeited_mean_value_purses_handbags_wallets,property_counterfeited_median_value_livestock,property_counterfeited_median_value_gambling_equipment,property_counterfeited_median_value_purses_handbags_wallets,property_burned_livestock,property_burned_office_type_equipment,property_burned_gambling_equipment,property_burned_drugs_narcotics,property_burned_mean_value_livestock,property_burned_mean_value_office_type_equipment,property_burned_mean_value_gambling_equipment,property_burned_mean_value_drugs_narcotics,property_burned_median_value_livestock,property_burned_median_value_office_type_equipment,property_burned_median_value_gambling_equipment,property_burned_median_value_drugs_narcotics,drugs_opium,property_counterfeited_trucks,property_counterfeited_heavy_construction_industrial_equipment,property_counterfeited_other_motor_vehicles,property_counterfeited_mean_value_trucks,property_counterfeited_mean_value_heavy_construction_industrial_equipment,property_counterfeited_mean_value_other_motor_vehicles,property_counterfeited_median_value_trucks,property_counterfeited_median_value_heavy_construction_industrial_equipment,property_counterfeited_median_value_other_motor_vehicles,property_burned_alcohol,property_burned_merchandise,property_burned_aircraft,property_burned_nonnegotiable_instruments,property_burned_mean_value_alcohol,property_burned_mean_value_merchandise,property_burned_mean_value_aircraft,property_burned_mean_value_nonnegotiable_instruments,property_burned_median_value_alcohol,property_burned_median_value_merchandise,property_burned_median_value_aircraft,property_burned_median_value_nonnegotiable_instruments,property_seized_heavy_construction_industrial_equipment,property_seized_mean_value_heavy_construction_industrial_equipment,property_seized_median_value_heavy_construction_industrial_equipment,property_burned_drug_narcotic_equipment,property_burned_mean_value_drug_narcotic_equipment,property_burned_median_value_drug_narcotic_equipment,property_seized_buses,property_seized_mean_value_buses,property_seized_median_value_buses,property_counterfeited_structures_commercial_business,property_counterfeited_aircraft,property_counterfeited_mean_value_structures_commercial_business,property_counterfeited_mean_value_aircraft,property_counterfeited_median_value_structures_commercial_business,property_counterfeited_median_value_aircraft,property_burned_negotiable_instruments,property_burned_mean_value_negotiable_instruments,property_burned_median_value_negotiable_instruments,property_counterfeited_structures_other_dwellings,property_counterfeited_mean_value_structures_other_dwellings,property_counterfeited_median_value_structures_other_dwellings,property_seized_livestock,property_seized_mean_value_livestock,property_seized_median_value_livestock,property_counterfeited_bicycles,property_counterfeited_mean_value_bicycles,property_counterfeited_median_value_bicycles,property_seized_structures_industrial_manufacturing,property_seized_mean_value_structures_industrial_manufacturing,property_seized_median_value_structures_industrial_manufacturing,property_counterfeited_buses,property_counterfeited_watercraft,property_counterfeited_structures_other,property_counterfeited_mean_value_buses,property_counterfeited_mean_value_watercraft,property_counterfeited_mean_value_structures_other,property_counterfeited_median_value_buses,property_counterfeited_median_value_watercraft,property_counterfeited_median_value_structures_other,property_seized_structures_public_community,property_seized_mean_value_structures_public_community,property_seized_median_value_structures_public_community,property_seized_structures_commercial_business,property_seized_structures_storage,property_seized_mean_value_structures_commercial_business,property_seized_mean_value_structures_storage,property_seized_median_value_structures_commercial_business,property_seized_median_value_structures_storage,property_counterfeited_structures_storage,property_counterfeited_mean_value_structures_storage,property_counterfeited_median_value_structures_storage,property_stolen_recreational_sports_equipment,property_stolen_portible_electronic_communications,property_stolen_lawn_yard_garden_equipment,property_stolen_musical_instruments,property_stolen_building_materials,property_stolen_logging_equipment,property_stolen_pets,property_stolen_photographic_optical_equipment,property_stolen_weapons_other,property_stolen_chemicals,property_stolen_documents_personal_or_business,property_stolen_fuel,property_stolen_identity_intangible,property_stolen_identity_documents,property_stolen_metals_non_precious,property_stolen_trailers,property_stolen_aircraft_parts_accessories,property_stolen_camping_hunting_fishing_equipment_supplies,property_stolen_law_enforcement_equipment,property_stolen_firearm_accessories,property_stolen_watercraft_equipment_parts_accessories,property_stolen_medical_medical_lab_equipment,property_stolen_collections_collectibles,property_stolen_artistic_supplies_accessories,property_stolen_mean_value_recreational_sports_equipment,property_stolen_mean_value_portible_electronic_communications,property_stolen_mean_value_lawn_yard_garden_equipment,property_stolen_mean_value_musical_instruments,property_stolen_mean_value_building_materials,property_stolen_mean_value_logging_equipment,property_stolen_mean_value_pets,property_stolen_mean_value_photographic_optical_equipment,property_stolen_mean_value_weapons_other,property_stolen_mean_value_chemicals,property_stolen_mean_value_documents_personal_or_business,property_stolen_mean_value_fuel,property_stolen_mean_value_identity_intangible,property_stolen_mean_value_identity_documents,property_stolen_mean_value_metals_non_precious,property_stolen_mean_value_trailers,property_stolen_mean_value_aircraft_parts_accessories,property_stolen_mean_value_camping_hunting_fishing_equipment_supplies,property_stolen_mean_value_law_enforcement_equipment,property_stolen_mean_value_firearm_accessories,property_stolen_mean_value_watercraft_equipment_parts_accessories,property_stolen_mean_value_medical_medical_lab_equipment,property_stolen_mean_value_collections_collectibles,property_stolen_mean_value_artistic_supplies_accessories,property_stolen_median_value_recreational_sports_equipment,property_stolen_median_value_portible_electronic_communications,property_stolen_median_value_lawn_yard_garden_equipment,property_stolen_median_value_musical_instruments,property_stolen_median_value_building_materials,property_stolen_median_value_logging_equipment,property_stolen_median_value_pets,property_stolen_median_value_photographic_optical_equipment,property_stolen_median_value_weapons_other,property_stolen_median_value_chemicals,property_stolen_median_value_documents_personal_or_business,property_stolen_median_value_fuel,property_stolen_median_value_identity_intangible,property_stolen_median_value_identity_documents,property_stolen_median_value_metals_non_precious,property_stolen_median_value_trailers,property_stolen_median_value_aircraft_parts_accessories,property_stolen_median_value_camping_hunting_fishing_equipment_supplies,property_stolen_median_value_law_enforcement_equipment,property_stolen_median_value_firearm_accessories,property_stolen_median_value_watercraft_equipment_parts_accessories,property_stolen_median_value_medical_medical_lab_equipment,property_stolen_median_value_collections_collectibles,property_stolen_median_value_artistic_supplies_accessories,property_counterfeited_identity_intangible,property_counterfeited_identity_documents,property_counterfeited_documents_personal_or_business,property_counterfeited_mean_value_identity_intangible,property_counterfeited_mean_value_identity_documents,property_counterfeited_mean_value_documents_personal_or_business,property_counterfeited_median_value_identity_intangible,property_counterfeited_median_value_identity_documents,property_counterfeited_median_value_documents_personal_or_business,property_destroyed_building_materials,property_destroyed_metals_non_precious,property_destroyed_photographic_optical_equipment,property_destroyed_mean_value_building_materials,property_destroyed_mean_value_metals_non_precious,property_destroyed_mean_value_photographic_optical_equipment,property_destroyed_median_value_building_materials,property_destroyed_median_value_metals_non_precious,property_destroyed_median_value_photographic_optical_equipment,property_seized_identity_intangible,property_seized_photographic_optical_equipment,property_seized_weapons_other,property_seized_mean_value_identity_intangible,property_seized_mean_value_photographic_optical_equipment,property_seized_mean_value_weapons_other,property_seized_median_value_identity_intangible,property_seized_median_value_photographic_optical_equipment,property_seized_median_value_weapons_other,property_recovered_recreational_sports_equipment,property_recovered_documents_personal_or_business,property_recovered_identity_documents,property_recovered_logging_equipment,property_recovered_metals_non_precious,property_recovered_pets,property_recovered_photographic_optical_equipment,property_recovered_building_materials,property_recovered_musical_instruments,property_recovered_camping_hunting_fishing_equipment_supplies,property_recovered_fuel,property_recovered_identity_intangible,property_recovered_weapons_other,property_recovered_trailers,property_recovered_collections_collectibles,property_recovered_mean_value_recreational_sports_equipment,property_recovered_mean_value_documents_personal_or_business,property_recovered_mean_value_identity_documents,property_recovered_mean_value_logging_equipment,property_recovered_mean_value_metals_non_precious,property_recovered_mean_value_pets,property_recovered_mean_value_photographic_optical_equipment,property_recovered_mean_value_building_materials,property_recovered_mean_value_musical_instruments,property_recovered_mean_value_camping_hunting_fishing_equipment_supplies,property_recovered_mean_value_fuel,property_recovered_mean_value_identity_intangible,property_recovered_mean_value_weapons_other,property_recovered_mean_value_trailers,property_recovered_mean_value_collections_collectibles,property_recovered_median_value_recreational_sports_equipment,property_recovered_median_value_documents_personal_or_business,property_recovered_median_value_identity_documents,property_recovered_median_value_logging_equipment,property_recovered_median_value_metals_non_precious,property_recovered_median_value_pets,property_recovered_median_value_photographic_optical_equipment,property_recovered_median_value_building_materials,property_recovered_median_value_musical_instruments,property_recovered_median_value_camping_hunting_fishing_equipment_supplies,property_recovered_median_value_fuel,property_recovered_median_value_identity_intangible,property_recovered_median_value_weapons_other,property_recovered_median_value_trailers,property_recovered_median_value_collections_collectibles,property_burned_recreational_sports_equipment,property_burned_mean_value_recreational_sports_equipment,property_burned_median_value_recreational_sports_equipment,property_stolen_crops,property_stolen_explosives,property_stolen_mean_value_crops,property_stolen_mean_value_explosives,property_stolen_median_value_crops,property_stolen_median_value_explosives,property_destroyed_lawn_yard_garden_equipment,property_destroyed_medical_medical_lab_equipment,property_destroyed_portible_electronic_communications,property_destroyed_trailers,property_destroyed_law_enforcement_equipment,property_destroyed_recreational_sports_equipment,property_destroyed_artistic_supplies_accessories,property_destroyed_collections_collectibles,property_destroyed_watercraft_equipment_parts_accessories,property_destroyed_crops,property_destroyed_camping_hunting_fishing_equipment_supplies,property_destroyed_musical_instruments,property_destroyed_identity_documents,property_destroyed_pets,property_destroyed_weapons_other,property_destroyed_chemicals,property_destroyed_firearm_accessories,property_destroyed_fuel,property_destroyed_aircraft_parts_accessories,property_destroyed_logging_equipment,property_destroyed_documents_personal_or_business,property_destroyed_mean_value_lawn_yard_garden_equipment,property_destroyed_mean_value_medical_medical_lab_equipment,property_destroyed_mean_value_portible_electronic_communications,property_destroyed_mean_value_trailers,property_destroyed_mean_value_law_enforcement_equipment,property_destroyed_mean_value_recreational_sports_equipment,property_destroyed_mean_value_artistic_supplies_accessories,property_destroyed_mean_value_collections_collectibles,property_destroyed_mean_value_watercraft_equipment_parts_accessories,property_destroyed_mean_value_crops,property_destroyed_mean_value_camping_hunting_fishing_equipment_supplies,property_destroyed_mean_value_musical_instruments,property_destroyed_mean_value_identity_documents,property_destroyed_mean_value_pets,property_destroyed_mean_value_weapons_other,property_destroyed_mean_value_chemicals,property_destroyed_mean_value_firearm_accessories,property_destroyed_mean_value_fuel,property_destroyed_mean_value_aircraft_parts_accessories,property_destroyed_mean_value_logging_equipment,property_destroyed_mean_value_documents_personal_or_business,property_destroyed_median_value_lawn_yard_garden_equipment,property_destroyed_median_value_medical_medical_lab_equipment,property_destroyed_median_value_portible_electronic_communications,property_destroyed_median_value_trailers,property_destroyed_median_value_law_enforcement_equipment,property_destroyed_median_value_recreational_sports_equipment,property_destroyed_median_value_artistic_supplies_accessories,property_destroyed_median_value_collections_collectibles,property_destroyed_median_value_watercraft_equipment_parts_accessories,property_destroyed_median_value_crops,property_destroyed_median_value_camping_hunting_fishing_equipment_supplies,property_destroyed_median_value_musical_instruments,property_destroyed_median_value_identity_documents,property_destroyed_median_value_pets,property_destroyed_median_value_weapons_other,property_destroyed_median_value_chemicals,property_destroyed_median_value_firearm_accessories,property_destroyed_median_value_fuel,property_destroyed_median_value_aircraft_parts_accessories,property_destroyed_median_value_logging_equipment,property_destroyed_median_value_documents_personal_or_business,property_seized_chemicals,property_seized_documents_personal_or_business,property_seized_identity_documents,property_seized_recreational_sports_equipment,property_seized_portible_electronic_communications,property_seized_explosives,property_seized_firearm_accessories,property_seized_law_enforcement_equipment,property_seized_collections_collectibles,property_seized_trailers,property_seized_mean_value_chemicals,property_seized_mean_value_documents_personal_or_business,property_seized_mean_value_identity_documents,property_seized_mean_value_recreational_sports_equipment,property_seized_mean_value_portible_electronic_communications,property_seized_mean_value_explosives,property_seized_mean_value_firearm_accessories,property_seized_mean_value_law_enforcement_equipment,property_seized_mean_value_collections_collectibles,property_seized_mean_value_trailers,property_seized_median_value_chemicals,property_seized_median_value_documents_personal_or_business,property_seized_median_value_identity_documents,property_seized_median_value_recreational_sports_equipment,property_seized_median_value_portible_electronic_communications,property_seized_median_value_explosives,property_seized_median_value_firearm_accessories,property_seized_median_value_law_enforcement_equipment,property_seized_median_value_collections_collectibles,property_seized_median_value_trailers,property_counterfeited_collections_collectibles,property_counterfeited_medical_medical_lab_equipment,property_counterfeited_fuel,property_counterfeited_mean_value_collections_collectibles,property_counterfeited_mean_value_medical_medical_lab_equipment,property_counterfeited_mean_value_fuel,property_counterfeited_median_value_collections_collectibles,property_counterfeited_median_value_medical_medical_lab_equipment,property_counterfeited_median_value_fuel,property_recovered_chemicals,property_recovered_crops,property_recovered_portible_electronic_communications,property_recovered_explosives,property_recovered_lawn_yard_garden_equipment,property_recovered_firearm_accessories,property_recovered_law_enforcement_equipment,property_recovered_medical_medical_lab_equipment,property_recovered_artistic_supplies_accessories,property_recovered_watercraft_equipment_parts_accessories,property_recovered_aircraft_parts_accessories,property_recovered_mean_value_chemicals,property_recovered_mean_value_crops,property_recovered_mean_value_portible_electronic_communications,property_recovered_mean_value_explosives,property_recovered_mean_value_lawn_yard_garden_equipment,property_recovered_mean_value_firearm_accessories,property_recovered_mean_value_law_enforcement_equipment,property_recovered_mean_value_medical_medical_lab_equipment,property_recovered_mean_value_artistic_supplies_accessories,property_recovered_mean_value_watercraft_equipment_parts_accessories,property_recovered_mean_value_aircraft_parts_accessories,property_recovered_median_value_chemicals,property_recovered_median_value_crops,property_recovered_median_value_portible_electronic_communications,property_recovered_median_value_explosives,property_recovered_median_value_lawn_yard_garden_equipment,property_recovered_median_value_firearm_accessories,property_recovered_median_value_law_enforcement_equipment,property_recovered_median_value_medical_medical_lab_equipment,property_recovered_median_value_artistic_supplies_accessories,property_recovered_median_value_watercraft_equipment_parts_accessories,property_recovered_median_value_aircraft_parts_accessories,property_burned_building_materials,property_burned_crops,property_burned_lawn_yard_garden_equipment,property_burned_metals_non_precious,property_burned_camping_hunting_fishing_equipment_supplies,property_burned_photographic_optical_equipment,property_burned_trailers,property_burned_pets,property_burned_mean_value_building_materials,property_burned_mean_value_crops,property_burned_mean_value_lawn_yard_garden_equipment,property_burned_mean_value_metals_non_precious,property_burned_mean_value_camping_hunting_fishing_equipment_supplies,property_burned_mean_value_photographic_optical_equipment,property_burned_mean_value_trailers,property_burned_mean_value_pets,property_burned_median_value_building_materials,property_burned_median_value_crops,property_burned_median_value_lawn_yard_garden_equipment,property_burned_median_value_metals_non_precious,property_burned_median_value_camping_hunting_fishing_equipment_supplies,property_burned_median_value_photographic_optical_equipment,property_burned_median_value_trailers,property_burned_median_value_pets,property_counterfeited_crops,property_counterfeited_metals_non_precious,property_counterfeited_logging_equipment,property_counterfeited_photographic_optical_equipment,property_counterfeited_recreational_sports_equipment,property_counterfeited_trailers,property_counterfeited_musical_instruments,property_counterfeited_portible_electronic_communications,property_counterfeited_artistic_supplies_accessories,property_counterfeited_mean_value_crops,property_counterfeited_mean_value_metals_non_precious,property_counterfeited_mean_value_logging_equipment,property_counterfeited_mean_value_photographic_optical_equipment,property_counterfeited_mean_value_recreational_sports_equipment,property_counterfeited_mean_value_trailers,property_counterfeited_mean_value_musical_instruments,property_counterfeited_mean_value_portible_electronic_communications,property_counterfeited_mean_value_artistic_supplies_accessories,property_counterfeited_median_value_crops,property_counterfeited_median_value_metals_non_precious,property_counterfeited_median_value_logging_equipment,property_counterfeited_median_value_photographic_optical_equipment,property_counterfeited_median_value_recreational_sports_equipment,property_counterfeited_median_value_trailers,property_counterfeited_median_value_musical_instruments,property_counterfeited_median_value_portible_electronic_communications,property_counterfeited_median_value_artistic_supplies_accessories,property_destroyed_identity_intangible,property_destroyed_explosives,property_destroyed_mean_value_identity_intangible,property_destroyed_mean_value_explosives,property_destroyed_median_value_identity_intangible,property_destroyed_median_value_explosives,property_seized_camping_hunting_fishing_equipment_supplies,property_seized_lawn_yard_garden_equipment,property_seized_fuel,property_seized_medical_medical_lab_equipment,property_seized_artistic_supplies_accessories,property_seized_metals_non_precious,property_seized_musical_instruments,property_seized_watercraft_equipment_parts_accessories,property_seized_mean_value_camping_hunting_fishing_equipment_supplies,property_seized_mean_value_lawn_yard_garden_equipment,property_seized_mean_value_fuel,property_seized_mean_value_medical_medical_lab_equipment,property_seized_mean_value_artistic_supplies_accessories,property_seized_mean_value_metals_non_precious,property_seized_mean_value_musical_instruments,property_seized_mean_value_watercraft_equipment_parts_accessories,property_seized_median_value_camping_hunting_fishing_equipment_supplies,property_seized_median_value_lawn_yard_garden_equipment,property_seized_median_value_fuel,property_seized_median_value_medical_medical_lab_equipment,property_seized_median_value_artistic_supplies_accessories,property_seized_median_value_metals_non_precious,property_seized_median_value_musical_instruments,property_seized_median_value_watercraft_equipment_parts_accessories,property_burned_fuel,property_burned_explosives,property_burned_collections_collectibles,property_burned_logging_equipment,property_burned_medical_medical_lab_equipment,property_burned_identity_documents,property_burned_musical_instruments,property_burned_firearm_accessories,property_burned_weapons_other,property_burned_documents_personal_or_business,property_burned_artistic_supplies_accessories,property_burned_mean_value_fuel,property_burned_mean_value_explosives,property_burned_mean_value_collections_collectibles,property_burned_mean_value_logging_equipment,property_burned_mean_value_medical_medical_lab_equipment,property_burned_mean_value_identity_documents,property_burned_mean_value_musical_instruments,property_burned_mean_value_firearm_accessories,property_burned_mean_value_weapons_other,property_burned_mean_value_documents_personal_or_business,property_burned_mean_value_artistic_supplies_accessories,property_burned_median_value_fuel,property_burned_median_value_explosives,property_burned_median_value_collections_collectibles,property_burned_median_value_logging_equipment,property_burned_median_value_medical_medical_lab_equipment,property_burned_median_value_identity_documents,property_burned_median_value_musical_instruments,property_burned_median_value_firearm_accessories,property_burned_median_value_weapons_other,property_burned_median_value_documents_personal_or_business,property_burned_median_value_artistic_supplies_accessories,property_seized_pets,property_seized_crops,property_seized_building_materials,property_seized_mean_value_pets,property_seized_mean_value_crops,property_seized_mean_value_building_materials,property_seized_median_value_pets,property_seized_median_value_crops,property_seized_median_value_building_materials,property_counterfeited_aircraft_parts_accessories,property_counterfeited_lawn_yard_garden_equipment,property_counterfeited_chemicals,property_counterfeited_mean_value_aircraft_parts_accessories,property_counterfeited_mean_value_lawn_yard_garden_equipment,property_counterfeited_mean_value_chemicals,property_counterfeited_median_value_aircraft_parts_accessories,property_counterfeited_median_value_lawn_yard_garden_equipment,property_counterfeited_median_value_chemicals,property_burned_portible_electronic_communications,property_burned_chemicals,property_burned_watercraft_equipment_parts_accessories,property_burned_mean_value_portible_electronic_communications,property_burned_mean_value_chemicals,property_burned_mean_value_watercraft_equipment_parts_accessories,property_burned_median_value_portible_electronic_communications,property_burned_median_value_chemicals,property_burned_median_value_watercraft_equipment_parts_accessories,property_seized_aircraft_parts_accessories,property_seized_logging_equipment,property_seized_mean_value_aircraft_parts_accessories,property_seized_mean_value_logging_equipment,property_seized_median_value_aircraft_parts_accessories,property_seized_median_value_logging_equipment,property_counterfeited_building_materials,property_counterfeited_explosives,property_counterfeited_weapons_other,property_counterfeited_camping_hunting_fishing_equipment_supplies,property_counterfeited_law_enforcement_equipment,property_counterfeited_mean_value_building_materials,property_counterfeited_mean_value_explosives,property_counterfeited_mean_value_weapons_other,property_counterfeited_mean_value_camping_hunting_fishing_equipment_supplies,property_counterfeited_mean_value_law_enforcement_equipment,property_counterfeited_median_value_building_materials,property_counterfeited_median_value_explosives,property_counterfeited_median_value_weapons_other,property_counterfeited_median_value_camping_hunting_fishing_equipment_supplies,property_counterfeited_median_value_law_enforcement_equipment,property_counterfeited_firearm_accessories,property_counterfeited_mean_value_firearm_accessories,property_counterfeited_median_value_firearm_accessories,property_burned_law_enforcement_equipment,property_burned_mean_value_law_enforcement_equipment,property_burned_median_value_law_enforcement_equipment,property_counterfeited_watercraft_equipment_parts_accessories,property_counterfeited_mean_value_watercraft_equipment_parts_accessories,property_counterfeited_median_value_watercraft_equipment_parts_accessories,property_burned_identity_intangible,property_burned_mean_value_identity_intangible,property_burned_median_value_identity_intangible,property_counterfeited_pets,property_counterfeited_mean_value_pets,property_counterfeited_median_value_pets,property_burned_aircraft_parts_accessories,property_burned_mean_value_aircraft_parts_accessories,property_burned_median_value_aircraft_parts_accessories,drugs_z,drugs_t,arrestee_unknown_age_sports_tampering,arrestee_unknown_age_human_trafficking_commercial_sex_acts,arrestee_unknown_age_human_trafficking_involuntary_servitude,arrestee_unknown_agehacking_computer_invasion,arrestee_american_indian_sports_tampering,arrestee_unknown_race_sports_tampering,arrestee_american_indian_hacking_computer_invasion,offender_american_indian_sports_tampering,victim_unknown_sex_rape,victim_unknown_sex_statutory_rape,offense_victim_refused_to_cooperate_sports_tampering,offense_death_of_suspect_sports_tampering,offense_death_of_suspect_purchasing_prostitution,offense_death_of_suspect_human_trafficking_involuntary_servitude,offense_extradition_denied_sports_tampering,offense_juvenile_no_custody_sports_tampering,offense_juvenile_no_custody_human_trafficking_involuntary_servitude
TX1012700,1999,Katy Police Department,Texas,10947,51,32,113,13,78,0,17,0,2,2,67,1,202,4,0,0,13,7,0,0,0,9,0,0,1,0,1,0,0,6,0,0,0,10,0,0,0,0,0,51,0,0,0,0,0,2,1,1,0,1,0,0,0,9,0,1,4,1,0,1,0,0,10,0,0,0,0,0,0,0,0,0,11,0,0,35,3,2,5,26,0,1,9,101,1,3,62,16,0,0,0,3,14,0,0,0,0,0,1,0,0,2,0,0,23,0,1,39,3,1,1,0,0,28,0,166,7,1,0,0,3,0,0,0,0,8,0,0,6,1,0,2,0,0,0,0,0,0,0,6,1,0,0,0,0,0,0,0,1,0,0,0,0,0,0,0,0,10,1,5,0,0,0,0,0,0,0,0,0,0,6,0,0,0,0,0,0,1,0,0,0,0,2,0,0,0,0,0,0,0,0,0,1,0,0,0,0,0,0,8,0,0,0,0,0,0,0,0,0,1,0,0,0,0,0,0,0,0,0,0,0,0,0,0,0,0,0,0,0,0,0,0,,0,0,0,0,0,0,0,0,0,0,0,0,,0,0,0,0,0,0,0,1,0,0,0,,0,34,10,3,0,16,14,2,0,52,31,0,1,6,3,69,0,0,9,2,5,0,0,0,0,1,0,1,1,0,1,53,3,10,1,1,0,0,49,122,30,0,29,0,0,2,2,0,0,0,0,1,10,2,0,0,7,0,0,0,0,0,0,0,0,4,4,0,0,0,1,0,0,0,0,0,0,0,0,0,0,0,0,0,0,6,0,0,12,0,0,0,0,0,0,0,0,0,0,0,0,0,0,0,0,0,0,0,0,0,0,1,0,0,0,0,1,0,1,0,0,0,0,6,0,0,0,4,1,1,0,0,0,0,0,0,0,0,0,0,4,0,0,0,0,0,0,0,0,0,0,0,0,0,0,0,0,0,0,0,0,0,0,13,77,1,13,0,0,0,6,0,0,0,0,0,60,36,135,18,96,0,20,0,2,4,73,1,239,5,0,0,15,7,0,0,0,10,0,0,1,0,1,0,0,8,0,0,0,14,0,0,0,0,25,34,1,2,12,22,5,51,79,1,17,0,8,87,1,0,0,2,8,10,0,0,0,0,1,1,0,4,0,15,56,2,0,19,84,136,0,2,3,0,0,0,7,7,1,2,2,3,0,0,0,0,0,0,0,9,0,0,0,0,0,0,1,0,0,0,0,0,0,0,0,1,0,0,0,0,8,0,0,0,0,0,0,0,0,0,0,0,0,1,0,1,12,0,0,0,0,0,1,1,0,0,0,0,0,0,0,0,0,0,0,0,0,12,1,47,0,2,22,12,5,79,51,0,16,26,1,67,0,0,4,10,6,0,0,0,0,1,1,2,0,2,0,7,3,63,0,1,0,1,21,136,81,0,0,3,2,0,0,0,0,0,6,1,8,1,3,3,0,0,1,0,0,0,0,0,0,0,0,1,0,9,0,0,0,0,0,1,0,0,0,0,0,0,0,0,0,0,0,0,0,0,0,4,0,4,2,0,0,0,0,0,0,0,0,0,0,0,0,0,0,0,0,1,0,0,1,0,0,9,0,0,0,0,0,0,0,0,0,0,0,0,0,0,1,0,0,0,0,0,0,,0,0,0,0,,0,0,0,0,4,0,0,0,0,0,0,0,0,0,0,,0,,0,0,0,0,49,5,6,4,9,23,12,41,82,8,0,83,13,0,0,0,8,2,10,0,0,1,0,1,4,0,0,60,9,4,0,0,1,57,44,138,0,0,2,3,0,0,0,13,1,1,4,0,3,0,0,0,0,0,0,0,7,3,0,0,0,0,0,0,1,0,0,0,0,0,0,0,0,0,0,7,1,0,0,0,0,0,0,0,0,0,0,0,0,8,0,0,10,0,0,0,1,5,0,0,0,0,0,0,1,0,0,0,13,23,0,7,8,1,71,108,1,2,1,2,22,36,4,0,0,12,0,5,0,0,0,0,14,0,0,3,7,0,0,0,0,0,0,0,0,0,0,0,0,0,0,0,0,0,0,0,12,2,21,0,0,7,2,6,0,1,5,66,9,99,1,0,0,2,1,0,2,4,18,2,34,1,3,1,0,0,0,0,0,11,0,0,2,0,0,0,0,3,0,3,11,1,0,0,0,0,0,3,0,7,0,0,0,0,0,0,0,0,0,0,0,0,0,0,0,0,0,0,0,0,0,0,0,0,0,0,0,0,0,0,0,0,0,2,11,0,5,18,0,0,1,6,3,5,0,1,24,46,9,98,1,0,0,2,0,1,1,1,21,6,29,0,4,0,0,0,0,0,1,0,0,0,0,0,1,0,0,0,2,0,0,2,0,0,0,0,0,3,0,0,1,13,10,0,0,0,0,0,0,3,0,1,3,4,0,0,0,0,0,0,0,0,0,0,0,0,0,0,1,0,0,0,0,0,0,0,0,0,0,0,0,0,0,0,0,0,0,0,0,0,0,0,0,0,0,0,0,0,0,0,0,0,0,0,0,0,0,0,0,0,0,0,0,0,0,0,0,0,0,0,0,0,0,0,,0,0,0,0,0,0,0,0,0,0,0,0,0,,0,0,0,0,0,0,0,0,0,6,13,0,4,3,0,36,57,1,0,1,0,9,25,1,0,0,8,0,3,0,0,0,0,3,0,0,0,5,0,0,0,3,18,2,3,5,1,28,0,0,0,8,5,0,0,0,0,0,2,0,2,5,3,4,0,0,0,0,0,0,0,5,0,0,0,0,0,6,0,0,0,1,0,0,7,6,7,0,2,0,0,1,2,0,0,5,0,0,0,0,0,0,0,0,33,0,0,0,0,0,0,0,0,0,0,0,0,0,0,0,1,0,0,0,0,0,0,0,0,0,13,0,17,0,2,5,6,1,64,7,103,1,1,1,2,0,19,20,16,2,0,0,0,0,3,6,2,0,0,6,0,0,5,0,2,0,0,0,0,0,0,1,13,5,0,1,0,0,3,0,0,6,1,0,0,0,0,0,0,0,0,,0,0,0,0,0,0,6,0,0,0,0,0,0,0,0,0,0,0,0,0,0,0,0,0,0,0,0,0,0,0,0,0,0,0,0,0,0,0,0,0,0,0,2,11,8,13,0,0,0,7,4,2,1,0,31,40,92,16,0,1,1,1,0,0,2,3,16,8,23,0,4,0,0,0,0,3,0,1,0,0,0,0,0,0,11,0,0,0,2,1,3,1,0,0,0,0,0,6,0,0,4,2,2,0,5,0,0,0,0,0,0,0,3,0,4,3,0,0,0,0,0,0,0,3,0,0,0,0,0,0,0,0,0,0,0,0,0,0,0,0,0,0,0,0,0,0,0,0,0,0,0,0,0,0,0,0,0,0,0,0,0,0,0,0,0,0,0,0,0,0,63,36,115,13,78,0,17,0,2,2,72,1,222,5,0,0,15,7,0,0,0,11,0,0,1,0,1,0,0,6,0,0,0,13,0,0,0,0,29,34,0,11,18,0,34,55,0,0,7,10,0,0,0,2,1,1,0,51,21,0,0,1,63,90,0,1,1,0,6,4,0,5,0,0,0,0,0,0,0,0,0,10,0,0,0,1,0,0,0,0,0,0,0,0,1,0,0,0,0,0,0,0,0,8,0,0,5,0,0,0,0,0,0,0,0,17,1,45,2,0,26,7,0,82,0,0,0,0,17,0,0,0,2,0,0,2,0,6,0,66,0,1,4,12,0,137,1,0,0,0,2,0,0,4,0,6,0,0,5,0,0,0,0,0,0,0,0,0,0,0,0,11,0,0,0,0,1,0,0,0,0,0,0,0,0,0,0,0,0,0,0,0,0,0,0,0,0,0,0,0,0,0,0,0,0,0,0,0,8,0,0,0,5,0,0,0,0,0,0,0,0,0,0,0,0,0,0,0,0,0,0,0,0,0,0,0,0,0,0,0,0,0,0,0,0,0,0,0,0,0,0,0,0,0,53,23,84,0,54,135,9,12,9,0,1,0,6,1,5,18,18,2,5,0,1,0,0,1,7,10,5,0,0,0,0,0,0,0,0,0,1,0,1,0,1,0,0,0,0,0,0,0,2,0,20,42,1,27,0,2,76,5,8,0,15,2,0,0,0,0,2,0,0,1,1,39,30,3,0,1,125,12,16,0,2,0,0,9,0,1,5,0,0,0,0,0,0,0,11,0,0,0,0,1,0,0,0,0,0,0,0,0,0,0,0,0,0,12,0,1,0,0,0,0,0,0,0,0,0,0,0,0,34,20,0,1,0,1,54,18,0,1,0,10,0,1,9,,9,1,1,4,1,0,0,0,0,,,,6,41,14,1,1,29,88,0,0,17,0,0,0,0,0,1,0,0,1,0,0,2,0,0,33,21,14,2,2,0,0,1,153,0,0,2,10,5,0,0,0,5,6,0,0,0,0,0,1,0,0,0,0,0,0,0,0,0,0,0,0,0,0,1,0,7,1,0,0,0,0,0,0,0,0,0,0,0,0,0,0,0,0,5,0,0,0,0,0,0,0,0,0,0,0,0,0,0,0,0,,0,0,0,0,0,,0,0,0,0,0,0,0,,0,0,0,0,0,0,0,0,0,0,0,,0,0,0,,0,,0,0,0,0,0,0,0,0,0,0,,0,0,0,0,0,0,0,0,0,0,0,0,0,0,0,0,0,0,0,0,,0,0,0,0,0,0,0,0,0,0,0,0,0,0,0,0,0,0,0,0,0,0,,0,0,0,0,0,0,0,0,0,0,0,,0,0,0,0,0,0,0,0,0,0,0,0,0,0,0,0,0,0,0,0,0,0,0,0,,0,0,,0,0,0,0,0,0,0,0,0,0,0,0,0,0,0,0,0,0,,0,0,0,0,0,0,0,,0,0,0,0,0,0,0,6,0,0,0,0,0,0,0,0,0,0,0,,0,0,0,0,,0,0,,0,0,,0,0,0,,,,0,0,0,0,,0,,0,0,0,0,,0,0,0,0,0,0,0,,0,,,0,0,0,0,0,0,0,0,,0,0,0,0,0,0,0,0,0,0,,0,0,0,0,0,0,0,0,0,0,0,0,0,0,0,0,,0,0,0,0,0,0,0,0,0,0,,0,0,0,0,0,0,,0,0,0,,,0,,0,0,0,0,0,0,0,,0,0,0,0,,,0,0,,,0,0,0,0,0,0,,0,0,0,,0,0,0,0,,0,0,,0,0,0,,0,0,,0,,0,,0,,,0,,,0,,,,,0,,0,,0,0,0,0,0,0,,0,0,0,0,,,,0,,0,,,0,,,0,0,,,,,,0,,0,,,,0,,0,,0,0,0,0,0,0,0,0,0,0,0,0,,,,,,,,,,,,,,,,,,,,,,,,,,,,,,,,,,,,,,,,,,,,,,,,,,,,,,,,,,,,,,,,,,,,,,,,,,,,,,,,,,,,,,,,,,,,,,,,,,,,,,,,,,,,,,,,,,,,,,,,,,,,,,,,,,,,,,,,,,,,,,,,,,,,,,,,,,,,,,,,,,,,,,,,,,,,,,,,,,,,,,,,,,,,,,,,,,,,,,,,,,,,,,,,,,,,,,,,,,,,,,,,,,,,,,,,,,,,,,,,,,,,,,,,,,,,,,,,,,,,,,,,,,,,,,,,,,,,,,,,,,,,,,,,,,,,,,,,,,,,,,,,,,,,,,,,,,,,,,,,,,,,,,,,,,,,,,,,,,,,,,,,,,,,,,,,,,,,,,,,,,,,,,,,,,,,,,,,,,,,,,,,,,,,,,,,,,,,,,,,,,,,,,,,,,,,,,,,0,,,,,0,,,,,,,,,,,,,,,,,,,,,,,,,,,,,,,,,,,,,,,,,,,,,,,,,,,,,,,,,,,,,,,,,,,,,,,,,,,,,,,,,,,,,,,,,,0,,,,,,,,,,,,,,,,,,,,,,,,,,,,,,,,,,,,,,,,,,,,,,,,,,,,,,,,,,,,,,,,,,,,,,,,,,,,,,,,,,,,,,,,,,,,,,,,,,,,,,,,,,,,,,,,,,,,,,,,,,,,,,,,,,,,,,,,,,,,,,,,,,,,,,,,,,,,,,,,,,,,,,,,,,,,,,,,,,,,,,,,,,,,,,,,,,,,,,,,,,,,,,,,,,,,,,,,,,,,,,,,,,,,,,,,,,,,,,,,,,,,,,,,,,,,,,,,,,,,,,,,,,,,,,,,,,,,,,,,,,,,,,,,,,,,,,,,,,,,,,,,,,,,,,,,,,,,,,,,,,,,,,,,,,,,,,,,,,,,,,,,,,,,,,,,,,,,,,,,,,,,,,,,,,,,,,,,,,,,,,,,,,,,,,,,,,,,,,,,,,,,,,,,,,,,,,,,,,,,,,,,,,,,,,,,,,,,,,,,,,,,,,,,,,,,,,,,,,,,,,,,,,,,,,,,,,,,,,,,,,,,,,,,,,,,,,,,,,,,,,,,,,,,,,,,,,,,,,,,,,,,,,,,,,,,,,,,,,,,,,,,,,,,,,,,,,,,,,,,,,,,,,,,,,,,,,,,,,,,,,,,,,,,,,,,,,,,,,,,,,,,,,,,,,,,,,,,,,,,,,,,,,,,,,,,,,,,,,,,,,,,,,,,,,,,,,,,,,,,,,,,,,,,,,,,,,,,,,,,,,,,,,,,,,,,,,,,,,,,,,,,,,,,,,,,,,,,,,,,,,,,,,,,,,,,,,,,,,,,,,,,,,,,,,,,,,,,,,,,,,,,,,,,,,,,,,,,,,,,,,,,,,,,,,,,,,,,,,,,,,,,,,,,,,,,,,,,,,,,,,,,,,,,,,,,,,,,,,,,,,,,,,,,,,,,,,,,,,,,,,,,,,,,,,,,,,,,,,,,,,,,,,,,,,,,,,,,,,,,,,,,,,,,,,,,,,,,,,,,,,,,,,,,,,,,,,,,,,,,,,,,,,,,,,,,,,,,,,,,,,,,,,,,,,,,,,,,,,,,,,,,,,,,,,,,,,,,,,,,,,,,,,,,,,,,,,,,,,,,,,,,,,,,,,,,,,,,,,,,,,,,,,,,,,,,,,,,,,,,,,,,,,,,,,,,,,,,,,,,,,,,,,,,,,,,,,,,,,,,,,,,,,,,,,,,,,,,,,,,,,,,,,,,,,,,,,,,,,,,,,,,,,,,,,,,,,,,,,,,,,,,,,,,,,,,,,,,,,,,,,,,,,,,,,,,,,,,,,,,,,,,,,,,,,,,,,,,,,,,,,,,,,,,,,,,,,,,,,,,,,,,,,,,,,,,,,,,,,,,,,,,,0,0,0,0,0,0,0,0,0,0,0,0,0,0,0,0,0
TX1012700,2000,Katy Police Department,Texas,0,43,52,147,13,83,0,27,0,3,3,95,2,322,1,0,0,44,17,0,0,4,9,0,0,1,0,0,0,2,9,0,0,0,12,0,0,0,0,0,43,0,0,0,0,0,3,0,3,0,2,0,0,0,9,0,1,4,4,0,1,0,0,12,0,0,0,0,0,0,0,0,0,3,0,0,38,2,0,3,45,1,3,8,134,3,2,74,9,0,0,0,2,24,0,1,0,0,0,1,0,1,2,1,0,38,0,0,55,1,1,2,0,0,100,1,213,4,4,0,0,0,0,0,0,0,33,2,0,15,0,0,2,0,0,0,0,4,0,0,6,2,0,0,0,1,0,,0,0,0,0,0,0,0,1,0,0,11,1,9,2,0,0,0,0,0,0,0,0,2,8,0,0,0,0,0,0,1,0,0,0,0,1,0,0,0,0,0,0,0,0,0,2,0,0,0,0,0,0,9,0,0,0,0,0,0,0,0,0,0,0,0,0,0,0,0,0,0,0,0,0,0,0,0,0,0,0,0,0,0,0,0,,0,0,0,0,0,0,0,0,0,0,0,0,,0,0,0,0,0,0,0,1,0,0,0,,0,31,8,3,0,26,23,1,0,49,36,3,0,8,3,71,0,0,6,3,17,0,0,0,0,3,0,0,0,2,1,63,17,15,0,2,0,0,40,230,49,1,58,0,0,1,0,0,0,0,0,5,36,2,0,1,15,0,0,0,0,1,3,0,0,6,2,0,0,0,1,0,0,0,0,0,0,0,0,0,0,1,1,1,1,7,0,3,10,0,0,0,0,0,0,0,0,0,0,0,0,0,0,0,0,0,0,0,0,0,0,1,0,2,0,0,2,1,1,1,0,0,0,12,0,0,0,1,1,0,0,0,0,0,0,0,0,0,0,0,0,0,0,0,0,0,1,0,0,0,0,0,0,0,0,0,0,0,0,0,0,0,0,13,80,3,44,0,1,1,9,0,0,0,0,0,54,61,170,18,112,0,28,0,3,5,108,2,440,2,0,0,53,19,0,0,4,10,0,0,1,0,0,0,3,14,0,0,0,16,0,0,0,0,22,26,6,0,27,34,4,56,110,2,16,0,10,101,1,0,0,1,6,21,0,0,0,0,3,0,0,5,0,33,69,6,2,122,177,141,0,2,0,0,0,0,16,16,21,4,5,10,0,0,0,0,1,2,1,7,1,0,0,0,0,0,0,1,0,0,0,0,0,0,0,0,2,1,0,1,13,0,0,0,0,0,0,0,0,0,0,0,0,0,0,2,10,0,0,0,0,0,1,5,0,0,0,0,0,0,0,0,0,0,0,0,0,12,6,36,0,7,37,17,6,111,53,0,14,21,1,90,0,0,1,21,6,0,0,0,1,0,2,5,0,0,0,23,6,79,0,0,2,17,93,146,184,0,0,0,2,0,0,0,0,0,18,21,14,4,10,5,0,0,0,0,0,0,0,0,0,1,2,0,1,9,0,0,0,0,0,0,0,1,0,0,0,0,0,0,0,0,0,3,0,0,0,4,0,10,3,0,0,0,0,0,0,0,0,0,0,0,0,0,0,0,0,0,0,0,0,0,1,14,0,0,0,0,0,0,0,0,0,0,0,0,,0,1,0,0,0,0,0,0,,1,0,0,0,,0,0,0,0,1,0,0,0,0,0,0,0,0,0,0,0,0,0,0,0,0,0,38,5,11,14,9,38,33,24,113,13,0,90,21,1,0,0,5,2,21,0,0,3,0,0,3,0,2,85,12,11,0,2,0,150,140,150,0,0,2,0,0,0,0,30,1,22,8,1,10,0,0,0,0,3,0,1,6,4,0,0,0,0,0,0,1,0,0,0,0,0,0,0,3,0,0,9,5,0,0,0,0,0,0,0,0,0,0,0,0,12,0,0,5,0,0,0,2,2,0,0,0,0,0,0,0,0,0,0,3,24,0,3,17,24,87,119,0,19,3,3,41,154,7,0,0,12,2,10,2,0,0,0,5,0,0,1,6,0,2,0,0,0,2,0,0,0,0,0,0,0,0,0,0,0,0,0,3,1,23,0,0,3,3,14,2,22,7,80,7,112,0,0,10,9,3,0,3,12,29,67,87,0,7,0,0,0,0,0,0,11,0,2,4,2,0,0,0,6,0,0,5,1,0,0,0,0,0,1,0,6,0,0,2,0,0,0,0,0,0,0,2,0,0,0,0,0,0,0,0,0,0,0,0,0,0,0,0,0,0,0,0,0,0,1,2,0,11,13,0,0,1,2,2,15,3,21,17,70,10,108,0,0,0,19,1,2,3,0,30,52,87,0,7,0,0,0,0,0,11,0,0,0,0,0,0,1,0,0,3,0,0,2,0,0,0,0,0,8,2,0,0,5,9,0,0,0,2,0,0,1,0,14,3,3,0,0,0,0,0,0,0,0,,0,0,0,0,0,0,0,0,1,0,2,0,0,0,0,0,0,0,0,0,0,0,0,0,0,0,0,1,0,0,0,0,0,0,0,0,0,0,0,0,0,0,0,0,0,0,0,0,0,0,0,0,0,0,0,0,0,0,0,0,0,,0,0,0,0,1,0,0,0,0,0,0,0,0,0,0,0,0,0,0,0,0,0,0,2,12,0,2,12,12,62,72,0,13,2,2,20,127,5,0,0,4,1,8,1,0,0,0,1,0,0,1,4,0,0,0,4,20,0,1,1,7,23,0,0,5,14,18,0,5,0,0,0,2,2,2,1,0,8,0,0,0,4,0,1,1,1,0,0,0,0,1,9,0,0,0,1,0,0,8,3,2,0,1,0,0,0,0,0,0,7,0,0,0,0,0,0,0,0,27,0,0,0,0,1,0,0,0,0,0,0,0,0,0,0,0,0,1,0,0,0,0,0,0,0,2,1,23,0,2,1,12,24,72,15,110,0,5,1,3,0,35,69,85,2,0,2,0,0,6,1,5,0,0,8,2,0,10,1,5,0,0,0,0,1,0,1,4,9,0,14,0,0,1,0,0,5,1,0,0,0,0,0,0,0,0,0,0,2,2,0,0,0,4,0,0,0,0,0,0,0,0,0,0,0,0,0,0,0,0,0,0,0,0,0,0,0,0,0,0,0,0,0,0,0,0,0,0,0,1,2,7,15,0,0,0,3,3,3,4,20,14,73,45,72,0,0,1,2,0,0,3,1,25,14,81,0,7,0,0,0,0,5,0,3,0,0,0,0,0,0,4,0,0,0,0,1,0,3,0,2,0,0,2,7,0,0,7,2,11,16,59,0,0,0,0,0,0,0,15,0,6,1,0,0,0,0,0,0,0,0,0,0,0,0,0,0,0,0,0,0,0,0,0,0,0,0,2,0,0,0,2,0,0,0,0,0,2,0,0,0,0,0,0,0,0,0,0,0,0,0,0,0,0,0,0,0,52,65,161,13,83,0,28,0,3,6,107,2,410,1,0,0,57,40,0,0,5,9,0,0,1,0,0,0,2,9,0,0,0,15,0,0,0,0,26,26,0,9,31,0,41,86,0,0,13,13,0,0,0,3,1,2,0,60,47,0,0,2,74,77,0,0,0,0,12,10,0,21,17,0,0,0,0,0,3,2,0,8,0,0,0,1,0,0,0,0,0,1,0,0,1,0,0,0,0,0,0,0,0,13,0,0,2,0,0,0,0,0,0,0,0,13,0,39,7,0,33,10,1,116,0,0,2,0,24,0,0,1,2,0,0,3,1,13,0,93,0,2,1,13,1,136,0,0,0,0,0,0,0,6,0,16,0,0,37,0,0,0,0,0,0,0,0,0,5,0,0,9,0,0,0,0,0,0,1,0,0,0,0,0,0,0,1,0,0,0,0,0,0,0,0,0,0,0,0,0,0,0,0,0,0,0,0,0,13,0,0,0,2,0,0,0,0,0,0,0,0,0,0,0,0,0,0,0,0,0,0,0,0,0,0,0,0,0,0,0,0,0,0,0,0,0,0,0,0,0,0,0,0,0,42,39,105,0,84,128,8,24,20,5,1,0,1,2,2,23,23,0,22,0,3,0,0,3,13,10,38,0,2,0,0,1,0,0,0,0,0,0,0,0,0,0,0,0,0,0,0,0,1,0,13,37,2,38,1,1,119,3,5,0,24,2,0,0,0,1,2,0,3,0,0,67,40,0,0,2,133,12,6,0,0,0,0,21,0,1,14,24,0,0,0,5,0,0,9,0,0,0,1,0,0,1,0,0,0,0,0,0,0,0,0,0,0,15,0,0,0,0,0,0,0,0,0,0,0,0,0,0,32,14,2,1,1,2,72,35,0,2,0,8,0,1,6,0,10,1,0,5,0,0,0,0,0,0,,,0,33,14,0,5,40,126,0,0,26,0,0,0,0,2,1,0,0,0,0,0,0,3,0,28,38,30,7,4,2,0,0,151,0,0,0,22,38,0,0,5,2,6,1,0,0,0,1,0,0,0,0,0,1,0,0,0,0,0,0,0,0,0,0,0,4,1,0,0,1,0,0,0,0,0,0,0,0,0,0,0,0,0,10,0,0,0,0,0,0,0,0,0,0,0,0,0,0,0,0,0,0,0,0,0,0,0,0,0,0,0,0,0,0,0,0,0,0,0,0,0,0,0,0,0,0,0,0,0,0,0,0,,0,,0,0,0,0,0,0,0,0,,0,0,0,0,0,0,0,0,0,0,,0,0,0,0,0,0,0,0,0,0,0,,0,0,0,0,0,0,0,0,0,0,0,0,0,0,,0,0,0,0,0,0,0,0,0,0,0,0,0,0,0,0,0,0,0,2,0,0,0,0,0,0,0,0,0,0,0,0,0,0,0,0,0,0,0,0,0,0,0,0,0,,0,0,0,0,0,0,0,0,0,0,0,0,0,0,0,0,,0,,0,0,0,1,0,0,0,0,0,0,0,0,0,0,0,2,0,0,0,0,0,0,0,0,0,0,0,0,0,0,0,0,0,0,,,0,0,,0,0,0,0,,0,0,0,0,0,,0,,0,0,0,0,0,0,0,0,0,0,0,0,0,0,0,0,0,0,0,,,0,0,0,,,0,0,0,0,0,0,0,0,0,,,0,,0,0,0,0,0,0,0,0,0,0,0,0,0,,0,,0,0,0,0,0,0,0,0,,0,0,0,0,0,0,,0,0,0,,0,0,0,0,,0,0,0,0,0,0,0,0,0,0,,0,0,0,0,0,0,0,0,0,0,0,0,0,0,0,,0,0,0,0,0,,0,,0,0,,,0,0,,0,0,0,,0,0,,0,,,0,,,,0,,,0,0,0,0,,0,0,0,0,0,0,0,0,,,,0,,0,,,0,,,0,0,0,,,,0,0,,0,,,0,0,,0,0,,,,,,,,,0,0,,0,0,0,0,0,0,0,0,,,,,,,,,,,,,,,,,,,,,,,,,,,,,,,,,,,,,,,,,,,,,,,,,,,,,,,,,,,,,,,,,,,,,,,,,,,,,,,,,,,,,,,,,,,,,,,,,,,,,,,,,,,,,,,,,,,,,,,,,,,,,,,,,,,,,,,,,,,,,,,,,,,,,,,,,,,,,,,,,,,,,,,,,,,,,,,,,,,,,,,,,,,,,,,,,,,,,,,,,,,,,,,,,,,,,,,,,,,,,,,,,,,,,,,,,,,,,,,,,,,,,,,,,,,,,,,,,,,,,,,,,,,,,,,,,,,,,,,,,,,,,,,,,,,,,,,,,,,,,,,,,,,,,,,,,,,,,,,,,,,,,,,,,,,,,,,,,,,,,,,,,,,,,,,,,,,,,,,,,,,,,,,,,,,,,,,,,,,,,,,,,,,,,,,,,,,,,,,,,,,,,,,,,0,,,,,0,,,,,,,,,,,,,,,,,,,,,,,,,,,,,,,,,,,,,,,,,,,,,,,,,,,,,,,,,,,,,,,,,,,,,,,,,,,,,,,,,,,,,,,,,,0,,,,,,,,,,,,,,,,,,,,,,,,,,,,,,,,,,,,,,,,,,,,,,,,,,,,,,,,,,,,,,,,,,,,,,,,,,,,,,,,,,,,,,,,,,,,,,,,,,,,,,,,,,,,,,,,,,,,,,,,,,,,,,,,,,,,,,,,,,,,,,,,,,,,,,,,,,,,,,,,,,,,,,,,,,,,,,,,,,,,,,,,,,,,,,,,,,,,,,,,,,,,,,,,,,,,,,,,,,,,,,,,,,,,,,,,,,,,,,,,,,,,,,,,,,,,,,,,,,,,,,,,,,,,,,,,,,,,,,,,,,,,,,,,,,,,,,,,,,,,,,,,,,,,,,,,,,,,,,,,,,,,,,,,,,,,,,,,,,,,,,,,,,,,,,,,,,,,,,,,,,,,,,,,,,,,,,,,,,,,,,,,,,,,,,,,,,,,,,,,,,,,,,,,,,,,,,,,,,,,,,,,,,,,,,,,,,,,,,,,,,,,,,,,,,,,,,,,,,,,,,,,,,,,,,,,,,,,,,,,,,,,,,,,,,,,,,,,,,,,,,,,,,,,,,,,,,,,,,,,,,,,,,,,,,,,,,,,,,,,,,,,,,,,,,,,,,,,,,,,,,,,,,,,,,,,,,,,,,,,,,,,,,,,,,,,,,,,,,,,,,,,,,,,,,,,,,,,,,,,,,,,,,,,,,,,,,,,,,,,,,,,,,,,,,,,,,,,,,,,,,,,,,,,,,,,,,,,,,,,,,,,,,,,,,,,,,,,,,,,,,,,,,,,,,,,,,,,,,,,,,,,,,,,,,,,,,,,,,,,,,,,,,,,,,,,,,,,,,,,,,,,,,,,,,,,,,,,,,,,,,,,,,,,,,,,,,,,,,,,,,,,,,,,,,,,,,,,,,,,,,,,,,,,,,,,,,,,,,,,,,,,,,,,,,,,,,,,,,,,,,,,,,,,,,,,,,,,,,,,,,,,,,,,,,,,,,,,,,,,,,,,,,,,,,,,,,,,,,,,,,,,,,,,,,,,,,,,,,,,,,,,,,,,,,,,,,,,,,,,,,,,,,,,,,,,,,,,,,,,,,,,,,,,,,,,,,,,,,,,,,,,,,,,,,,,,,,,,,,,,,,,,,,,,,,,,,,,,,,,,,,,,,,,,,,,,,,,,,,,,,,,,,,,,,,,,,,,,,,,,,,,,,,,,,,,,,,,,,,,,,,,,,,,,,,,,,,,,,,,,,,,,,,,,,,,,,,,,,,,,,,,,,,,,,,,,,,,,,,,,,,,,,,,,,,,,,,,,,,,,,,,,,,,,,,,,,,,,,,,,,,,,,,,,,,,,,,,,,,,,,,,,,,,,,,,,,,,,,,,,,,,,,,,,,,,,,,,,,,,,,,,,0,0,0,0,0,0,0,0,0,0,0,0,0,0,0,0,0
TX1012700,2001,Katy Police Department,Texas,12042,66,54,195,21,71,0,45,0,2,7,84,3,452,1,0,0,37,32,0,0,7,1,0,0,0,0,0,0,3,14,0,0,0,13,0,0,0,0,0,66,0,0,0,0,0,2,2,5,0,3,0,0,0,1,0,0,4,7,0,3,0,0,13,0,0,0,0,0,0,0,0,0,12,0,0,53,1,0,3,51,0,0,8,182,5,6,55,16,0,0,0,6,35,2,2,0,0,0,2,0,0,5,2,0,24,0,0,52,5,3,2,1,0,169,0,273,5,5,0,0,1,0,0,0,0,26,2,1,27,2,1,0,0,0,0,0,1,0,0,1,0,0,0,0,0,0,,0,0,0,0,0,1,0,4,0,0,15,0,8,2,0,0,0,0,0,0,0,0,2,10,0,0,0,0,0,0,0,0,0,0,0,0,0,0,0,0,0,0,0,0,0,0,0,0,0,6,0,0,11,0,0,0,0,0,0,0,0,0,0,0,0,0,0,0,0,0,0,0,0,0,0,0,0,0,0,0,0,0,0,0,0,,0,0,0,0,0,0,0,0,0,0,0,0,,0,0,0,0,0,0,0,2,0,0,0,,0,43,8,14,0,28,25,1,0,45,52,1,5,3,9,58,1,0,5,3,37,0,0,0,0,2,0,0,0,1,6,57,13,14,0,1,1,1,30,341,77,0,96,0,0,1,0,0,0,0,0,1,36,0,0,3,29,0,0,0,0,0,7,0,0,1,0,0,0,0,0,0,0,0,0,0,0,0,0,0,0,1,2,2,1,11,0,1,15,0,0,0,0,0,0,0,0,0,0,0,0,0,0,0,0,0,0,0,0,0,0,0,0,0,0,0,4,0,1,0,0,0,0,9,0,0,0,1,0,0,0,0,0,0,2,0,0,0,0,0,2,0,0,0,0,0,0,0,0,0,0,0,0,0,0,0,0,0,0,0,0,0,0,21,70,1,36,1,2,1,14,0,0,0,0,0,79,66,212,33,92,0,46,0,2,11,97,3,545,1,0,0,40,35,0,0,9,1,0,0,0,0,0,0,7,16,0,0,0,15,0,0,0,0,29,47,3,2,24,40,8,58,146,4,29,0,9,82,1,0,0,2,18,26,0,0,0,0,2,0,0,10,1,38,54,5,1,176,209,160,0,1,0,0,0,0,8,15,17,4,12,19,0,0,0,0,6,3,0,1,0,0,0,0,0,0,0,0,0,0,0,0,0,0,0,2,1,6,0,1,14,1,0,0,0,0,0,0,0,0,0,0,0,0,0,0,12,0,0,0,0,0,2,1,0,0,0,0,0,0,0,0,0,0,0,0,0,14,3,62,0,12,40,14,13,146,52,0,31,25,1,64,0,0,7,26,13,0,0,0,0,0,2,4,1,6,0,15,6,76,0,2,1,27,125,160,233,0,1,0,0,0,0,0,0,0,14,17,9,5,19,11,0,1,2,0,0,0,0,0,0,0,8,0,0,1,0,0,0,0,0,0,0,0,0,0,0,0,0,0,0,0,0,5,0,2,0,5,1,10,2,0,0,0,0,0,0,0,0,0,0,0,0,0,0,0,0,0,0,0,0,0,1,12,0,0,0,0,0,0,0,0,0,0,0,0,,0,2,0,0,0,,0,0,0,0,0,0,0,0,0,0,0,0,1,0,0,0,0,0,0,0,0,0,0,0,0,0,0,0,0,0,66,8,5,14,8,44,36,25,151,19,1,66,25,1,0,0,10,7,29,0,0,1,1,0,6,4,1,78,14,5,0,1,2,218,161,166,0,1,0,0,0,0,0,20,3,17,12,4,19,0,0,0,0,9,0,0,1,0,0,0,0,0,0,0,0,0,0,0,0,0,0,0,7,0,0,12,3,1,0,0,0,0,0,0,0,0,0,0,0,8,0,0,13,0,0,0,1,6,0,0,0,0,0,0,0,0,0,0,10,14,0,7,6,3,58,14,1,3,1,9,27,219,5,0,0,15,0,10,2,0,0,0,9,0,0,5,6,0,0,0,0,0,0,3,0,0,0,0,0,0,0,0,0,0,0,0,10,2,12,0,0,6,2,4,1,2,5,53,2,12,0,1,1,2,1,0,9,6,21,105,114,0,5,0,1,0,0,0,0,13,0,0,8,1,0,0,0,2,1,0,9,2,0,0,0,0,0,5,0,6,0,0,0,0,0,0,0,0,0,0,0,2,1,0,0,0,0,0,0,0,0,0,0,0,0,0,0,0,0,0,0,0,0,2,8,0,7,7,0,0,4,3,2,4,0,3,15,42,0,14,1,0,0,3,1,0,3,6,22,66,135,3,2,0,0,0,0,0,5,0,0,0,0,0,0,0,0,0,0,0,0,5,1,0,0,0,0,5,1,0,2,7,15,0,0,0,0,0,0,2,3,18,1,5,0,0,0,0,0,0,0,0,,0,0,0,0,0,0,0,0,0,0,0,0,0,0,2,0,0,0,0,0,0,0,0,0,0,0,0,0,0,0,0,0,0,0,0,0,0,0,0,0,0,0,0,1,0,1,0,0,0,0,0,0,0,0,0,0,0,0,0,0,0,0,0,0,0,0,0,0,0,0,0,0,0,0,0,0,0,0,0,0,0,0,0,0,0,2,9,0,0,4,2,37,7,1,2,1,6,8,106,2,0,0,6,0,6,1,0,0,0,6,0,0,3,4,0,0,0,5,2,6,4,1,0,18,0,0,1,14,85,0,1,0,0,0,3,2,4,2,1,8,0,0,0,1,0,0,0,2,3,1,0,0,0,28,0,0,2,1,0,0,0,1,3,0,0,0,1,0,0,0,0,5,1,0,0,0,0,0,0,0,5,0,0,0,0,0,0,0,0,0,0,0,0,0,0,0,2,0,0,0,0,0,0,0,0,0,8,2,9,0,3,4,6,3,47,11,13,1,1,1,5,4,21,113,106,2,0,0,0,0,6,5,0,0,0,13,0,0,6,1,3,0,0,0,0,1,0,5,4,1,0,2,0,0,4,1,0,4,2,0,0,0,0,0,0,0,0,,0,0,0,0,4,0,2,3,0,0,0,0,0,0,0,0,0,0,0,0,0,0,0,0,0,0,0,0,0,0,0,0,0,0,0,0,0,0,0,0,0,0,1,8,2,11,0,0,0,7,0,6,0,3,5,53,4,9,0,1,0,2,0,0,9,2,19,14,120,1,4,0,0,0,0,6,0,1,0,0,0,0,0,0,8,0,0,0,1,4,1,1,0,0,0,0,0,4,0,0,9,1,0,1,85,0,0,0,0,0,0,0,6,0,5,1,0,0,0,1,0,0,0,5,0,0,0,0,0,0,0,3,0,0,0,0,0,0,0,0,1,0,0,0,2,0,0,0,0,0,0,0,0,0,0,0,0,0,0,0,0,0,0,0,0,0,0,0,0,0,85,59,204,21,71,0,46,0,2,7,95,3,511,1,0,0,44,42,0,0,8,2,0,0,0,0,0,0,3,14,0,0,0,16,0,0,0,0,38,47,0,16,21,0,56,98,0,0,9,31,0,0,0,2,2,4,0,57,38,0,1,2,69,97,0,1,0,0,7,10,0,17,16,0,0,0,0,0,0,0,0,1,0,0,0,0,0,0,0,0,1,1,0,0,1,0,0,0,0,0,0,0,0,10,0,0,6,0,0,0,0,0,0,0,0,10,0,75,6,0,31,14,0,139,0,0,5,0,35,0,0,0,2,0,0,6,0,10,0,85,1,2,3,18,0,145,0,0,1,0,0,0,0,2,0,15,0,0,33,0,1,0,0,0,0,0,0,0,0,0,0,2,0,0,0,0,0,0,0,0,0,0,0,0,0,0,1,0,1,0,0,0,0,0,0,0,0,0,0,0,0,0,0,0,0,0,0,0,14,0,0,0,2,0,0,0,0,0,0,0,0,0,0,0,0,0,0,0,0,0,0,0,1,0,1,0,0,0,0,0,1,0,0,0,0,0,0,0,0,0,0,0,0,0,69,30,133,0,77,136,2,28,14,0,0,0,7,3,11,18,29,1,20,0,5,0,0,2,13,16,32,0,2,0,0,2,0,0,0,0,1,0,1,0,0,0,0,0,1,0,0,0,0,0,27,58,0,34,1,2,141,5,8,0,35,4,0,0,0,0,2,0,5,1,0,46,48,1,1,2,151,7,8,1,0,0,1,17,0,0,33,0,0,0,0,0,0,0,2,0,0,0,0,0,0,2,0,0,0,0,0,0,0,0,0,0,0,16,0,0,0,0,0,0,0,0,0,0,0,0,0,0,24,43,0,2,0,5,39,56,0,3,0,2,0,0,18,,15,0,1,1,0,0,0,0,0,0,,,15,48,14,4,4,37,153,0,0,40,0,0,0,0,0,1,1,0,0,0,0,2,2,2,21,40,23,6,5,0,1,2,164,0,0,1,17,33,0,0,0,2,0,0,0,0,0,0,0,0,0,0,0,2,0,0,0,0,0,0,0,0,0,1,0,6,2,0,0,0,0,0,0,0,0,0,2,0,2,0,0,0,0,6,0,0,0,0,0,0,0,0,0,0,0,0,0,0,0,0,0,0,0,0,0,0,0,0,0,0,0,0,0,0,0,0,0,0,0,0,0,0,0,0,0,0,,0,0,0,0,0,0,0,,0,0,0,0,0,0,0,0,,0,0,0,0,0,,0,0,0,0,0,0,0,0,0,0,0,0,0,0,0,0,,0,0,0,0,0,0,0,0,0,0,0,0,0,0,,0,0,0,0,0,,0,0,0,0,0,0,0,0,0,0,0,,0,0,1,0,0,0,0,0,0,0,0,0,0,0,0,0,0,0,0,0,0,0,0,0,0,,0,,0,0,0,0,0,0,0,0,0,0,0,0,0,0,0,0,0,0,0,0,0,0,0,0,,0,0,0,0,0,0,0,0,0,3,0,0,0,0,0,0,0,0,0,0,0,0,0,0,0,0,0,0,0,,0,0,,0,0,0,0,0,,0,0,0,0,,0,,,0,0,0,0,0,0,0,0,0,0,0,0,0,0,,0,0,0,0,0,0,0,0,,0,0,0,,0,0,0,0,0,0,,0,0,0,,0,0,0,0,0,0,0,0,0,,0,0,,0,0,0,0,0,0,0,0,0,0,,0,0,0,0,,0,0,,0,0,0,0,0,,0,,0,0,0,0,0,0,,,0,0,0,0,0,0,0,0,0,0,0,0,0,0,0,0,0,0,,0,0,0,0,0,0,0,,0,0,0,0,0,0,0,0,0,0,0,0,,0,0,0,,0,,,,0,,0,0,0,0,0,,0,0,0,,0,0,0,0,,,,0,0,0,,,0,0,,0,,,0,,,0,0,0,0,,,0,0,,0,0,0,,,,,0,,,,0,0,0,0,,,,,0,,0,0,0,0,0,0,0,0,0,,,,,,,,,,,,,,,,,,,,,,,,,,,,,,,,,,,,,,,,,,,,,,,,,,,,,,,,,,,,,,,,,,,,,,,,,,,,,,,,,,,,,,,,,,,,,,,,,,,,,,,,,,,,,,,,,,,,,,,,,,,,,,,,,,,,,,,,,,,,,,,,,,,,,,,,,,,,,,,,,,,,,,,,,,,,,,,,,,,,,,,,,,,,,,,,,,,,,,,,,,,,,,,,,,,,,,,,,,,,,,,,,,,,,,,,,,,,,,,,,,,,,,,,,,,,,,,,,,,,,,,,,,,,,,,,,,,,,,,,,,,,,,,,,,,,,,,,,,,,,,,,,,,,,,,,,,,,,,,,,,,,,,,,,,,,,,,,,,,,,,,,,,,,,,,,,,,,,,,,,,,,,,,,,,,,,,,,,,,,,,,,,,,,,,,,,,,,,,,,0,,,,,0,,,,,,,,,,,,,,,,,,,,,,,,,,,,,,,,,,,,,,,,,,,,,,,,,,,,,,,,,,,,,,,,,,,,,,,,,,,,,,,,,,,,,,,,,,0,,,,,,,,,,,,,,,,,,,,,,,,,,,,,,,,,,,,,,,,,,,,,,,,,,,,,,,,,,,,,,,,,,,,,,,,,,,,,,,,,,,,,,,,,,,,,,,,,,,,,,,,,,,,,,,,,,,,,,,,,,,,,,,,,,,,,,,,,,,,,,,,,,,,,,,,,,,,,,,,,,,,,,,,,,,,,,,,,,,,,,,,,,,,,,,,,,,,,,,,,,,,,,,,,,,,,,,,,,,,,,,,,,,,,,,,,,,,,,,,,,,,,,,,,,,,,,,,,,,,,,,,,,,,,,,,,,,,,,,,,,,,,,,,,,,,,,,,,,,,,,,,,,,,,,,,,,,,,,,,,,,,,,,,,,,,,,,,,,,,,,,,,,,,,,,,,,,,,,,,,,,,,,,,,,,,,,,,,,,,,,,,,,,,,,,,,,,,,,,,,,,,,,,,,,,,,,,,,,,,,,,,,,,,,,,,,,,,,,,,,,,,,,,,,,,,,,,,,,,,,,,,,,,,,,,,,,,,,,,,,,,,,,,,,,,,,,,,,,,,,,,,,,,,,,,,,,,,,,,,,,,,,,,,,,,,,,,,,,,,,,,,,,,,,,,,,,,,,,,,,,,,,,,,,,,,,,,,,,,,,,,,,,,,,,,,,,,,,,,,,,,,,,,,,,,,,,,,,,,,,,,,,,,,,,,,,,,,,,,,,,,,,,,,,,,,,,,,,,,,,,,,,,,,,,,,,,,,,,,,,,,,,,,,,,,,,,,,,,,,,,,,,,,,,,,,,,,,,,,,,,,,,,,,,,,,,,,,,,,,,,,,,,,,,,,,,,,,,,,,,,,,,,,,,,,,,,,,,,,,,,,,,,,,,,,,,,,,,,,,,,,,,,,,,,,,,,,,,,,,,,,,,,,,,,,,,,,,,,,,,,,,,,,,,,,,,,,,,,,,,,,,,,,,,,,,,,,,,,,,,,,,,,,,,,,,,,,,,,,,,,,,,,,,,,,,,,,,,,,,,,,,,,,,,,,,,,,,,,,,,,,,,,,,,,,,,,,,,,,,,,,,,,,,,,,,,,,,,,,,,,,,,,,,,,,,,,,,,,,,,,,,,,,,,,,,,,,,,,,,,,,,,,,,,,,,,,,,,,,,,,,,,,,,,,,,,,,,,,,,,,,,,,,,,,,,,,,,,,,,,,,,,,,,,,,,,,,,,,,,,,,,,,,,,,,,,,,,,,,,,,,,,,,,,,,,,,,,,,,,,,,,,,,,,,,,,,,,,,,,,,,,,,,,,,,,,,,,,,,,,,,,,,,,,,,,,,,,,,,,,,,,,,,,,,,,,,,,,,,,,,,,,,,,,,,,,,,,,,,,,,,,,,,,,,,,,,,,,,,,,,,,,0,0,0,0,0,0,0,0,0,0,0,0,0,0,0,0,0
TX1012700,2002,Katy Police Department,Texas,12299,52,40,155,47,93,0,32,0,5,7,85,1,498,2,0,0,68,27,0,0,4,7,0,0,2,0,1,1,3,16,0,0,1,11,0,0,0,0,2,50,0,0,0,0,0,5,3,4,0,1,0,0,0,7,0,2,9,5,0,2,1,0,11,0,0,0,0,0,0,0,0,0,15,0,0,30,6,1,3,34,1,1,9,140,1,15,78,14,0,0,0,9,22,0,1,0,0,0,4,0,1,3,3,1,28,0,0,50,1,6,1,0,0,204,1,282,6,5,0,0,1,0,0,0,0,57,1,0,23,0,0,4,0,0,0,0,0,0,0,6,0,0,0,0,2,0,0,0,1,1,0,0,1,0,3,0,0,32,0,10,4,0,0,0,0,0,1,0,0,2,13,0,1,0,0,0,0,1,0,0,0,0,0,0,0,0,0,1,0,0,0,0,1,0,1,0,4,0,0,8,0,0,0,0,0,0,0,0,0,0,0,0,0,0,0,0,0,0,0,0,0,0,0,2,0,0,0,0,0,0,0,0,,0,0,0,0,0,0,0,0,0,0,0,0,,0,0,0,0,0,0,0,0,0,0,0,0,0,39,7,6,0,18,22,0,0,55,39,1,4,10,14,69,0,0,8,4,20,0,0,0,0,4,1,0,1,4,2,51,22,11,1,0,1,0,62,373,59,0,60,0,0,1,1,0,0,0,0,3,65,0,0,2,24,0,0,0,0,0,4,0,0,4,2,0,0,0,0,1,1,0,0,0,0,1,1,0,0,0,3,2,2,12,0,4,39,0,0,0,0,0,0,0,0,0,0,0,0,0,0,0,0,0,0,0,0,0,0,1,0,0,0,0,4,0,0,0,0,0,0,4,0,0,0,0,0,0,0,0,0,0,3,0,0,0,0,0,4,0,0,0,0,0,1,0,0,0,0,0,0,0,0,0,0,0,0,1,0,0,0,47,87,6,67,1,3,0,16,0,0,0,0,0,69,49,175,79,134,0,36,0,6,10,95,1,604,2,0,0,80,27,0,0,8,7,0,0,2,0,1,1,3,23,0,0,4,11,0,0,0,0,20,49,0,0,21,28,11,46,118,12,67,0,17,117,0,0,0,3,15,18,0,0,0,0,5,1,1,6,3,20,70,5,0,160,276,168,0,1,1,0,0,0,21,22,37,5,4,18,0,0,0,0,1,7,0,5,2,0,0,0,0,0,0,0,2,0,0,1,0,0,0,1,0,3,0,0,23,0,0,0,0,0,0,1,0,0,2,0,0,0,0,0,8,0,0,0,0,0,2,1,0,0,0,0,0,0,0,0,0,0,0,0,6,16,0,47,0,3,27,19,7,117,50,0,73,27,0,106,0,0,5,17,14,0,0,0,2,1,3,3,3,4,0,12,7,75,0,1,0,12,112,174,306,0,0,1,1,0,0,0,0,0,23,37,20,2,18,7,0,1,1,0,0,0,0,0,0,0,5,0,2,5,0,0,0,0,0,0,2,0,0,0,0,1,0,0,0,0,1,0,0,3,0,5,0,18,6,0,0,0,0,0,0,0,1,0,0,4,0,0,0,0,0,0,0,0,0,0,3,8,0,0,0,0,0,0,0,0,0,0,0,0,,0,3,0,0,0,0,0,0,0,0,0,0,0,0,0,0,0,0,0,0,0,0,0,0,0,0,0,0,0,0,0,0,0,0,0,0,60,6,3,12,10,27,38,16,121,52,0,115,19,0,0,0,11,7,18,0,0,3,2,1,7,0,3,73,15,7,0,0,1,246,180,178,0,1,0,1,0,0,0,41,2,37,6,2,19,0,0,0,0,3,5,0,5,0,2,0,0,0,0,0,0,0,2,0,0,1,1,0,2,1,0,19,4,0,0,0,0,0,0,0,0,4,0,0,0,4,0,0,27,0,0,0,3,4,0,0,0,0,0,0,0,0,0,0,16,24,1,6,6,3,93,17,0,0,1,5,28,259,3,0,0,29,0,12,4,0,0,0,10,1,0,8,13,0,1,0,0,0,1,6,0,0,0,0,0,0,0,0,0,0,0,0,14,5,19,1,0,6,0,6,0,3,8,85,1,16,0,0,0,0,0,1,4,6,22,103,156,1,2,2,0,0,0,0,0,27,1,0,7,2,0,0,0,5,2,2,8,2,1,0,0,0,1,7,0,13,0,0,1,0,0,0,0,0,0,0,1,1,5,0,0,0,0,0,0,0,0,0,0,0,0,0,0,0,0,0,0,0,0,3,11,2,4,18,0,1,1,5,1,2,0,3,18,74,0,17,0,0,0,0,0,1,1,4,23,77,172,0,3,0,0,0,0,0,4,0,0,3,0,0,0,0,0,0,1,0,0,4,1,0,0,0,0,8,3,0,2,8,28,1,0,0,0,0,0,2,6,8,2,11,0,0,0,0,0,0,0,0,0,0,0,0,0,0,0,0,0,1,0,1,0,0,0,5,0,0,0,0,0,0,0,0,0,0,0,0,2,0,0,0,0,0,0,0,0,0,0,0,0,0,0,0,1,0,1,0,0,0,0,0,0,0,0,0,0,0,0,0,0,0,0,1,0,0,0,0,0,2,0,0,0,0,0,0,0,0,0,0,0,0,0,0,0,0,3,4,0,2,0,0,26,3,0,0,0,0,6,19,0,0,0,13,0,2,2,0,0,0,1,0,0,1,2,0,0,0,13,4,8,2,5,2,56,0,0,0,12,185,0,1,1,1,0,2,7,10,5,2,13,0,1,0,1,0,0,1,5,2,0,0,0,0,55,1,0,4,2,0,0,7,4,11,0,0,0,5,1,4,0,0,10,1,0,0,0,0,0,0,0,10,0,0,0,0,0,0,0,0,0,0,0,0,0,0,0,3,0,1,2,0,0,0,0,0,0,13,3,21,1,2,4,5,3,80,13,16,0,0,1,5,0,25,153,106,1,0,0,0,0,3,3,1,0,0,19,0,0,12,2,2,0,0,0,0,2,0,9,1,1,0,0,0,0,6,2,0,11,2,0,0,1,0,1,0,0,0,,0,1,0,0,0,0,10,1,0,0,0,0,0,0,0,0,0,0,0,0,0,0,0,0,5,0,0,0,0,0,0,0,0,0,0,0,0,0,0,0,0,0,0,16,3,21,0,1,0,6,5,0,0,3,8,85,8,8,0,0,0,0,0,0,5,12,14,26,179,0,3,0,0,0,0,16,0,2,0,0,0,0,0,0,8,0,0,0,1,7,4,1,0,1,0,0,0,6,0,0,10,0,1,0,54,0,0,0,0,0,0,0,2,0,9,2,0,0,0,0,0,0,0,7,0,0,0,0,0,0,0,6,0,0,0,0,1,0,0,0,1,0,0,0,4,0,0,0,0,0,1,0,0,0,0,0,0,0,0,0,0,0,0,0,0,0,0,0,0,0,59,47,163,47,93,0,33,0,6,8,95,1,541,2,0,0,79,30,0,0,4,8,0,0,2,0,1,1,3,16,0,0,1,11,0,0,0,0,34,25,0,8,20,0,49,71,0,0,11,17,0,0,0,6,1,5,0,69,26,0,1,0,72,96,0,0,1,0,18,24,0,17,11,0,0,0,0,0,0,0,0,8,0,0,0,1,1,0,0,0,0,2,0,0,0,0,0,0,0,0,0,1,0,8,0,0,3,0,0,0,0,0,0,0,0,14,0,45,1,1,26,12,1,107,0,0,2,1,25,0,0,2,4,0,1,5,2,8,0,85,0,1,2,10,1,155,0,0,0,0,1,0,1,3,0,38,3,0,25,0,0,0,0,0,0,0,0,0,0,0,0,7,0,0,0,0,0,0,2,0,0,0,0,0,0,0,0,0,2,0,0,0,0,0,0,0,0,0,0,0,1,0,0,0,0,1,0,0,6,0,0,0,3,0,0,0,0,0,1,0,0,0,0,0,0,0,0,0,0,0,1,0,1,0,1,0,0,1,3,0,1,0,1,2,0,0,0,0,0,0,0,0,0,0,37,21,87,0,62,140,5,14,38,0,1,0,7,3,13,30,27,1,32,0,3,0,0,5,10,21,20,0,0,0,0,0,0,0,0,0,2,0,1,0,1,0,0,1,6,0,0,0,3,2,25,34,0,26,1,1,110,9,1,0,28,0,0,0,0,3,3,0,6,0,0,52,43,0,0,1,151,14,3,0,1,0,0,42,0,0,27,1,0,0,0,0,0,0,7,0,0,0,0,2,0,2,0,0,0,0,0,0,0,0,0,1,0,9,1,2,0,0,0,0,0,0,0,0,0,0,0,0,32,15,1,5,1,5,52,43,0,1,0,8,0,2,12,0,11,0,0,0,0,0,0,0,0,0,,,15,25,15,4,0,28,120,0,0,28,0,0,0,0,0,0,4,0,2,0,0,1,2,3,24,29,26,6,10,0,0,1,168,0,0,1,42,28,0,0,0,4,1,0,2,0,0,0,0,0,0,2,0,2,0,0,0,0,0,0,0,0,0,0,0,5,2,0,0,0,0,0,0,0,1,0,3,0,0,0,0,0,0,1,0,0,0,0,0,0,1,0,0,0,0,0,0,0,0,0,0,0,0,0,0,0,,0,0,0,0,0,0,0,0,0,0,0,0,0,0,0,0,0,0,0,,0,0,0,0,0,0,0,,0,0,0,0,0,0,0,0,0,0,2,0,0,0,0,0,0,0,0,0,0,0,0,0,0,0,0,0,0,0,0,,0,0,0,0,0,0,0,0,0,0,0,0,0,0,0,0,0,0,0,0,,0,0,0,0,0,,0,0,0,0,0,,0,0,3,0,0,0,0,0,0,0,0,0,0,0,0,0,0,0,0,0,0,0,0,0,,,0,,0,0,0,0,0,0,0,0,0,0,0,0,0,0,0,0,0,0,0,0,0,0,0,0,0,0,0,0,0,0,0,0,0,0,1,0,0,0,0,0,0,0,0,0,0,0,,0,0,0,0,0,0,0,,0,0,,0,0,0,,0,0,0,0,0,0,,0,0,0,0,0,0,0,0,,0,0,,0,0,0,0,0,,0,0,0,,,0,0,0,,0,0,,0,0,0,0,0,0,0,,,0,0,,0,0,0,0,0,0,0,0,0,,0,0,,0,0,0,0,1,0,0,0,0,,,0,0,0,0,0,1,0,0,,0,,0,0,0,,,0,0,0,0,,0,0,,,0,,0,0,,,0,0,0,0,0,,0,0,0,0,0,0,1,0,0,0,0,0,0,0,0,0,0,0,0,0,0,0,,0,0,0,0,0,0,,,0,,,0,0,,0,,,0,0,0,0,0,,0,0,0,0,0,0,,,,0,0,,,0,,0,0,0,,0,0,,,,0,0,,,,0,0,0,0,,,0,,,,0,,0,0,0,0,,0,,,0,0,,,0,,0,,,,,,0,0,,,,,,,,,,,,,,,,,,,,,,,,,,,,,,,,,,,,,,,,,,,,,,,,,,,,,,,,,,,,,,,,,,,,,,,,,,,,,,,,,,,,,,,,,,,,,,,,,,,,,,,,,,,,,,,,,,,,,,,,,,,,,,,,,,,,,,,,,,,,,,,,,,,,,,,,,,,,,,,,,,,,,,,,,,,,,,,,,,,,,,,,,,,,,,,,,,,,,,,,,,,,,,,,,,,,,,,,,,,,,,,,,,,,,,,,,,,,,,,,,,,,,,,,,,,,,,,,,,,,,,,,,,,,,,,,,,,,,,,,,,,,,,,,,,,,,,,,,,,,,,,,,,,,,,,,,,,,,,,,,,,,,,,,,,,,,,,,,,,,,,,,,,,,,,,,,,,,,,,,,,,,,,,,,,,,,,,,,,,,,,,,,,,,,,,,,,,,,,0,,,,,0,,,,,,,,,,,,,,,,,,,,,,,,,,,,,,,,,,,,,,,,,,,,,,,,,,,,,,,,,,,,,,,,,,,,,,,,,,,,,,,,,,,,,,,,,,0,,,,,,,,,,,,,,,,,,,,,,,,,,,,,,,,,,,,,,,,,,,,,,,,,,,,,,,,,,,,,,,,,,,,,,,,,,,,,,,,,,,,,,,,,,,,,,,,,,,,,,,,,,,,,,,,,,,,,,,,,,,,,,,,,,,,,,,,,,,,,,,,,,,,,,,,,,,,,,,,,,,,,,,,,,,,,,,,,,,,,,,,,,,,,,,,,,,,,,,,,,,,,,,,,,,,,,,,,,,,,,,,,,,,,,,,,,,,,,,,,,,,,,,,,,,,,,,,,,,,,,,,,,,,,,,,,,,,,,,,,,,,,,,,,,,,,,,,,,,,,,,,,,,,,,,,,,,,,,,,,,,,,,,,,,,,,,,,,,,,,,,,,,,,,,,,,,,,,,,,,,,,,,,,,,,,,,,,,,,,,,,,,,,,,,,,,,,,,,,,,,,,,,,,,,,,,,,,,,,,,,,,,,,,,,,,,,,,,,,,,,,,,,,,,,,,,,,,,,,,,,,,,,,,,,,,,,,,,,,,,,,,,,,,,,,,,,,,,,,,,,,,,,,,,,,,,,,,,,,,,,,,,,,,,,,,,,,,,,,,,,,,,,,,,,,,,,,,,,,,,,,,,,,,,,,,,,,,,,,,,,,,,,,,,,,,,,,,,,,,,,,,,,,,,,,,,,,,,,,,,,,,,,,,,,,,,,,,,,,,,,,,,,,,,,,,,,,,,,,,,,,,,,,,,,,,,,,,,,,,,,,,,,,,,,,,,,,,,,,,,,,,,,,,,,,,,,,,,,,,,,,,,,,,,,,,,,,,,,,,,,,,,,,,,,,,,,,,,,,,,,,,,,,,,,,,,,,,,,,,,,,,,,,,,,,,,,,,,,,,,,,,,,,,,,,,,,,,,,,,,,,,,,,,,,,,,,,,,,,,,,,,,,,,,,,,,,,,,,,,,,,,,,,,,,,,,,,,,,,,,,,,,,,,,,,,,,,,,,,,,,,,,,,,,,,,,,,,,,,,,,,,,,,,,,,,,,,,,,,,,,,,,,,,,,,,,,,,,,,,,,,,,,,,,,,,,,,,,,,,,,,,,,,,,,,,,,,,,,,,,,,,,,,,,,,,,,,,,,,,,,,,,,,,,,,,,,,,,,,,,,,,,,,,,,,,,,,,,,,,,,,,,,,,,,,,,,,,,,,,,,,,,,,,,,,,,,,,,,,,,,,,,,,,,,,,,,,,,,,,,,,,,,,,,,,,,,,,,,,,,,,,,,,,,,,,,,,,,,,,,,,,,,,,,,,,,,,,,,,,,,,,,,,,,,,,,,,,,,,,,,,,,,,,,,,,,,,,,,,,,,,,,,,,,,,,,,,,,,,,,,,,,,,,,,,,,,,,,,,,,,,,,0,0,0,0,0,0,0,0,0,0,0,0,0,0,0,0,0
TX1012700,2003,Katy Police Department,Texas,12623,73,75,206,49,68,0,18,0,2,10,80,6,596,1,0,0,70,0,0,0,1,10,0,0,2,0,1,0,11,16,0,0,0,7,0,0,0,0,2,70,1,0,0,0,0,2,0,10,0,6,0,0,0,10,0,2,5,11,0,0,0,0,7,0,0,0,0,0,0,0,0,0,31,0,0,35,6,1,4,67,2,0,18,177,2,8,61,7,0,0,0,2,14,1,1,0,0,0,2,0,0,5,5,0,24,0,0,50,5,1,2,3,0,273,1,309,9,4,0,0,1,0,0,0,0,59,1,0,0,0,0,7,0,0,0,0,0,0,0,10,0,0,0,0,2,0,0,0,1,0,0,0,2,1,2,0,0,41,0,10,0,0,0,0,0,0,0,0,0,8,14,0,0,0,0,0,0,0,0,0,0,0,0,0,0,0,0,2,0,0,0,0,0,0,2,0,1,0,0,3,0,0,0,0,0,0,0,0,0,0,0,1,0,0,0,0,0,0,0,0,0,0,0,0,0,0,0,0,0,0,0,0,,0,0,0,0,0,0,0,0,0,0,0,0,,0,0,0,0,0,0,0,4,0,0,0,,0,47,12,13,1,31,41,3,0,56,70,0,7,8,10,50,0,0,5,3,10,0,0,0,0,2,0,0,0,7,2,62,10,5,1,5,0,1,53,474,65,0,79,0,0,0,1,0,0,0,0,4,63,2,0,0,0,0,0,0,0,0,1,0,0,6,3,0,0,0,1,0,1,0,0,0,0,1,0,0,1,1,9,1,4,11,0,2,40,0,0,0,0,0,0,0,0,0,0,0,0,0,0,0,0,0,0,0,0,0,0,1,0,0,0,2,4,1,1,0,0,0,0,3,0,0,0,0,0,0,0,0,0,0,2,0,1,0,0,0,2,0,0,0,0,0,0,0,0,0,0,0,0,0,0,0,0,0,0,0,0,0,0,49,68,0,70,0,10,1,16,0,0,0,0,0,87,90,236,66,90,0,19,0,5,11,86,8,726,1,0,0,75,0,0,0,1,10,0,0,2,0,1,0,17,24,0,0,0,10,0,0,0,0,27,57,3,1,28,61,9,76,151,5,61,0,18,72,0,0,0,2,7,10,0,0,0,0,4,1,1,6,4,23,57,6,8,208,318,200,0,0,1,0,0,0,28,8,39,0,0,0,0,0,0,0,1,0,0,8,2,0,0,0,0,0,0,1,1,0,0,0,0,0,0,0,1,16,0,3,21,0,0,0,0,0,0,0,0,0,0,0,0,1,0,0,9,0,0,0,0,0,0,1,0,0,0,0,0,0,0,0,0,0,0,0,0,12,4,71,0,2,61,27,12,151,72,0,59,18,0,72,0,0,5,10,4,0,0,0,4,1,0,1,4,5,0,9,6,71,2,0,6,8,101,201,416,1,0,1,0,0,0,0,0,0,23,39,13,0,0,0,0,1,0,0,0,0,0,0,0,0,1,0,2,7,0,0,0,0,0,0,1,1,0,0,0,0,0,0,0,0,0,3,0,14,0,3,0,21,7,0,0,0,0,0,0,0,0,0,0,0,0,0,0,0,0,1,0,0,0,0,0,10,0,0,0,0,0,0,0,0,1,0,0,0,,0,0,0,0,0,,0,0,0,0,0,0,0,0,0,0,0,0,0,0,0,0,0,0,0,0,0,0,0,0,0,,0,0,0,0,63,19,5,17,12,61,45,40,151,50,0,72,18,0,0,0,7,2,10,0,0,5,0,0,3,4,4,69,7,10,3,5,0,274,254,198,0,0,0,1,0,0,0,34,2,39,0,0,0,0,0,0,0,0,1,0,6,2,2,0,0,0,0,0,1,0,1,0,0,0,0,0,11,6,0,12,12,0,0,0,0,0,0,0,0,0,0,0,1,6,0,0,16,0,0,0,0,4,0,0,0,0,0,0,0,0,0,0,32,485,1,7,19,25,66,120,2,3,1,6,22,334,15,0,0,35,0,7,0,0,1,0,9,0,0,9,11,0,0,0,0,0,0,1,0,0,0,0,0,0,0,1,0,0,0,0,22,86,399,0,1,6,1,18,3,22,12,54,9,111,0,2,0,3,1,1,5,2,20,147,187,3,12,10,1,0,0,0,0,35,0,0,2,0,0,0,0,5,0,2,7,0,0,0,0,1,0,9,0,11,0,0,0,0,0,0,0,0,0,0,0,1,0,0,0,0,0,0,0,0,0,0,0,1,0,0,0,0,0,0,0,0,0,5,27,5,109,371,0,1,0,7,4,15,3,22,9,57,4,116,2,0,0,3,1,0,1,4,19,67,263,8,7,0,0,0,0,0,3,0,0,0,0,0,0,0,0,0,2,0,0,2,0,0,0,0,0,5,0,0,1,8,33,0,0,0,0,0,1,1,8,4,1,10,0,0,0,0,0,0,0,0,0,0,0,0,0,0,0,0,0,0,0,0,0,0,0,1,0,0,0,0,0,0,0,0,0,0,0,0,0,0,0,0,0,0,0,0,0,0,0,0,0,0,0,0,0,0,0,0,0,0,0,0,0,0,0,0,1,0,0,0,0,0,0,0,0,0,0,0,0,0,0,0,0,0,0,0,0,0,0,0,0,0,0,0,0,1,5,38,0,2,0,3,8,8,0,0,0,0,0,8,0,0,0,2,0,0,0,0,0,0,0,0,0,1,0,0,0,0,279,43,15,3,13,14,42,0,0,3,14,236,1,8,0,1,0,12,8,6,7,5,30,0,0,0,6,0,0,0,12,2,0,2,0,0,90,0,0,0,5,1,0,168,2,16,0,0,0,3,3,3,0,0,8,0,0,0,0,0,0,0,0,69,0,0,0,0,0,1,0,0,0,0,0,0,0,0,0,1,0,0,1,0,0,0,0,0,1,22,10,473,1,4,3,14,24,49,17,116,2,2,0,2,4,19,179,155,9,0,1,0,0,3,12,5,0,0,28,0,0,6,0,6,0,1,1,0,0,0,7,2,4,0,1,0,0,4,5,0,7,4,0,0,0,0,0,0,0,0,,0,0,0,0,1,0,7,0,0,0,0,0,0,0,0,0,0,0,0,0,0,0,0,0,1,0,0,0,0,0,0,0,1,0,0,0,0,0,0,0,0,0,3,26,46,431,0,1,2,5,5,8,4,21,2,64,76,44,0,2,2,1,0,0,6,4,11,51,154,1,14,0,0,0,0,14,0,0,0,0,1,0,0,1,8,0,0,0,0,9,0,1,0,0,0,0,0,6,0,0,7,8,6,0,129,0,0,0,0,0,0,0,7,0,11,0,0,0,0,3,0,0,0,15,0,0,0,0,0,0,0,0,0,0,0,0,0,0,0,0,0,0,0,0,0,1,0,0,0,0,0,0,0,0,0,0,0,1,0,0,0,0,0,0,0,0,0,0,0,0,77,81,230,49,68,0,18,0,2,14,84,7,635,1,0,0,87,0,0,0,1,11,0,0,3,0,1,0,11,16,0,0,0,7,0,0,0,0,46,31,0,15,33,0,47,106,0,0,7,8,0,0,0,2,3,6,0,48,36,0,6,1,75,136,0,0,0,0,33,16,0,0,0,0,0,0,0,0,0,0,0,10,0,0,0,1,2,0,0,0,2,6,0,0,1,0,0,0,0,0,0,0,0,4,0,0,3,0,0,0,0,0,0,0,0,6,0,71,0,0,48,4,0,147,0,0,3,0,12,0,0,0,2,1,0,7,0,10,0,74,1,6,2,10,3,196,0,0,0,0,0,0,0,3,0,46,0,0,0,0,2,0,0,0,0,0,0,0,0,0,0,11,0,0,0,0,0,0,3,0,0,0,0,1,0,0,0,0,8,0,0,0,0,0,0,0,0,0,0,0,0,0,0,0,0,0,0,0,7,0,0,0,0,0,0,0,0,0,0,0,0,0,0,0,0,0,0,0,0,0,3,0,1,0,1,0,0,0,1,0,4,0,0,0,0,0,0,0,0,0,0,0,0,0,47,38,127,0,61,162,6,10,42,0,2,0,10,7,4,22,45,0,25,0,6,0,0,1,6,27,0,0,6,0,0,6,0,0,0,0,3,0,1,0,1,0,0,1,0,0,0,0,5,2,52,25,0,47,0,1,141,8,4,0,15,0,0,0,0,1,1,0,7,1,1,55,28,1,0,7,189,18,4,0,0,0,0,48,0,1,0,0,0,0,0,0,0,0,11,0,0,0,0,3,0,7,0,1,0,0,0,0,0,0,0,0,0,5,0,1,0,0,0,0,0,0,0,0,0,0,1,0,45,22,1,1,6,2,41,43,0,7,0,11,0,3,10,0,6,0,1,0,0,1,0,0,0,0,,,27,21,23,2,4,48,150,0,0,15,0,0,0,0,0,1,0,1,0,0,0,0,4,5,28,27,20,2,7,0,6,0,211,0,0,0,49,0,0,0,0,3,6,0,2,0,0,0,1,0,0,2,1,8,0,0,0,0,0,0,0,0,0,2,0,4,0,0,0,1,0,0,0,0,0,0,2,0,0,0,0,0,0,1,0,0,0,0,0,0,0,0,0,0,0,0,0,0,0,0,0,0,0,0,0,0,0,0,0,0,0,0,0,0,0,0,0,0,0,0,0,0,0,0,0,0,,0,0,0,0,0,,0,0,0,0,0,0,0,0,0,0,0,0,0,0,0,0,0,0,0,0,0,0,0,0,0,0,0,0,0,0,0,,0,0,0,0,0,0,0,0,0,0,0,0,0,0,0,0,,0,0,0,0,0,0,0,0,0,0,0,,0,0,0,0,0,,0,0,3,0,0,0,0,0,0,0,0,0,0,0,0,,0,0,0,0,0,0,0,0,,,0,0,0,0,0,0,0,0,0,0,0,0,0,0,0,0,0,0,0,0,0,0,0,0,0,0,0,0,0,0,0,0,0,0,0,0,1,0,0,,0,0,0,0,0,0,0,0,0,0,0,0,0,0,0,0,,0,0,,0,0,0,0,0,0,0,0,0,0,0,0,0,,0,0,0,0,0,0,0,0,0,0,0,0,0,0,0,0,0,0,,,0,0,0,,0,0,0,,0,0,0,0,0,0,,,0,,0,0,0,0,0,0,0,0,0,0,,0,0,,0,0,0,0,0,0,0,0,0,0,,0,0,0,,0,0,0,,,0,,0,0,,,,0,0,,,,0,0,,,0,,,,,0,0,0,0,0,,0,0,,,0,0,0,0,0,0,0,0,0,0,0,0,0,0,0,0,0,0,0,,0,0,,0,0,0,,,0,,,0,0,,0,0,0,0,0,0,0,0,0,0,0,0,0,0,0,0,,0,,0,0,,,,,0,0,0,0,0,,0,,,0,0,,,0,0,0,0,,,,,,,0,0,0,0,0,0,,,,0,,,0,0,0,,,,0,,,,,0,0,0,0,,,,,,,,,,,,,,,,,,,,,,,,,,,,,,,,,,,,,,,,,,,,,,,,,,,,,,,,,,,,,,,,,,,,,,,,,,,,,,,,,,,,,,,,,,,,,,,,,,,,,,,,,,,,,,,,,,,,,,,,,,,,,,,,,,,,,,,,,,,,,,,,,,,,,,,,,,,,,,,,,,,,,,,,,,,,,,,,,,,,,,,,,,,,,,,,,,,,,,,,,,,,,,,,,,,,,,,,,,,,,,,,,,,,,,,,,,,,,,,,,,,,,,,,,,,,,,,,,,,,,,,,,,,,,,,,,,,,,,,,,,,,,,,,,,,,,,,,,,,,,,,,,,,,,,,,,,,,,,,,,,,,,,,,,,,,,,,,,,,,,,,,,,,,,,,,,,,,,,,,,,,,,,,,,,,,,,,,,,,,,,,,,,,,,,,,,,,0,,,,,0,,,,,,,,,,,,,,,,,,,,,,,,,,,,,,,,,,,,,,,,,,,,,,,,,,,,,,,,,,,,,,,,,,,,,,,,,,,,,,,,,,,,,,,,,,0,,,,,,,,,,,,,,,,,,,,,,,,,,,,,,,,,,,,,,,,,,,,,,,,,,,,,,,,,,,,,,,,,,,,,,,,,,,,,,,,,,,,,,,,,,,,,,,,,,,,,,,,,,,,,,,,,,,,,,,,,,,,,,,,,,,,,,,,,,,,,,,,,,,,,,,,,,,,,,,,,,,,,,,,,,,,,,,,,,,,,,,,,,,,,,,,,,,,,,,,,,,,,,,,,,,,,,,,,,,,,,,,,,,,,,,,,,,,,,,,,,,,,,,,,,,,,,,,,,,,,,,,,,,,,,,,,,,,,,,,,,,,,,,,,,,,,,,,,,,,,,,,,,,,,,,,,,,,,,,,,,,,,,,,,,,,,,,,,,,,,,,,,,,,,,,,,,,,,,,,,,,,,,,,,,,,,,,,,,,,,,,,,,,,,,,,,,,,,,,,,,,,,,,,,,,,,,,,,,,,,,,,,,,,,,,,,,,,,,,,,,,,,,,,,,,,,,,,,,,,,,,,,,,,,,,,,,,,,,,,,,,,,,,,,,,,,,,,,,,,,,,,,,,,,,,,,,,,,,,,,,,,,,,,,,,,,,,,,,,,,,,,,,,,,,,,,,,,,,,,,,,,,,,,,,,,,,,,,,,,,,,,,,,,,,,,,,,,,,,,,,,,,,,,,,,,,,,,,,,,,,,,,,,,,,,,,,,,,,,,,,,,,,,,,,,,,,,,,,,,,,,,,,,,,,,,,,,,,,,,,,,,,,,,,,,,,,,,,,,,,,,,,,,,,,,,,,,,,,,,,,,,,,,,,,,,,,,,,,,,,,,,,,,,,,,,,,,,,,,,,,,,,,,,,,,,,,,,,,,,,,,,,,,,,,,,,,,,,,,,,,,,,,,,,,,,,,,,,,,,,,,,,,,,,,,,,,,,,,,,,,,,,,,,,,,,,,,,,,,,,,,,,,,,,,,,,,,,,,,,,,,,,,,,,,,,,,,,,,,,,,,,,,,,,,,,,,,,,,,,,,,,,,,,,,,,,,,,,,,,,,,,,,,,,,,,,,,,,,,,,,,,,,,,,,,,,,,,,,,,,,,,,,,,,,,,,,,,,,,,,,,,,,,,,,,,,,,,,,,,,,,,,,,,,,,,,,,,,,,,,,,,,,,,,,,,,,,,,,,,,,,,,,,,,,,,,,,,,,,,,,,,,,,,,,,,,,,,,,,,,,,,,,,,,,,,,,,,,,,,,,,,,,,,,,,,,,,,,,,,,,,,,,,,,,,,,,,,,,,,,,,,,,,,,,,,,,,,,,,,,,,,,,,,,,,,,,,,,,,,,,,,,,,,,,,,,,,,,,,,,,,,,,,,,,,,,,,,,,,,,,,,,,,,,,,,,,,,,,,,,,,,,0,0,0,0,0,0,0,0,0,0,0,0,0,0,0,0,0
TX1012700,2004,Katy Police Department,Texas,12940,96,62,200,54,126,0,20,0,1,4,110,5,579,2,0,0,62,0,0,0,1,7,0,0,1,0,1,0,8,17,0,0,0,10,0,0,0,0,2,94,0,0,0,0,0,1,1,3,0,5,0,0,0,7,1,0,8,8,0,1,0,0,10,0,0,0,0,0,0,0,0,0,41,0,0,46,5,4,5,55,2,0,14,180,3,9,119,7,0,0,0,1,18,0,1,0,0,0,1,0,0,2,2,0,30,0,0,74,4,2,3,1,1,251,0,310,13,4,0,0,1,0,0,0,0,56,0,0,0,0,0,2,0,0,0,0,0,0,0,6,0,0,0,0,1,0,,0,1,0,0,0,2,0,0,0,0,45,0,6,0,0,0,0,0,0,0,0,0,6,17,0,0,0,1,0,0,1,0,0,0,0,1,0,0,0,0,0,0,0,0,0,1,0,1,0,1,0,0,8,0,0,0,0,0,0,0,0,0,0,0,0,0,0,0,0,0,0,0,0,0,0,0,1,0,0,0,0,0,0,0,0,,0,0,0,0,0,0,0,0,0,0,0,0,,0,0,0,0,0,0,0,0,0,0,0,,0,56,12,23,2,31,30,1,0,57,50,0,6,8,13,105,0,0,4,3,13,0,0,0,0,1,0,0,0,2,2,65,26,16,0,4,1,0,93,405,81,0,93,0,0,0,0,2,0,0,0,7,54,0,0,0,0,0,0,0,0,0,1,0,0,5,1,0,0,0,0,0,1,0,0,0,0,1,0,0,1,1,6,1,1,15,0,3,44,0,0,0,0,0,0,0,0,0,0,0,0,0,1,0,0,0,0,0,0,0,0,1,0,0,0,3,0,1,0,0,0,0,0,8,0,0,0,3,0,0,0,0,0,0,0,0,0,0,0,0,2,0,0,0,0,0,0,0,0,0,0,0,0,0,0,0,0,0,0,0,0,0,0,53,126,0,60,2,6,2,17,0,0,0,1,0,109,73,216,74,166,0,20,0,1,5,125,5,750,2,0,0,68,0,0,0,1,8,0,0,2,0,1,0,12,21,0,0,0,10,0,0,0,0,33,67,9,1,27,45,7,49,160,16,58,0,30,136,0,0,0,1,3,16,0,0,0,0,1,0,2,2,1,42,74,9,4,207,334,209,0,1,1,0,0,0,17,15,36,0,0,0,0,0,0,0,0,1,0,7,0,0,0,0,0,0,1,0,1,0,0,0,0,0,0,1,5,6,1,0,21,0,0,0,0,0,0,0,0,0,0,0,0,1,0,1,9,0,0,0,0,0,1,0,0,0,0,0,0,0,0,0,0,0,0,0,0,10,9,90,0,11,45,17,6,160,50,0,66,29,0,137,0,0,1,17,2,0,0,0,1,0,0,2,1,2,0,18,11,95,1,1,3,11,74,211,454,0,0,1,1,0,0,0,0,1,12,36,19,0,0,0,0,0,0,0,0,0,0,0,0,0,1,0,0,8,0,0,0,0,0,1,1,0,0,0,0,0,0,0,0,0,1,7,1,4,0,3,0,18,8,0,0,0,0,0,0,0,0,0,0,0,0,0,0,0,0,1,0,0,0,0,0,8,0,0,0,0,0,0,0,0,0,0,0,0,,0,1,0,0,0,0,0,0,,0,0,0,0,0,0,0,0,0,1,0,0,0,0,0,0,0,0,0,0,0,0,,0,0,0,0,82,16,11,18,10,45,25,23,168,60,0,141,25,0,0,0,3,1,16,0,0,1,0,0,4,0,1,95,19,11,4,0,1,242,291,217,0,0,1,1,0,0,0,30,4,34,0,0,0,0,0,0,0,1,0,0,6,2,0,0,0,0,0,0,0,1,1,0,0,0,0,0,7,4,1,21,0,0,0,0,0,0,0,0,0,0,0,0,1,8,0,0,14,0,0,0,2,0,0,0,0,0,0,0,0,0,0,0,42,516,0,6,27,25,128,147,3,9,1,1,25,319,17,0,0,43,0,4,0,0,1,0,10,0,0,4,13,0,1,0,0,0,1,0,0,0,0,0,0,0,0,0,0,0,0,0,33,89,427,0,0,6,3,24,5,20,20,108,9,138,2,1,3,6,0,1,0,9,16,148,171,2,15,9,0,0,0,0,0,32,1,0,2,0,0,1,0,2,0,2,8,11,0,0,0,0,1,3,0,13,0,0,1,0,0,0,0,0,0,0,1,0,0,0,0,0,0,0,0,0,0,0,0,0,0,0,0,0,0,0,0,0,0,7,35,4,113,398,0,0,2,4,6,20,1,24,25,103,6,139,0,0,0,9,0,1,1,0,21,44,264,5,12,0,0,3,0,0,4,0,0,1,0,0,0,2,0,0,7,0,0,2,0,0,0,1,0,1,0,0,1,9,36,0,0,0,0,0,0,3,1,10,3,10,0,0,0,0,0,0,0,0,0,0,0,0,0,0,0,0,0,1,0,1,0,0,0,0,0,0,0,0,0,0,0,0,0,1,0,1,1,0,0,0,0,0,0,0,0,0,0,0,0,0,0,0,0,0,0,0,0,0,0,0,0,0,0,0,0,0,0,0,0,0,0,0,0,0,0,0,0,0,0,0,0,0,0,0,0,0,0,0,0,0,0,0,0,0,1,20,0,0,0,0,2,5,0,1,0,0,1,1,0,0,0,2,0,1,0,0,0,0,0,0,0,1,2,0,0,0,293,61,19,3,18,11,98,3,0,4,18,240,0,14,0,0,0,8,10,3,7,3,32,0,0,0,9,0,0,1,22,3,0,0,0,1,78,0,0,0,1,1,0,203,3,28,0,4,0,0,9,1,0,0,6,0,0,0,0,0,0,0,0,81,0,0,0,0,0,0,0,0,0,0,0,0,0,0,0,0,0,0,0,0,0,0,0,0,0,33,9,500,0,2,4,22,25,110,18,146,2,8,0,1,0,21,145,174,7,0,1,0,0,4,16,5,1,0,37,0,0,4,0,10,0,1,0,0,0,0,5,5,1,0,1,0,0,2,2,0,13,0,0,0,0,0,0,0,0,0,,0,1,1,0,0,0,6,0,0,0,0,0,0,0,0,0,0,0,0,0,0,0,0,0,0,0,0,0,0,0,0,0,0,0,0,0,0,0,0,0,0,0,1,40,59,445,0,0,0,6,8,9,1,24,1,127,96,49,0,1,2,2,0,0,1,8,6,31,142,1,16,0,0,0,0,12,0,0,0,0,0,0,0,1,5,0,0,0,0,4,0,1,0,1,0,0,0,10,0,1,4,12,10,5,146,0,0,0,0,0,0,0,11,0,13,4,0,0,0,1,0,0,0,21,0,0,2,0,0,0,0,0,0,0,0,0,0,0,0,0,2,0,0,0,0,0,0,0,0,0,1,0,0,0,0,0,0,0,0,0,0,0,0,0,0,0,0,0,0,0,112,75,220,54,126,0,22,0,1,7,126,5,612,2,0,0,72,0,0,0,1,8,0,0,1,0,1,0,8,17,0,0,0,10,0,0,0,0,63,49,0,15,30,0,82,88,0,0,2,14,0,0,0,1,2,2,0,82,44,0,4,1,98,127,0,1,1,0,24,18,0,0,0,0,0,0,0,0,0,0,0,8,0,0,0,1,0,0,0,0,1,6,0,0,0,0,0,0,0,0,0,0,0,10,0,0,0,0,0,0,0,0,0,0,0,7,0,105,5,0,40,14,1,152,0,0,2,0,14,0,0,0,1,1,0,3,2,18,0,106,0,5,3,16,1,203,0,0,0,0,2,0,0,7,0,35,0,0,0,0,3,0,0,0,0,0,0,0,0,0,0,8,0,0,0,0,1,0,0,0,0,0,0,0,0,0,1,0,6,2,0,0,0,0,0,0,0,0,0,0,0,0,0,0,0,0,0,0,7,0,0,0,3,0,0,0,0,0,0,0,0,0,0,0,0,0,0,0,0,0,0,3,3,0,0,0,0,0,0,0,2,0,2,0,0,0,0,0,0,0,0,0,0,0,66,35,139,0,93,192,7,11,38,0,1,0,7,2,5,33,31,1,28,0,3,0,0,1,10,46,0,0,2,0,0,5,0,0,0,0,1,0,3,0,0,1,0,0,0,0,0,0,1,2,63,47,2,44,1,0,157,13,0,0,14,1,0,0,0,1,0,0,4,0,0,87,39,0,0,5,196,25,4,1,1,0,1,39,1,2,0,0,0,0,0,0,0,0,7,0,0,0,0,1,0,7,0,0,0,0,0,0,0,0,0,1,0,7,0,3,0,0,0,0,0,0,0,0,0,0,0,0,54,39,0,1,2,1,40,86,0,5,0,8,0,1,19,,9,0,1,1,0,0,0,0,0,0,,,32,39,29,1,11,45,170,0,0,16,0,0,0,0,0,0,1,0,0,0,0,0,2,2,42,39,27,9,9,0,0,1,224,0,0,2,42,0,0,0,0,6,0,1,0,0,0,0,0,0,0,1,4,7,0,0,0,0,0,0,0,0,0,0,0,4,2,0,0,0,0,0,0,0,1,0,2,1,0,0,0,0,0,2,0,0,0,0,0,0,0,0,0,0,0,0,0,0,0,0,0,0,0,0,0,0,0,0,0,0,0,0,0,0,0,0,0,0,0,0,0,0,0,0,0,0,,0,0,0,0,0,0,0,0,0,0,0,0,0,0,0,0,0,0,0,0,0,0,0,0,0,0,0,0,0,0,0,0,0,0,0,0,0,0,0,,0,0,0,0,0,0,0,0,0,0,0,0,0,0,0,0,0,0,0,0,0,0,0,0,0,0,,0,0,0,0,0,,0,1,9,0,0,0,0,0,0,0,0,0,0,0,0,0,0,0,0,0,0,0,0,0,,,0,,0,0,0,0,0,0,0,0,0,0,0,0,0,0,0,0,,0,,0,0,0,0,0,0,0,,0,0,0,0,0,0,0,0,0,0,0,0,0,0,0,0,0,0,0,0,0,0,,0,0,0,0,0,0,0,,0,0,0,0,0,0,0,0,0,0,0,0,,0,0,0,0,0,0,0,0,0,0,0,0,0,0,0,0,0,0,0,0,,0,0,0,0,0,0,,,0,0,0,0,0,0,,,0,0,,0,0,0,0,0,0,0,0,0,,0,0,,0,0,0,0,0,0,0,0,0,0,,0,0,0,0,,0,0,0,,0,,0,0,,0,,0,0,0,0,,,0,,,0,0,,0,,0,0,0,0,0,0,0,0,,0,0,0,0,0,0,0,0,0,0,0,0,0,0,,,0,0,0,0,,0,0,0,,0,,,,0,,,,0,,0,,0,0,0,0,0,0,0,0,0,0,0,0,0,,,,0,0,0,,0,0,,0,0,,0,0,,0,0,0,0,0,0,0,0,0,0,,0,,,,,,,,0,0,0,0,0,0,,,,,0,,0,0,0,0,,,,,,,0,,0,0,0,0,0,0,0,,,,,,,,,,,,,,,,,,,,,,,,,,,,,,,,,,,,,,,,,,,,,,,,,,,,,,,,,,,,,,,,,,,,,,,,,,,,,,,,,,,,,,,,,,,,,,,,,,,,,,,,,,,,,,,,,,,,,,,,,,,,,,,,,,,,,,,,,,,,,,,,,,,,,,,,,,,,,,,,,,,,,,,,,,,,,,,,,,,,,,,,,,,,,,,,,,,,,,,,,,,,,,,,,,,,,,,,,,,,,,,,,,,,,,,,,,,,,,,,,,,,,,,,,,,,,,,,,,,,,,,,,,,,,,,,,,,,,,,,,,,,,,,,,,,,,,,,,,,,,,,,,,,,,,,,,,,,,,,,,,,,,,,,,,,,,,,,,,,,,,,,,,,,,,,,,,,,,,,,,,,,,,,,,,,,,,,,,,,,,,,,,,,,,0,,,,,0,,,,,,,,,,,,,,,,,,,,,,,,,,,,,,,,,,,,,,,,,,,,,,,,,,,,,,,,,,,,,,,,,,,,,,,,,,,,,,,,,,,,,,,,,,0,,,,,,,,,,,,,,,,,,,,,,,,,,,,,,,,,,,,,,,,,,,,,,,,,,,,,,,,,,,,,,,,,,,,,,,,,,,,,,,,,,,,,,,,,,,,,,,,,,,,,,,,,,,,,,,,,,,,,,,,,,,,,,,,,,,,,,,,,,,,,,,,,,,,,,,,,,,,,,,,,,,,,,,,,,,,,,,,,,,,,,,,,,,,,,,,,,,,,,,,,,,,,,,,,,,,,,,,,,,,,,,,,,,,,,,,,,,,,,,,,,,,,,,,,,,,,,,,,,,,,,,,,,,,,,,,,,,,,,,,,,,,,,,,,,,,,,,,,,,,,,,,,,,,,,,,,,,,,,,,,,,,,,,,,,,,,,,,,,,,,,,,,,,,,,,,,,,,,,,,,,,,,,,,,,,,,,,,,,,,,,,,,,,,,,,,,,,,,,,,,,,,,,,,,,,,,,,,,,,,,,,,,,,,,,,,,,,,,,,,,,,,,,,,,,,,,,,,,,,,,,,,,,,,,,,,,,,,,,,,,,,,,,,,,,,,,,,,,,,,,,,,,,,,,,,,,,,,,,,,,,,,,,,,,,,,,,,,,,,,,,,,,,,,,,,,,,,,,,,,,,,,,,,,,,,,,,,,,,,,,,,,,,,,,,,,,,,,,,,,,,,,,,,,,,,,,,,,,,,,,,,,,,,,,,,,,,,,,,,,,,,,,,,,,,,,,,,,,,,,,,,,,,,,,,,,,,,,,,,,,,,,,,,,,,,,,,,,,,,,,,,,,,,,,,,,,,,,,,,,,,,,,,,,,,,,,,,,,,,,,,,,,,,,,,,,,,,,,,,,,,,,,,,,,,,,,,,,,,,,,,,,,,,,,,,,,,,,,,,,,,,,,,,,,,,,,,,,,,,,,,,,,,,,,,,,,,,,,,,,,,,,,,,,,,,,,,,,,,,,,,,,,,,,,,,,,,,,,,,,,,,,,,,,,,,,,,,,,,,,,,,,,,,,,,,,,,,,,,,,,,,,,,,,,,,,,,,,,,,,,,,,,,,,,,,,,,,,,,,,,,,,,,,,,,,,,,,,,,,,,,,,,,,,,,,,,,,,,,,,,,,,,,,,,,,,,,,,,,,,,,,,,,,,,,,,,,,,,,,,,,,,,,,,,,,,,,,,,,,,,,,,,,,,,,,,,,,,,,,,,,,,,,,,,,,,,,,,,,,,,,,,,,,,,,,,,,,,,,,,,,,,,,,,,,,,,,,,,,,,,,,,,,,,,,,,,,,,,,,,,,,,,,,,,,,,,,,,,,,,,,,,,,,,,,,,,,,,,,,,,,,,,,,,,,,,,,,,,,,,,,,,,,,,,,,,,,,,,,,,,,,,,,,,,,,,,,,,,,,,,,,,,0,0,0,0,0,0,0,0,0,0,0,0,0,0,0,0,0
TX1012700,2005,Katy Police Department,Texas,13226,79,76,256,46,118,0,23,0,2,10,91,3,483,1,0,0,51,0,0,0,0,6,0,0,0,0,0,0,9,14,0,0,0,11,0,0,0,0,1,78,0,0,0,0,0,2,1,9,0,3,0,0,0,6,0,0,4,8,0,2,0,0,11,0,0,0,0,0,0,0,0,0,24,0,0,47,5,3,10,66,0,0,19,233,2,6,111,7,0,0,0,0,21,1,1,0,0,0,1,1,0,5,5,0,37,0,0,49,4,1,3,0,0,168,0,306,6,3,0,0,1,0,0,0,0,39,3,0,0,0,0,2,0,0,0,0,0,0,0,5,0,0,0,0,0,0,0,0,0,0,0,0,3,1,1,0,0,40,0,9,0,0,0,0,0,0,1,0,0,5,13,0,0,0,0,0,0,0,0,0,0,0,0,0,0,0,0,0,0,0,0,0,1,0,0,0,0,0,0,9,0,0,0,0,0,0,0,0,0,0,0,0,0,0,0,0,0,0,0,0,0,0,0,1,0,0,0,0,0,0,0,0,0,0,0,0,0,0,0,0,0,0,0,0,0,,0,0,0,0,0,0,0,0,0,0,0,,0,46,6,19,4,38,37,1,0,71,81,2,5,11,11,93,0,0,7,3,13,0,0,0,0,1,0,1,0,7,3,56,19,11,2,2,1,0,65,317,100,0,102,0,0,0,1,0,0,0,0,5,44,1,0,0,0,0,0,0,0,0,0,0,0,5,1,0,0,0,0,0,0,0,0,0,0,0,0,0,1,1,7,0,2,12,0,4,36,0,0,0,0,0,0,0,0,0,0,0,0,0,0,0,0,0,0,0,0,0,0,0,0,0,0,3,1,1,0,3,0,0,0,9,0,0,0,4,0,0,0,0,0,0,1,0,0,1,0,0,1,0,0,0,0,0,0,0,0,0,0,0,0,0,0,0,0,0,0,0,0,0,0,46,115,3,51,0,9,0,14,0,0,0,0,0,93,105,323,70,170,0,23,0,3,12,105,7,577,1,0,0,60,0,0,0,0,6,0,0,0,0,0,0,9,25,0,0,0,11,0,0,0,0,24,64,5,1,58,46,17,129,177,13,56,1,25,145,0,0,0,1,4,18,0,0,0,1,1,1,0,9,3,24,80,1,5,117,210,250,0,1,0,0,0,0,14,22,24,0,0,0,0,0,0,0,0,0,0,4,2,0,0,0,0,0,0,0,0,0,0,0,0,0,2,0,1,7,1,1,24,0,0,0,0,0,0,0,0,0,0,0,0,0,0,0,9,0,0,0,0,0,2,0,0,0,0,0,0,0,0,0,0,0,0,0,0,11,6,76,0,18,46,40,17,178,127,1,66,26,0,143,0,0,1,18,4,0,0,0,0,1,2,4,3,5,0,14,2,88,0,0,7,9,82,257,229,0,0,0,1,0,0,0,0,0,11,25,24,0,0,0,0,1,1,0,0,0,0,0,0,0,0,2,1,3,0,0,0,0,0,0,0,0,0,0,0,0,0,0,0,0,1,1,2,6,0,3,0,22,3,0,0,0,0,0,0,0,0,0,0,0,0,0,0,0,0,0,0,1,0,0,0,9,0,0,0,0,0,0,0,0,0,0,0,0,0,0,2,0,0,0,0,0,0,0,0,0,0,0,0,0,0,0,0,0,0,0,0,0,0,0,0,0,0,0,0,0,0,0,0,0,0,69,19,5,25,28,52,87,49,187,58,1,153,17,0,0,0,5,0,18,0,0,2,0,1,8,1,3,89,13,3,4,3,0,204,118,255,0,1,0,0,0,0,0,33,1,26,0,0,0,0,0,0,0,0,0,0,5,0,1,0,0,0,0,0,0,0,0,0,0,0,0,0,6,1,2,18,7,0,0,0,0,0,0,0,0,0,0,0,0,7,0,0,11,0,0,0,2,2,0,0,0,0,0,0,0,0,0,0,23,370,0,18,36,18,129,130,1,8,0,6,37,205,16,0,0,34,0,10,0,0,2,0,18,1,0,5,11,0,0,0,0,0,1,0,0,0,0,0,0,0,0,0,0,0,0,0,20,64,306,0,0,18,6,30,3,15,20,109,17,113,0,1,0,8,0,0,6,11,26,82,123,2,14,3,0,0,0,0,0,28,0,0,7,0,0,1,0,3,0,2,16,6,1,0,0,1,0,5,0,11,0,0,0,0,0,0,0,0,0,0,1,0,0,0,0,0,0,0,0,0,0,0,0,0,0,0,0,0,0,0,0,0,0,2,21,0,95,274,0,0,5,13,5,30,1,17,21,107,6,124,1,0,0,8,0,0,3,3,33,45,149,0,16,0,0,0,0,0,4,1,0,1,0,0,0,0,0,0,0,0,0,5,0,0,0,0,0,5,0,0,1,17,34,0,0,0,0,0,2,1,4,8,2,9,0,0,0,0,0,0,0,0,0,0,0,0,0,0,0,0,0,1,0,0,0,0,0,0,0,0,0,0,0,0,0,0,0,0,0,0,3,0,0,0,0,0,0,0,0,0,0,0,0,0,0,0,1,0,0,0,1,0,0,0,0,0,0,0,0,0,0,0,0,0,0,0,0,0,0,0,0,0,0,0,0,0,0,0,0,0,0,0,0,0,0,0,0,0,1,13,0,0,0,0,3,2,0,0,0,0,0,7,0,0,0,0,0,1,0,0,0,0,0,0,0,0,0,0,0,0,207,58,17,12,17,9,98,1,0,8,26,152,0,9,1,0,0,9,7,5,13,4,26,0,0,0,19,0,0,1,5,6,0,0,0,0,46,0,0,0,5,2,0,150,5,28,0,0,0,1,7,4,0,0,11,0,0,0,0,0,0,0,0,70,0,0,0,0,0,0,0,0,0,0,0,0,0,0,0,1,0,0,0,0,0,0,0,0,4,20,3,364,0,5,13,20,18,115,14,126,1,1,0,5,1,31,116,89,9,0,0,0,0,6,6,16,0,0,26,0,0,10,0,7,0,2,0,0,0,0,5,13,4,0,7,0,0,4,1,0,8,3,0,0,0,0,1,0,0,0,,0,1,0,0,0,0,8,0,0,0,0,0,0,0,0,0,0,0,0,0,0,0,0,0,0,0,0,0,0,0,0,0,0,0,0,0,0,0,0,0,0,0,0,22,33,332,0,0,0,18,8,9,0,18,6,123,69,55,0,1,2,1,0,0,6,6,17,37,96,0,16,0,0,0,0,14,0,0,0,0,0,0,0,1,6,0,0,0,1,4,1,0,0,0,0,0,0,7,0,2,10,5,19,5,72,0,0,0,1,0,0,0,14,0,10,11,0,0,0,1,0,0,0,13,0,0,0,0,0,0,0,0,0,0,0,0,0,0,0,0,6,0,0,0,0,0,0,0,0,0,1,0,0,0,0,0,0,0,0,0,0,0,0,0,0,0,0,0,0,0,87,86,274,46,118,0,24,0,2,16,98,4,511,1,0,0,58,0,0,0,0,8,0,0,0,0,0,0,9,14,0,0,0,12,0,0,0,0,44,43,0,24,28,0,88,112,0,0,8,13,0,0,0,2,2,10,0,59,39,0,4,0,120,150,0,0,1,0,15,18,0,0,0,0,0,0,0,0,0,0,0,7,0,0,0,0,0,0,0,0,2,7,0,0,1,0,0,0,0,0,0,0,0,11,0,0,1,0,0,0,0,0,0,0,0,10,1,76,4,1,45,19,0,178,0,0,1,0,20,0,0,0,2,2,0,10,1,8,3,86,0,4,7,22,0,240,2,0,0,0,1,0,1,4,0,28,0,0,0,0,3,0,0,0,0,0,0,0,0,0,0,8,0,0,0,0,0,0,0,0,0,0,0,0,0,0,3,0,6,1,0,0,0,0,0,0,0,0,0,0,0,0,0,0,0,0,0,0,12,0,0,0,0,0,0,0,0,0,0,0,0,0,0,0,0,0,0,0,0,0,0,1,3,0,0,0,0,0,1,0,5,0,0,0,0,0,0,0,0,0,0,0,0,0,61,44,171,0,67,224,4,14,30,0,0,0,7,3,7,30,41,1,26,0,10,0,0,1,6,26,0,0,2,0,0,4,0,0,0,0,2,0,2,0,1,0,0,0,0,0,0,0,4,5,50,36,1,50,1,1,199,1,0,0,20,1,0,0,0,2,0,0,5,7,0,66,32,0,0,4,244,24,2,0,1,0,0,32,1,0,0,0,0,0,0,0,0,0,7,0,0,0,0,0,0,8,0,1,0,0,0,0,0,0,0,1,0,9,0,3,0,0,0,0,0,0,0,0,0,0,0,0,60,20,1,1,6,6,36,62,0,4,0,8,0,0,7,,10,0,0,0,0,2,0,0,0,0,,,23,31,21,1,11,52,196,0,0,21,0,0,0,0,1,0,0,0,1,0,0,4,2,6,35,28,22,7,6,2,2,0,270,0,0,1,33,0,0,0,0,3,4,0,1,0,0,0,0,0,0,0,0,9,0,0,0,0,0,0,0,0,0,1,0,4,2,0,0,2,1,0,0,0,0,0,1,0,0,0,0,0,0,5,0,0,0,0,0,0,0,0,0,0,0,0,0,0,0,0,0,0,0,0,0,0,0,0,0,0,0,0,0,0,0,0,0,0,0,0,0,0,0,0,0,0,,0,0,0,0,0,0,0,,0,0,0,0,0,0,0,0,0,0,0,0,0,0,0,0,0,0,0,0,0,,0,0,0,0,0,0,0,,0,,0,0,0,0,0,0,0,0,0,0,0,0,0,0,0,0,0,0,0,0,0,0,0,0,0,0,,0,0,0,0,0,,0,0,8,0,0,0,0,0,0,0,0,0,0,0,0,,0,0,0,0,0,0,0,0,0,,0,,,0,0,0,0,0,0,0,0,0,0,0,0,0,0,0,,0,0,0,0,0,0,0,0,0,0,0,0,0,0,0,0,0,6,0,0,0,0,0,0,0,0,0,0,0,0,0,0,0,0,0,0,0,,0,0,,0,0,0,0,0,,0,0,0,0,0,0,,0,0,0,0,0,0,,0,0,0,0,0,0,0,0,0,0,0,0,,,0,0,0,0,0,0,,0,0,0,0,0,0,0,0,0,0,0,0,0,0,0,0,0,0,0,0,0,0,0,0,,0,0,0,0,0,0,0,0,0,0,,0,0,0,0,0,0,0,,0,0,,0,0,,,0,0,0,0,,0,0,0,,0,0,,0,,0,0,0,0,0,0,0,0,0,0,0,0,0,0,0,0,0,0,0,0,0,0,0,0,0,0,0,0,0,0,0,0,0,0,0,0,0,,,0,,,,,,0,,0,0,0,0,0,0,0,0,0,0,0,0,0,0,,0,0,0,,,0,0,,0,0,,0,0,,0,0,,0,0,,,0,0,0,0,0,,,,,,0,,0,0,0,0,0,0,,,0,,,,0,,0,,,0,,,,0,,,,,0,,,,,0,0,0,,,,,,,,,,,,,,,,,,,,,,,,,,,,,,,,,,,,,,,,,,,,,,,,,,,,,,,,,,,,,,,,,,,,,,,,,,,,,,,,,,,,,,,,,,,,,,,,,,,,,,,,,,,,,,,,,,,,,,,,,,,,,,,,,,,,,,,,,,,,,,,,,,,,,,,,,,,,,,,,,,,,,,,,,,,,,,,,,,,,,,,,,,,,,,,,,,,,,,,,,,,,,,,,,,,,,,,,,,,,,,,,,,,,,,,,,,,,,,,,,,,,,,,,,,,,,,,,,,,,,,,,,,,,,,,,,,,,,,,,,,,,,,,,,,,,,,,,,,,,,,,,,,,,,,,,,,,,,,,,,,,,,,,,,,,,,,,,,,,,,,,,,,,,,,,,,,,,,,,,,,,,,,,,,,,,,,,,,,,,,,,,,,0,,,,,0,,,,,,,,,,,,,,,,,,,,,,,,,,,,,,,,,,,,,,,,,,,,,,,,,,,,,,,,,,,,,,,,,,,,,,,,,,,,,,,,,,,,,,,,,,0,,,,,,,,,,,,,,,,,,,,,,,,,,,,,,,,,,,,,,,,,,,,,,,,,,,,,,,,,,,,,,,,,,,,,,,,,,,,,,,,,,,,,,,,,,,,,,,,,,,,,,,,,,,,,,,,,,,,,,,,,,,,,,,,,,,,,,,,,,,,,,,,,,,,,,,,,,,,,,,,,,,,,,,,,,,,,,,,,,,,,,,,,,,,,,,,,,,,,,,,,,,,,,,,,,,,,,,,,,,,,,,,,,,,,,,,,,,,,,,,,,,,,,,,,,,,,,,,,,,,,,,,,,,,,,,,,,,,,,,,,,,,,,,,,,,,,,,,,,,,,,,,,,,,,,,,,,,,,,,,,,,,,,,,,,,,,,,,,,,,,,,,,,,,,,,,,,,,,,,,,,,,,,,,,,,,,,,,,,,,,,,,,,,,,,,,,,,,,,,,,,,,,,,,,,,,,,,,,,,,,,,,,,,,,,,,,,,,,,,,,,,,,,,,,,,,,,,,,,,,,,,,,,,,,,,,,,,,,,,,,,,,,,,,,,,,,,,,,,,,,,,,,,,,,,,,,,,,,,,,,,,,,,,,,,,,,,,,,,,,,,,,,,,,,,,,,,,,,,,,,,,,,,,,,,,,,,,,,,,,,,,,,,,,,,,,,,,,,,,,,,,,,,,,,,,,,,,,,,,,,,,,,,,,,,,,,,,,,,,,,,,,,,,,,,,,,,,,,,,,,,,,,,,,,,,,,,,,,,,,,,,,,,,,,,,,,,,,,,,,,,,,,,,,,,,,,,,,,,,,,,,,,,,,,,,,,,,,,,,,,,,,,,,,,,,,,,,,,,,,,,,,,,,,,,,,,,,,,,,,,,,,,,,,,,,,,,,,,,,,,,,,,,,,,,,,,,,,,,,,,,,,,,,,,,,,,,,,,,,,,,,,,,,,,,,,,,,,,,,,,,,,,,,,,,,,,,,,,,,,,,,,,,,,,,,,,,,,,,,,,,,,,,,,,,,,,,,,,,,,,,,,,,,,,,,,,,,,,,,,,,,,,,,,,,,,,,,,,,,,,,,,,,,,,,,,,,,,,,,,,,,,,,,,,,,,,,,,,,,,,,,,,,,,,,,,,,,,,,,,,,,,,,,,,,,,,,,,,,,,,,,,,,,,,,,,,,,,,,,,,,,,,,,,,,,,,,,,,,,,,,,,,,,,,,,,,,,,,,,,,,,,,,,,,,,,,,,,,,,,,,,,,,,,,,,,,,,,,,,,,,,,,,,,,,,,,,,,,,,,,,,,,,,,,,,,,,,,,,,,,,,,,,,,,,,,,,,,,,,,,,,,,,,,,,,,,,,,,,,,,,,,,,,,,,,,,,,,,,,,,,,,,,,,,,,,,,,,,,,,,,,,,0,0,0,0,0,0,0,0,0,0,0,0,0,0,0,0,0
TX1012700,2006,Katy Police Department,Texas,13631,103,57,280,45,115,0,35,0,0,12,77,5,431,3,0,0,38,0,0,0,3,11,0,0,0,0,1,0,12,9,0,0,0,15,0,0,0,0,4,99,0,0,0,0,0,0,4,7,1,5,0,0,0,11,0,0,4,3,0,2,0,0,15,0,0,0,0,0,0,0,0,0,32,0,0,53,10,8,8,45,2,2,15,251,5,8,100,14,0,0,0,1,32,0,2,0,0,0,0,0,0,3,8,0,26,0,0,47,2,2,5,0,0,170,0,254,1,6,0,0,3,0,0,0,0,31,1,0,0,0,0,9,0,0,0,0,0,0,0,7,0,0,0,0,0,0,0,0,1,0,0,1,5,0,2,0,0,37,0,6,0,0,0,0,0,0,3,0,0,7,7,0,1,0,0,0,0,0,0,0,0,0,1,0,0,0,0,0,0,0,0,0,4,0,0,0,3,0,0,7,0,0,0,0,0,0,0,0,0,0,0,0,0,0,0,0,0,0,0,0,0,0,0,2,0,0,0,0,0,0,0,0,,0,0,0,0,0,0,0,0,0,0,0,0,,0,0,0,0,0,0,0,2,0,0,0,,0,56,15,25,2,25,31,1,0,131,61,0,5,16,17,80,2,0,8,4,23,0,0,0,0,0,0,0,1,2,9,40,17,14,2,1,1,1,56,289,84,0,88,0,0,0,0,3,0,0,0,2,33,3,0,0,0,0,0,0,0,0,3,0,0,9,2,0,0,0,0,0,0,0,0,0,0,0,0,2,1,2,9,0,3,6,0,5,35,0,0,0,0,0,0,0,0,0,0,0,0,0,0,0,0,0,0,0,0,0,0,0,0,0,0,4,2,0,0,0,0,0,0,11,0,0,0,5,0,1,0,0,0,0,3,0,0,0,0,0,1,0,0,0,0,0,0,0,0,0,0,0,0,0,0,0,0,0,0,0,0,0,0,45,111,4,37,1,12,0,9,0,0,0,0,0,117,70,335,62,172,0,42,0,0,22,98,8,525,3,0,0,43,0,0,0,4,12,0,0,0,0,1,0,18,11,0,0,0,17,0,0,0,0,31,79,7,1,39,30,22,120,193,14,48,0,27,144,1,0,0,3,16,23,0,0,0,0,0,0,3,11,8,33,62,3,2,105,241,179,0,1,2,0,0,0,9,13,21,0,0,0,0,0,0,0,1,3,0,11,0,0,0,0,0,0,0,0,0,0,0,0,0,0,6,0,2,14,2,0,10,1,0,0,0,0,0,0,0,0,0,0,0,0,0,1,13,0,0,0,1,0,3,1,0,0,0,0,0,0,0,0,0,0,0,0,1,14,7,95,0,10,30,28,19,194,117,0,48,38,3,129,0,0,4,23,14,0,0,0,0,0,0,8,8,6,0,23,4,70,1,0,7,17,74,182,252,0,0,2,1,0,0,0,0,0,15,21,7,0,0,0,0,5,2,0,0,0,0,0,1,0,2,4,0,8,0,0,0,0,0,0,0,0,0,0,0,0,0,0,0,0,1,9,2,7,0,1,3,7,13,0,0,0,0,0,1,0,0,0,0,0,0,0,0,0,0,1,0,2,0,0,1,13,0,0,0,0,0,0,0,0,0,0,0,0,0,0,2,0,0,0,0,0,0,,1,0,0,0,0,0,0,0,0,2,0,0,0,0,0,0,0,0,0,0,0,0,,0,0,0,0,91,16,10,22,11,37,60,59,216,49,0,151,20,1,0,0,14,4,24,0,0,0,0,0,18,0,4,74,20,4,4,4,0,185,142,198,0,1,0,2,0,0,0,19,0,24,0,0,0,0,0,0,0,4,0,0,9,3,0,0,0,0,0,0,0,0,0,0,0,0,0,0,15,1,2,9,1,1,0,0,0,0,0,0,0,0,0,0,0,11,0,0,13,0,0,0,2,4,0,0,0,0,0,0,1,0,0,0,31,341,1,11,23,13,119,123,1,5,0,5,22,209,21,0,0,34,0,6,0,0,1,0,11,3,0,7,5,0,0,0,0,0,4,2,0,0,0,0,0,0,0,0,0,0,0,0,28,83,258,0,1,11,6,17,5,8,16,103,7,116,0,1,1,4,0,2,3,7,15,75,134,4,17,3,0,0,0,0,0,28,0,0,4,0,0,0,0,2,0,7,4,6,3,0,0,1,1,6,0,5,0,0,0,0,0,0,0,0,0,0,4,0,2,0,0,0,0,0,0,0,0,0,0,0,0,0,0,0,0,0,0,0,0,3,27,1,99,241,0,1,4,7,4,19,1,12,25,92,9,113,1,0,1,4,0,0,3,2,19,45,151,8,13,0,0,0,0,0,2,0,0,0,0,0,0,1,0,0,6,0,0,2,0,0,0,0,0,4,0,0,3,8,27,1,0,0,0,0,1,5,2,11,1,3,0,0,0,0,0,0,0,0,0,0,0,0,0,0,0,0,0,4,0,0,0,0,0,2,0,0,0,0,0,0,0,0,0,0,0,0,2,0,0,0,0,0,0,0,0,0,0,0,0,0,0,0,1,0,0,0,2,0,0,0,1,0,0,0,0,0,0,0,0,0,0,1,0,0,0,0,0,1,0,0,0,0,0,0,0,0,0,0,0,0,0,0,0,0,1,7,0,0,0,1,2,1,0,0,0,0,1,7,2,0,0,0,0,0,0,0,0,0,1,0,0,0,0,0,0,0,218,51,18,7,15,3,84,0,0,2,9,149,1,9,3,0,0,15,3,4,10,7,27,0,0,0,8,0,0,1,12,4,0,1,0,0,53,0,0,0,3,1,0,116,0,33,0,3,0,0,4,2,0,0,12,0,0,0,0,0,0,0,0,71,0,0,0,0,0,0,0,0,0,0,0,0,0,0,0,2,0,0,2,0,0,0,0,0,2,23,8,337,0,8,3,19,13,107,12,122,1,3,0,5,0,18,102,107,10,0,0,0,0,4,4,4,0,0,28,0,1,6,0,11,0,1,0,0,0,0,2,9,1,1,2,0,0,6,1,0,5,0,0,0,0,0,2,0,0,0,,0,4,0,0,0,0,6,2,0,0,0,0,0,0,0,0,0,0,0,0,0,0,0,0,0,0,0,0,0,0,0,0,0,0,0,0,0,0,0,0,0,0,0,30,36,302,0,0,0,11,5,6,0,13,4,115,80,42,0,1,3,1,0,0,5,6,5,42,102,4,17,0,0,0,0,12,0,0,0,0,1,0,0,1,7,0,0,0,0,7,1,0,0,0,0,0,0,5,0,0,6,3,12,1,65,1,0,0,0,0,0,0,11,0,4,3,0,0,0,1,0,0,0,17,0,0,0,0,0,0,0,2,0,0,0,0,3,0,0,0,1,0,0,0,0,0,0,0,0,0,4,0,0,0,0,0,0,0,0,0,0,0,0,0,0,0,0,0,0,0,119,64,297,45,115,0,35,0,0,17,89,7,451,3,0,0,58,0,0,0,3,12,0,0,0,0,1,0,12,9,0,0,0,17,0,0,0,0,58,61,0,10,23,0,102,126,0,0,10,23,0,0,0,0,3,13,0,54,35,0,5,2,94,104,0,2,1,0,18,24,0,0,0,0,0,0,0,0,0,0,0,10,0,0,0,0,0,0,0,0,1,6,0,0,2,0,0,0,0,0,0,0,0,13,0,0,4,0,0,0,0,0,0,0,0,12,1,106,3,0,27,18,0,206,0,0,4,1,27,0,0,0,0,0,0,13,0,14,1,74,1,6,7,16,1,174,3,0,1,0,2,0,15,6,0,21,0,0,0,1,3,0,0,0,0,0,0,0,0,4,0,8,0,0,0,0,0,0,0,0,1,0,0,3,0,0,1,0,6,0,0,0,0,0,0,0,0,0,0,0,0,0,0,0,0,0,0,0,16,0,0,0,1,0,0,0,0,0,0,0,0,0,0,0,0,0,0,0,0,0,0,1,5,0,2,0,0,0,1,0,6,0,0,0,0,0,0,1,0,0,0,1,0,0,77,26,161,0,62,154,9,22,39,0,0,0,6,3,9,26,38,2,62,0,5,0,0,0,13,42,0,0,2,0,0,6,0,0,0,0,11,0,5,0,0,1,0,0,0,0,0,0,2,0,79,40,0,31,2,0,216,11,1,0,33,0,0,0,0,0,0,0,15,1,0,64,25,0,0,7,187,8,3,0,3,0,0,41,0,1,0,0,0,0,0,0,0,0,10,0,0,0,0,0,0,7,0,0,0,0,0,0,0,0,0,2,0,13,0,4,0,0,0,0,0,0,0,0,0,0,0,0,57,44,0,0,6,9,32,57,1,6,0,12,0,0,18,,16,0,1,0,0,1,0,0,0,0,,,31,29,33,7,19,33,224,0,0,33,0,0,0,0,0,0,0,0,0,0,0,2,3,11,24,23,29,3,10,4,2,0,196,0,0,3,42,0,0,0,0,6,4,0,1,0,0,0,0,0,0,0,1,7,0,0,0,0,0,0,0,0,0,3,0,8,3,0,0,0,1,0,0,0,1,0,1,1,1,0,0,0,0,5,0,0,0,0,0,0,0,0,0,0,0,0,0,0,0,0,0,0,0,0,0,0,,0,0,0,0,0,0,0,0,0,0,0,0,0,0,0,0,0,0,0,0,0,0,0,0,0,0,0,0,0,0,0,0,0,0,0,0,,0,0,0,0,0,0,0,0,0,0,0,0,0,0,0,0,0,0,0,0,0,0,0,0,0,0,0,0,0,0,0,0,0,0,0,0,0,0,0,1,0,0,0,0,0,0,0,0,1,,0,0,0,0,0,,0,0,7,0,0,0,0,0,0,0,0,0,0,0,0,0,3,0,0,0,0,0,0,0,0,,0,,0,0,0,0,0,0,0,0,0,0,0,0,0,0,0,0,0,0,0,0,0,0,0,0,0,0,,0,0,0,0,0,0,0,4,0,0,0,0,0,0,0,0,0,0,0,0,0,0,0,0,0,0,0,,0,0,,0,0,0,0,0,0,0,0,0,0,0,0,0,0,0,0,0,0,0,0,0,0,0,0,0,0,0,0,0,0,0,,,0,0,0,0,,0,0,,0,0,0,0,0,0,0,0,0,0,0,,0,0,0,0,0,0,0,0,0,,0,0,0,0,0,0,0,0,0,0,0,0,0,,0,0,0,0,0,0,,0,0,0,,0,0,0,0,,0,0,0,0,,,0,0,,0,0,0,0,,0,0,0,0,0,0,0,0,0,0,0,0,0,0,0,0,0,0,0,0,,0,0,0,0,0,0,0,,,0,0,0,0,0,0,,0,0,,0,0,0,,0,,0,0,0,0,0,0,0,,0,0,0,0,0,0,0,0,,0,,,,,,0,0,,0,0,,0,0,0,0,0,,,0,0,0,0,,,,,,,,,0,0,,0,0,0,,,0,,0,,0,0,0,,,0,0,,,0,0,,0,,,0,0,,0,0,,,0,0,,,,,,,,,,,,,,,,,,,,,,,,,,,,,,,,,,,,,,,,,,,,,,,,,,,,,,,,,,,,,,,,,,,,,,,,,,,,,,,,,,,,,,,,,,,,,,,,,,,,,,,,,,,,,,,,,,,,,,,,,,,,,,,,,,,,,,,,,,,,,,,,,,,,,,,,,,,,,,,,,,,,,,,,,,,,,,,,,,,,,,,,,,,,,,,,,,,,,,,,,,,,,,,,,,,,,,,,,,,,,,,,,,,,,,,,,,,,,,,,,,,,,,,,,,,,,,,,,,,,,,,,,,,,,,,,,,,,,,,,,,,,,,,,,,,,,,,,,,,,,,,,,,,,,,,,,,,,,,,,,,,,,,,,,,,,,,,,,,,,,,,,,,,,,,,,,,,,,,,,,,,,,,,,,,,,,,,,,,,,,,,,0,,,,,0,,,,,,,,,,,,,,,,,,,,,,,,,,,,,,,,,,,,,,,,,,,,,,,,,,,,,,,,,,,,,,,,,,,,,,,,,,,,,,,,,,,,,,,,,,0,,,,,,,,,,,,,,,,,,,,,,,,,,,,,,,,,,,,,,,,,,,,,,,,,,,,,,,,,,,,,,,,,,,,,,,,,,,,,,,,,,,,,,,,,,,,,,,,,,,,,,,,,,,,,,,,,,,,,,,,,,,,,,,,,,,,,,,,,,,,,,,,,,,,,,,,,,,,,,,,,,,,,,,,,,,,,,,,,,,,,,,,,,,,,,,,,,,,,,,,,,,,,,,,,,,,,,,,,,,,,,,,,,,,,,,,,,,,,,,,,,,,,,,,,,,,,,,,,,,,,,,,,,,,,,,,,,,,,,,,,,,,,,,,,,,,,,,,,,,,,,,,,,,,,,,,,,,,,,,,,,,,,,,,,,,,,,,,,,,,,,,,,,,,,,,,,,,,,,,,,,,,,,,,,,,,,,,,,,,,,,,,,,,,,,,,,,,,,,,,,,,,,,,,,,,,,,,,,,,,,,,,,,,,,,,,,,,,,,,,,,,,,,,,,,,,,,,,,,,,,,,,,,,,,,,,,,,,,,,,,,,,,,,,,,,,,,,,,,,,,,,,,,,,,,,,,,,,,,,,,,,,,,,,,,,,,,,,,,,,,,,,,,,,,,,,,,,,,,,,,,,,,,,,,,,,,,,,,,,,,,,,,,,,,,,,,,,,,,,,,,,,,,,,,,,,,,,,,,,,,,,,,,,,,,,,,,,,,,,,,,,,,,,,,,,,,,,,,,,,,,,,,,,,,,,,,,,,,,,,,,,,,,,,,,,,,,,,,,,,,,,,,,,,,,,,,,,,,,,,,,,,,,,,,,,,,,,,,,,,,,,,,,,,,,,,,,,,,,,,,,,,,,,,,,,,,,,,,,,,,,,,,,,,,,,,,,,,,,,,,,,,,,,,,,,,,,,,,,,,,,,,,,,,,,,,,,,,,,,,,,,,,,,,,,,,,,,,,,,,,,,,,,,,,,,,,,,,,,,,,,,,,,,,,,,,,,,,,,,,,,,,,,,,,,,,,,,,,,,,,,,,,,,,,,,,,,,,,,,,,,,,,,,,,,,,,,,,,,,,,,,,,,,,,,,,,,,,,,,,,,,,,,,,,,,,,,,,,,,,,,,,,,,,,,,,,,,,,,,,,,,,,,,,,,,,,,,,,,,,,,,,,,,,,,,,,,,,,,,,,,,,,,,,,,,,,,,,,,,,,,,,,,,,,,,,,,,,,,,,,,,,,,,,,,,,,,,,,,,,,,,,,,,,,,,,,,,,,,,,,,,,,,,,,,,,,,,,,,,,,,,,,,,,,,,,,,,,,,,,,,,,,,,,,,,,,,,,,,,,,,,,,,,,,,,,,,,,,,,,,,,,,,,,,,,,,,,,,,,,,,,,,,,,,,,,,,,,,,,,,,,,,0,0,0,0,0,0,0,0,0,0,0,0,0,0,0,0,0
TX1012700,2007,Katy Police Department,Texas,13830,37,84,279,46,87,0,27,0,1,14,129,11,576,2,0,0,39,0,0,0,4,6,0,0,2,0,0,0,6,10,0,0,0,15,0,0,0,0,4,33,0,0,0,0,0,1,1,12,1,11,0,0,0,6,1,1,7,2,0,1,0,0,15,0,0,0,0,0,0,0,0,0,13,0,1,13,4,6,7,77,0,0,27,246,4,1,76,11,0,0,0,2,25,0,0,0,0,0,0,1,0,6,7,0,47,0,2,63,14,3,6,1,1,254,0,312,6,4,0,0,2,0,0,0,0,33,0,0,0,0,0,0,0,0,0,0,1,0,0,5,0,0,0,0,1,1,0,0,0,0,0,1,1,0,1,0,0,45,0,6,0,0,0,0,0,0,0,0,0,5,9,0,0,0,0,0,0,0,0,0,0,,1,0,0,0,0,0,0,0,0,0,4,0,2,0,3,0,0,10,0,0,0,0,0,0,0,0,0,0,0,3,0,0,0,0,0,0,0,0,0,0,0,1,0,0,0,0,0,0,0,0,,0,0,0,0,0,0,0,0,0,0,0,0,,0,0,0,0,0,0,0,0,0,0,0,,0,26,1,7,1,43,39,2,0,93,63,1,5,5,16,65,1,0,7,7,13,0,0,0,0,1,0,0,0,8,6,79,16,25,7,8,1,2,82,375,118,0,122,0,0,1,0,1,0,0,0,7,32,0,0,0,0,0,0,0,0,0,4,0,0,4,2,0,0,0,1,0,1,0,0,0,0,0,0,0,0,0,6,1,3,6,0,2,38,0,0,0,0,0,0,0,0,0,0,0,0,0,1,0,0,0,0,0,0,0,0,0,0,0,0,2,1,0,0,0,0,0,0,11,0,0,0,2,0,0,0,0,0,0,0,0,0,0,0,0,4,0,0,0,0,0,0,0,0,0,0,0,0,0,0,0,0,0,0,0,0,0,0,46,86,1,38,1,6,0,10,0,0,0,0,0,41,91,315,60,120,0,27,0,1,20,153,11,705,4,0,0,42,0,0,0,5,6,0,0,2,0,0,0,7,16,0,0,0,17,0,0,0,0,6,33,2,9,32,50,27,107,181,16,44,0,27,93,0,0,0,0,4,23,0,0,0,0,1,0,7,9,4,47,100,6,10,150,342,213,0,4,0,0,0,0,10,7,25,0,0,0,0,0,0,0,2,2,1,5,1,0,0,0,0,0,0,2,0,0,0,0,0,0,0,1,2,5,0,0,16,0,0,0,0,0,0,0,0,0,0,0,0,0,0,0,14,0,0,0,0,0,2,1,0,0,0,0,0,0,0,0,0,0,0,0,0,7,2,32,0,16,50,25,36,181,98,0,55,17,0,103,0,0,0,23,4,0,0,0,0,0,1,12,4,4,0,30,6,117,3,1,7,10,124,214,356,0,0,0,4,0,0,0,0,0,14,25,3,0,0,0,0,0,0,0,0,0,0,0,1,1,3,0,2,4,0,0,0,0,0,0,0,2,0,0,0,0,0,0,0,0,0,3,0,4,1,6,0,10,5,0,0,0,0,0,0,0,0,0,0,0,0,0,0,0,0,0,0,0,0,0,0,13,0,0,0,0,0,0,0,0,0,0,0,0,0,0,2,0,0,0,0,0,0,0,0,0,0,0,0,0,0,0,0,2,0,0,0,0,0,0,0,0,0,0,0,0,0,0,0,0,0,30,8,3,29,8,54,60,50,205,40,0,109,11,0,0,0,4,0,23,0,0,1,0,0,16,0,4,116,27,10,7,2,2,276,179,250,0,2,2,0,0,0,0,15,0,27,0,0,0,0,0,0,0,4,0,1,3,2,1,0,0,0,0,0,2,0,0,0,0,0,0,0,7,0,0,15,1,0,0,0,0,0,0,0,0,0,0,0,0,14,0,0,20,0,0,0,2,1,0,0,0,0,0,0,0,0,0,0,13,198,0,11,27,23,83,75,2,4,1,7,47,322,15,0,0,38,0,6,0,0,1,0,24,1,0,5,9,0,0,0,0,0,2,4,0,0,0,0,0,0,0,2,0,0,0,0,11,41,157,0,0,11,7,20,2,21,19,64,8,67,1,1,0,4,1,3,4,16,31,105,217,1,14,2,0,0,0,0,0,28,0,0,3,0,0,1,0,3,0,12,12,10,1,0,0,0,2,3,0,9,0,0,0,0,0,0,0,0,0,0,2,2,2,0,0,0,0,0,0,0,0,0,0,2,0,0,0,0,0,0,0,0,0,0,13,2,64,132,0,0,6,5,5,21,2,21,12,71,6,69,2,0,0,4,0,1,6,1,33,88,222,9,6,0,0,0,0,0,14,0,0,1,0,0,0,0,0,1,4,0,0,0,0,0,0,0,0,6,0,0,4,20,34,1,0,0,0,0,1,3,2,10,4,5,0,0,0,0,0,0,0,0,0,0,0,0,0,0,0,0,0,1,0,0,0,0,1,3,0,0,0,0,0,0,0,0,0,0,0,0,1,0,0,0,0,0,0,0,0,0,0,0,0,0,0,0,0,0,0,0,0,0,0,0,0,0,0,0,2,0,0,0,0,0,0,0,0,0,0,1,0,0,0,0,0,0,0,0,0,0,0,0,0,0,0,0,0,0,0,1,0,0,1,0,2,1,0,0,0,0,0,5,0,0,0,0,0,0,0,0,0,0,0,0,0,0,0,0,0,0,123,40,5,10,17,12,64,0,0,1,30,243,0,11,1,0,0,14,8,6,9,4,31,0,0,0,9,0,0,2,8,1,0,2,0,1,74,0,0,1,7,1,0,74,15,17,0,3,0,1,1,1,0,0,17,0,0,0,0,0,0,0,0,34,0,0,0,2,0,0,0,0,0,0,0,0,0,0,0,0,0,0,3,0,0,0,0,0,0,10,3,196,0,11,0,20,23,77,6,72,2,3,0,7,0,35,176,146,8,0,1,0,0,12,2,7,0,0,28,0,0,6,0,7,0,1,0,0,0,0,5,19,3,1,1,0,0,5,0,0,8,1,0,0,0,0,0,0,0,0,,0,2,0,0,0,0,10,4,0,0,0,0,0,0,0,0,0,0,0,0,0,0,0,0,0,0,0,0,0,0,0,0,2,0,0,0,0,0,0,0,0,0,0,13,26,172,0,0,0,11,4,9,0,23,3,80,53,16,1,1,3,0,0,0,7,4,23,74,154,4,11,0,0,0,0,16,0,0,0,0,0,0,0,1,8,0,0,0,0,5,0,1,0,0,0,0,0,3,0,1,6,0,14,1,94,0,0,0,0,0,0,0,20,0,9,15,0,0,0,0,0,0,0,19,0,0,0,0,0,0,0,4,0,0,0,0,1,0,0,0,6,0,0,0,0,0,0,0,0,2,2,0,0,0,0,0,0,0,0,0,0,0,0,0,0,0,0,0,0,0,44,97,298,46,87,0,28,0,1,16,150,13,598,2,0,0,47,0,0,0,4,7,0,0,2,0,0,0,7,10,0,0,0,16,0,0,0,0,16,28,0,22,36,0,90,135,1,0,4,21,0,0,0,1,3,6,0,96,54,0,9,4,103,154,1,0,2,0,14,13,0,0,0,0,0,0,0,0,1,0,0,4,0,0,0,2,0,0,0,0,1,3,0,0,3,0,0,0,0,0,0,0,0,13,0,0,3,0,0,0,0,0,0,0,0,5,0,39,3,0,55,17,2,204,0,0,2,0,22,0,0,0,1,0,0,8,2,24,3,121,5,8,4,19,3,231,0,0,0,0,2,0,0,2,0,25,0,0,0,1,2,0,0,0,0,0,0,0,1,1,0,6,0,0,0,0,0,0,2,0,1,0,0,1,0,0,2,0,2,1,0,0,0,0,0,0,0,0,0,0,0,0,0,0,0,0,0,0,15,0,0,0,1,0,0,0,0,0,0,0,0,0,0,0,0,0,0,0,0,0,0,0,1,0,1,0,0,0,0,0,2,0,3,0,0,0,0,0,0,0,0,0,0,0,28,35,175,0,99,202,3,14,21,0,0,0,23,3,10,51,54,2,50,0,5,0,0,1,14,16,0,0,11,0,0,4,0,0,0,0,4,1,2,0,0,0,0,2,0,0,0,0,4,0,31,13,0,57,1,0,217,8,1,0,21,4,0,0,0,0,1,0,8,1,0,112,38,0,1,12,243,13,2,0,2,0,0,27,0,0,0,0,0,0,0,1,0,0,7,0,0,0,1,1,0,4,0,0,0,0,0,0,0,0,0,0,0,11,0,5,0,0,0,0,0,0,0,0,0,0,0,0,16,16,0,1,2,7,81,69,0,13,0,7,1,1,12,0,15,0,0,1,0,0,0,0,0,0,,,7,9,15,6,7,56,224,0,0,25,0,0,0,0,1,0,0,0,0,0,0,0,1,8,50,36,51,2,11,4,8,1,258,0,0,2,27,0,0,0,1,3,2,0,2,0,0,0,0,1,0,1,0,4,0,0,0,0,0,0,0,0,0,0,0,5,3,0,0,0,2,2,0,0,0,0,2,0,0,0,0,0,0,6,0,0,0,0,0,0,0,0,0,0,0,0,0,0,0,0,0,0,0,0,0,0,0,0,0,0,0,0,0,0,0,0,0,0,0,0,0,0,0,0,0,0,,0,0,0,0,0,0,0,0,0,0,0,0,0,0,0,0,0,0,0,0,0,0,0,0,0,0,0,0,0,,0,0,0,0,0,0,0,,0,,0,0,0,0,0,0,0,0,0,0,0,0,0,0,0,0,0,0,0,0,0,0,0,0,0,0,,0,0,0,0,0,,0,0,7,0,0,0,0,0,0,0,0,0,0,0,0,,0,0,0,0,0,0,0,0,0,,0,,,0,0,0,0,0,0,0,0,0,0,0,0,0,0,0,,0,0,0,0,0,0,0,0,0,0,0,0,0,0,0,0,0,2,0,0,0,0,0,0,0,0,0,0,0,,0,0,0,0,0,0,0,,0,,,0,0,0,0,0,0,0,0,0,0,0,0,0,0,0,0,0,0,0,0,0,0,0,0,0,0,0,0,0,0,0,0,0,,0,0,0,0,0,0,0,,0,0,0,0,0,0,0,0,0,0,0,0,0,0,0,0,0,0,0,0,,0,0,0,0,0,0,0,0,0,0,0,0,0,,0,0,0,0,0,0,0,0,0,0,,0,0,0,,,0,0,0,0,,0,0,0,,0,0,0,0,,,0,0,0,0,0,0,0,0,0,0,0,0,0,0,0,0,0,0,0,,0,0,0,0,0,0,0,0,0,0,0,0,0,0,0,,,0,0,0,,0,,0,,,0,0,0,0,0,0,,0,0,0,0,0,,0,0,0,0,0,,,,,0,,,0,0,,0,0,,0,,0,0,0,0,0,0,,,,,,0,0,,0,0,0,0,0,0,,,0,,0,0,0,,0,0,,,,0,,,,,,,,,0,,,,,,0,,0,,,,,,,,,,,,,,,,,,,,,,,,,,,,,,,,,,,,,,,,,,,,,,,,,,,,,,,,,,,,,,,,,,,,,,,,,,,,,,,,,,,,,,,,,,,,,,,,,,,,,,,,,,,,,,,,,,,,,,,,,,,,,,,,,,,,,,,,,,,,,,,,,,,,,,,,,,,,,,,,,,,,,,,,,,,,,,,,,,,,,,,,,,,,,,,,,,,,,,,,,,,,,,,,,,,,,,,,,,,,,,,,,,,,,,,,,,,,,,,,,,,,,,,,,,,,,,,,,,,,,,,,,,,,,,,,,,,,,,,,,,,,,,,,,,,,,,,,,,,,,,,,,,,,,,,,,,,,,,,,,,,,,,,,,,,,,,,,,,,,,,,,,,,,,,,,,,,,,,,,,,,,,,,,,,,,,,,,,,,,,,,0,,,,,0,,,,,,,,,,,,,,,,,,,,,,,,,,,,,,,,,,,,,,,,,,,,,,,,,,,,,,,,,,,,,,,,,,,,,,,,,,,,,,,,,,,,,,,,,,0,,,,,,,,,,,,,,,,,,,,,,,,,,,,,,,,,,,,,,,,,,,,,,,,,,,,,,,,,,,,,,,,,,,,,,,,,,,,,,,,,,,,,,,,,,,,,,,,,,,,,,,,,,,,,,,,,,,,,,,,,,,,,,,,,,,,,,,,,,,,,,,,,,,,,,,,,,,,,,,,,,,,,,,,,,,,,,,,,,,,,,,,,,,,,,,,,,,,,,,,,,,,,,,,,,,,,,,,,,,,,,,,,,,,,,,,,,,,,,,,,,,,,,,,,,,,,,,,,,,,,,,,,,,,,,,,,,,,,,,,,,,,,,,,,,,,,,,,,,,,,,,,,,,,,,,,,,,,,,,,,,,,,,,,,,,,,,,,,,,,,,,,,,,,,,,,,,,,,,,,,,,,,,,,,,,,,,,,,,,,,,,,,,,,,,,,,,,,,,,,,,,,,,,,,,,,,,,,,,,,,,,,,,,,,,,,,,,,,,,,,,,,,,,,,,,,,,,,,,,,,,,,,,,,,,,,,,,,,,,,,,,,,,,,,,,,,,,,,,,,,,,,,,,,,,,,,,,,,,,,,,,,,,,,,,,,,,,,,,,,,,,,,,,,,,,,,,,,,,,,,,,,,,,,,,,,,,,,,,,,,,,,,,,,,,,,,,,,,,,,,,,,,,,,,,,,,,,,,,,,,,,,,,,,,,,,,,,,,,,,,,,,,,,,,,,,,,,,,,,,,,,,,,,,,,,,,,,,,,,,,,,,,,,,,,,,,,,,,,,,,,,,,,,,,,,,,,,,,,,,,,,,,,,,,,,,,,,,,,,,,,,,,,,,,,,,,,,,,,,,,,,,,,,,,,,,,,,,,,,,,,,,,,,,,,,,,,,,,,,,,,,,,,,,,,,,,,,,,,,,,,,,,,,,,,,,,,,,,,,,,,,,,,,,,,,,,,,,,,,,,,,,,,,,,,,,,,,,,,,,,,,,,,,,,,,,,,,,,,,,,,,,,,,,,,,,,,,,,,,,,,,,,,,,,,,,,,,,,,,,,,,,,,,,,,,,,,,,,,,,,,,,,,,,,,,,,,,,,,,,,,,,,,,,,,,,,,,,,,,,,,,,,,,,,,,,,,,,,,,,,,,,,,,,,,,,,,,,,,,,,,,,,,,,,,,,,,,,,,,,,,,,,,,,,,,,,,,,,,,,,,,,,,,,,,,,,,,,,,,,,,,,,,,,,,,,,,,,,,,,,,,,,,,,,,,,,,,,,,,,,,,,,,,,,,,,,,,,,,,,,,,,,,,,,,,,,,,,,,,,,,,,,,,,,,,,,,,,,,,,,,,,,,,,,,,,,,,,,,,,,,,,,,,,,,,,,,,,,,,,,,,,,,,,,,,,,,,,,,,,,,,,,0,0,0,0,0,0,0,0,0,0,0,0,0,0,0,0,0
TX1012700,2008,Katy Police Department,Texas,14106,30,68,233,75,105,0,39,0,0,9,134,7,515,2,0,0,26,0,0,0,2,5,0,0,0,0,3,0,3,11,0,0,0,8,0,0,0,0,2,27,1,0,0,0,0,0,5,4,0,7,0,0,0,5,0,0,7,3,0,1,0,0,8,0,0,0,0,0,0,0,0,0,5,0,0,18,4,3,11,56,0,1,24,202,3,8,93,12,0,0,0,5,32,1,0,0,0,0,0,0,0,2,6,1,60,0,0,58,11,5,5,0,1,202,0,289,15,9,0,0,2,0,0,0,0,21,0,0,0,0,0,4,0,0,0,0,1,0,0,2,0,0,0,0,0,0,0,0,1,0,0,0,1,0,3,0,0,67,0,5,0,0,0,0,0,0,3,0,0,2,8,0,0,0,0,0,0,0,0,0,0,,0,0,0,0,0,0,1,0,0,0,2,0,0,0,1,0,0,4,0,0,0,0,0,0,0,0,0,0,2,1,0,0,0,0,0,0,0,0,0,0,0,1,0,0,0,0,0,0,0,0,,0,0,0,0,0,0,0,0,0,0,0,0,,0,0,0,0,0,0,,1,0,0,0,,0,19,7,4,0,36,30,2,0,69,56,0,5,10,23,72,0,0,8,8,23,0,0,0,0,0,0,0,2,6,1,67,37,26,4,5,2,0,88,334,93,0,108,0,0,1,1,0,0,0,0,6,20,0,0,0,0,0,0,0,0,0,2,0,0,2,2,0,0,0,0,0,0,0,0,0,0,1,0,0,0,0,3,3,3,5,0,5,65,0,0,0,0,0,0,0,0,0,0,0,0,0,0,0,0,0,0,0,2,0,0,1,0,0,0,0,0,0,0,0,0,0,0,7,0,0,0,0,0,0,0,0,0,0,1,0,0,0,0,0,0,0,0,0,0,0,0,0,0,0,0,0,0,0,0,0,0,0,0,0,0,0,0,75,103,2,26,0,3,0,11,0,0,0,0,0,33,82,248,97,139,0,45,0,0,16,155,7,625,2,0,0,29,0,0,0,4,6,0,0,0,0,3,0,7,13,0,0,0,10,0,0,0,0,8,21,4,8,37,37,18,74,156,20,77,0,31,107,1,0,0,1,12,32,0,0,0,0,0,0,0,12,4,42,109,4,6,151,271,203,0,1,1,0,0,0,4,10,15,0,0,0,0,0,0,0,0,3,1,5,0,0,0,0,0,0,0,0,0,0,0,0,0,0,1,0,1,6,0,0,13,0,0,0,0,0,0,0,0,0,0,0,0,2,0,1,8,0,0,0,1,0,0,2,0,0,0,0,0,0,0,0,0,0,0,0,0,12,4,17,0,11,37,34,12,156,80,0,76,35,1,103,0,0,5,32,8,0,0,0,0,0,0,4,4,8,0,53,4,95,2,0,4,13,132,208,272,0,0,1,1,0,0,0,0,0,8,15,6,0,0,0,0,0,0,0,0,0,0,0,0,1,3,2,0,4,0,0,0,0,0,0,0,0,0,0,0,0,0,0,0,0,3,2,0,5,0,7,0,6,19,0,0,0,0,0,0,0,0,0,0,0,0,0,0,0,0,2,0,0,0,0,0,9,0,0,0,0,0,0,0,0,0,0,0,0,0,0,0,0,0,0,0,0,0,0,2,0,0,0,0,0,0,0,0,0,0,0,0,0,0,0,0,0,0,0,0,1,0,0,0,0,0,25,3,5,35,10,37,58,31,159,82,0,124,15,0,0,0,11,2,32,0,0,0,0,0,6,2,8,108,42,5,6,0,1,283,122,220,0,1,0,1,0,0,0,12,2,15,0,0,0,0,0,0,0,3,0,1,3,2,1,0,0,0,0,0,0,0,0,0,0,0,0,0,3,3,1,12,1,0,0,0,0,0,0,0,0,0,0,0,3,10,0,0,15,0,0,0,0,0,0,0,0,0,0,0,0,0,0,0,3,258,1,8,39,22,99,116,1,3,2,3,63,258,14,0,0,66,0,5,0,0,2,0,15,3,0,4,4,0,0,0,0,0,1,0,0,0,0,0,0,0,0,3,0,0,0,0,2,79,179,0,1,8,10,29,4,18,18,81,11,105,0,1,1,2,2,0,3,13,50,96,162,1,13,1,0,0,0,0,0,52,0,0,3,0,0,2,0,2,0,1,14,14,3,0,0,0,1,3,0,4,0,0,0,0,0,0,0,0,0,0,1,0,0,0,0,0,0,0,0,0,0,0,0,3,0,0,0,0,0,0,0,0,0,2,1,1,87,168,0,1,3,5,9,29,0,22,21,78,5,111,1,0,1,2,0,2,2,1,39,72,173,7,7,0,0,0,0,0,22,0,0,1,0,0,0,0,0,0,12,0,0,1,0,0,0,1,0,4,0,0,2,13,52,2,0,0,0,0,1,2,2,11,2,2,2,0,0,0,0,0,0,0,0,0,0,0,0,0,0,0,0,1,0,0,0,0,0,0,0,0,0,0,0,0,0,0,0,2,0,0,2,0,0,0,0,0,0,0,0,0,0,0,0,0,0,0,0,0,0,0,1,0,0,0,0,0,0,0,3,0,0,0,0,0,0,0,0,0,0,0,0,0,0,0,0,0,0,0,0,0,0,0,0,0,0,0,0,0,0,5,0,0,1,1,0,0,0,0,0,0,0,4,0,0,0,1,0,0,0,0,0,0,0,0,0,0,0,0,0,0,170,35,3,7,29,8,76,0,0,2,44,188,1,13,1,2,0,11,4,4,10,3,52,0,0,0,9,0,0,1,0,1,0,1,0,0,66,0,0,0,3,1,0,83,5,23,0,1,1,1,3,0,0,0,19,0,0,0,0,0,0,0,0,81,0,0,0,1,0,2,0,0,0,0,0,0,0,0,0,0,0,0,0,0,0,0,0,0,1,2,1,252,1,7,1,23,22,92,7,114,1,3,1,2,1,39,161,97,8,0,1,0,0,24,6,16,0,0,52,0,0,5,0,6,0,2,0,0,0,0,9,6,2,1,0,0,0,3,1,0,3,1,0,0,0,0,2,0,0,0,,0,1,0,0,0,0,14,0,0,0,0,0,0,0,0,0,0,0,0,0,0,0,0,0,0,0,0,0,0,0,0,0,3,0,0,0,0,0,0,0,0,0,0,3,36,222,0,0,0,8,8,11,1,21,3,96,85,30,0,1,1,2,0,0,3,6,34,26,182,2,12,0,0,0,0,32,0,0,0,0,0,0,0,1,10,0,0,0,1,3,0,2,0,0,0,0,0,8,0,1,5,0,20,0,50,1,0,0,0,0,0,0,23,0,4,4,0,0,0,0,0,0,0,26,0,0,0,0,0,0,0,0,1,0,0,0,3,0,0,0,1,0,0,0,0,0,0,0,0,2,1,0,0,0,0,0,0,1,0,0,0,0,0,0,0,0,0,0,0,0,33,76,253,75,105,0,40,0,0,13,155,7,536,2,0,0,29,0,0,0,2,5,0,0,0,0,3,0,3,11,0,0,0,8,0,0,0,0,15,18,0,22,29,0,78,120,0,0,13,23,0,0,0,0,2,8,0,83,72,0,4,3,98,142,0,0,1,0,7,10,0,0,0,0,0,0,0,0,1,0,0,5,0,0,0,0,0,0,0,0,0,3,0,0,0,0,0,0,0,0,0,0,0,8,0,0,0,0,0,0,0,0,0,0,0,6,0,27,6,0,43,20,3,174,0,0,5,0,31,0,0,0,0,0,0,8,5,41,0,109,2,4,4,20,2,214,2,0,0,0,1,0,0,1,0,16,0,0,0,0,1,0,0,0,0,0,0,0,1,1,0,4,0,0,0,0,0,0,0,0,0,0,0,2,0,0,2,1,0,0,0,0,0,0,0,0,0,0,0,0,0,0,0,0,0,0,0,0,7,0,0,0,0,0,0,1,0,0,0,0,0,0,0,0,0,0,0,0,0,0,0,1,1,0,2,0,0,0,1,1,4,0,0,0,0,0,0,0,0,0,0,0,0,0,22,41,152,0,104,187,2,23,14,1,0,0,9,3,11,50,49,1,45,0,5,0,0,0,5,11,0,0,4,0,0,2,0,0,0,0,5,0,2,0,0,0,0,0,0,0,0,0,3,1,17,16,0,50,1,0,191,5,2,0,34,2,0,0,0,0,0,0,10,0,0,118,37,0,0,7,231,8,1,0,1,0,0,17,0,0,0,0,0,0,0,1,0,0,5,0,0,0,0,0,0,2,0,1,0,0,0,0,0,0,0,0,0,7,0,1,0,0,0,0,0,0,0,0,0,0,0,0,4,19,0,0,2,8,87,68,0,7,0,4,0,0,10,0,7,1,0,1,0,0,0,0,0,0,,,3,13,8,2,7,51,197,0,0,36,0,0,0,0,0,0,0,0,0,0,0,0,6,4,40,41,53,5,16,4,0,0,240,0,0,1,17,0,0,0,1,1,2,0,1,0,0,0,0,0,0,0,3,3,0,0,0,0,0,0,0,0,0,0,0,0,1,0,0,1,0,0,0,0,1,0,1,0,0,0,0,0,0,6,0,0,0,0,0,0,0,0,0,0,0,0,0,0,0,0,0,0,0,0,0,0,0,0,0,0,0,0,0,0,0,0,0,0,0,0,0,0,0,0,0,0,0,0,0,0,0,0,0,0,0,0,0,0,0,0,0,0,0,0,0,0,0,0,0,0,1,1,0,0,0,0,0,0,0,0,0,0,0,0,0,0,,0,0,0,0,0,0,0,0,0,0,0,0,0,0,0,0,2,0,0,0,0,0,0,0,0,0,0,0,0,0,0,0,,0,0,13,0,2,0,0,0,0,0,0,0,0,0,0,0,0,0,0,0,0,0,0,0,0,,0,,0,0,0,0,0,0,0,0,0,0,0,0,0,0,0,0,0,0,0,0,0,0,0,0,0,0,0,0,0,0,0,0,0,0,3,0,0,,0,0,0,0,0,0,0,0,0,0,0,0,0,0,0,0,,0,0,,0,0,0,0,0,0,0,0,0,0,0,0,,,0,0,0,0,0,0,0,0,0,0,0,0,0,0,0,0,0,0,0,,0,0,0,0,0,0,0,,0,0,0,0,0,0,0,0,0,0,,0,0,0,0,0,0,0,0,0,0,0,0,0,0,0,0,0,0,0,0,0,0,0,,0,0,0,0,,0,0,0,,0,0,0,0,0,,0,0,0,0,0,,0,0,0,,0,0,0,0,,0,,0,0,0,0,0,0,,0,0,0,0,1,0,0,0,0,0,0,,0,0,0,0,0,0,0,0,,0,0,0,0,0,,,,0,0,,,0,,0,0,0,0,0,0,0,0,0,,0,0,0,0,0,0,0,,0,0,0,,0,,,0,,,0,0,0,0,0,,0,0,0,0,0,0,0,0,,,,,,,,,0,0,0,0,0,0,,,0,0,0,,0,0,0,,,,0,0,0,0,0,,,,0,,0,0,,0,0,,,,,0,0,0,0,0,,,,,,,,,,,,,,,,,,,,,,,,,,,,,,,,,,,,,,,,,,,,,,,,,,,,,,,,,,,,,,,,,,,,,,,,,,,,,,,,,,,,,,,,,,,,,,,,,,,,,,,,,,,,,,,,,,,,,,,,,,,,,,,,,,,,,,,,,,,,,,,,,,,,,,,,,,,,,,,,,,,,,,,,,,,,,,,,,,,,,,,,,,,,,,,,,,,,,,,,,,,,,,,,,,,,,,,,,,,,,,,,,,,,,,,,,,,,,,,,,,,,,,,,,,,,,,,,,,,,,,,,,,,,,,,,,,,,,,,,,,,,,,,,,,,,,,,,,,,,,,,,,,,,,,,,,,,,,,,,,,,,,,,,,,,,,,,,,,,,,,,,,,,,,,,,,,,,,,,,,,,,,,,,,,,,,,,,,,0,,,,,0,,,,,,,,,,,,,,,,,,,,,,,,,,,,,,,,,,,,,,,,,,,,,,,,,,,,,,,,,,,,,,,,,,,,,,,,,,,,,,,,,,,,,,,,,,0,,,,,,,,,,,,,,,,,,,,,,,,,,,,,,,,,,,,,,,,,,,,,,,,,,,,,,,,,,,,,,,,,,,,,,,,,,,,,,,,,,,,,,,,,,,,,,,,,,,,,,,,,,,,,,,,,,,,,,,,,,,,,,,,,,,,,,,,,,,,,,,,,,,,,,,,,,,,,,,,,,,,,,,,,,,,,,,,,,,,,,,,,,,,,,,,,,,,,,,,,,,,,,,,,,,,,,,,,,,,,,,,,,,,,,,,,,,,,,,,,,,,,,,,,,,,,,,,,,,,,,,,,,,,,,,,,,,,,,,,,,,,,,,,,,,,,,,,,,,,,,,,,,,,,,,,,,,,,,,,,,,,,,,,,,,,,,,,,,,,,,,,,,,,,,,,,,,,,,,,,,,,,,,,,,,,,,,,,,,,,,,,,,,,,,,,,,,,,,,,,,,,,,,,,,,,,,,,,,,,,,,,,,,,,,,,,,,,,,,,,,,,,,,,,,,,,,,,,,,,,,,,,,,,,,,,,,,,,,,,,,,,,,,,,,,,,,,,,,,,,,,,,,,,,,,,,,,,,,,,,,,,,,,,,,,,,,,,,,,,,,,,,,,,,,,,,,,,,,,,,,,,,,,,,,,,,,,,,,,,,,,,,,,,,,,,,,,,,,,,,,,,,,,,,,,,,,,,,,,,,,,,,,,,,,,,,,,,,,,,,,,,,,,,,,,,,,,,,,,,,,,,,,,,,,,,,,,,,,,,,,,,,,,,,,,,,,,,,,,,,,,,,,,,,,,,,,,,,,,,,,,,,,,,,,,,,,,,,,,,,,,,,,,,,,,,,,,,,,,,,,,,,,,,,,,,,,,,,,,,,,,,,,,,,,,,,,,,,,,,,,,,,,,,,,,,,,,,,,,,,,,,,,,,,,,,,,,,,,,,,,,,,,,,,,,,,,,,,,,,,,,,,,,,,,,,,,,,,,,,,,,,,,,,,,,,,,,,,,,,,,,,,,,,,,,,,,,,,,,,,,,,,,,,,,,,,,,,,,,,,,,,,,,,,,,,,,,,,,,,,,,,,,,,,,,,,,,,,,,,,,,,,,,,,,,,,,,,,,,,,,,,,,,,,,,,,,,,,,,,,,,,,,,,,,,,,,,,,,,,,,,,,,,,,,,,,,,,,,,,,,,,,,,,,,,,,,,,,,,,,,,,,,,,,,,,,,,,,,,,,,,,,,,,,,,,,,,,,,,,,,,,,,,,,,,,,,,,,,,,,,,,,,,,,,,,,,,,,,,,,,,,,,,,,,,,,,,,,,,,,,,,,,,,,,,,,,,,,,,,,,,,,,,,,,,,,,,,,,,,,,,,,,,,,,,,,,,,,,,,,,,,,,,,,,,,,,,,,,,,,,,,,0,0,0,0,0,0,0,0,0,0,0,0,0,0,0,0,0
TX1012700,2009,Katy Police Department,Texas,14166,22,55,264,60,109,0,26,1,0,21,131,8,579,0,0,0,43,0,0,0,0,8,0,0,0,0,0,0,1,6,0,0,0,9,0,0,1,0,0,22,0,1,0,0,0,0,3,18,0,8,0,0,0,8,0,0,3,2,0,1,0,0,9,0,0,0,0,0,0,0,0,0,3,0,0,15,1,3,8,45,2,0,23,235,2,5,100,9,0,0,0,0,25,1,0,0,0,0,0,0,0,9,10,2,54,0,0,59,14,4,7,1,0,224,1,340,5,9,1,0,0,0,0,0,0,36,1,1,0,0,0,4,0,0,0,0,0,0,0,5,0,0,0,0,0,0,0,0,0,0,0,0,1,0,0,0,0,55,0,5,0,0,0,0,0,0,1,0,0,0,6,0,0,0,0,0,0,0,0,0,0,,2,0,0,0,0,0,0,0,0,0,0,0,0,0,0,0,0,4,0,0,0,0,0,0,0,0,0,0,0,0,0,0,0,0,0,0,0,0,0,0,0,4,0,0,0,0,0,0,0,0,0,0,0,0,0,0,1,0,0,0,0,0,0,0,0,0,0,0,0,0,0,1,0,0,0,,0,11,2,9,0,26,27,2,0,65,59,0,2,13,31,64,1,0,8,2,16,0,1,0,0,0,0,0,2,14,5,83,26,20,1,5,2,0,77,361,140,1,140,0,0,0,0,0,0,0,0,3,40,0,0,0,0,0,0,0,0,0,0,0,0,4,0,0,0,0,0,0,0,0,0,0,0,0,0,1,0,0,1,1,0,5,0,9,49,0,0,0,0,0,0,0,0,0,0,0,0,0,0,0,0,0,0,0,0,0,0,3,1,0,0,1,0,0,0,0,0,0,0,7,0,0,0,0,0,0,0,0,0,0,1,0,0,0,0,0,1,0,0,0,0,0,0,0,0,0,0,0,1,0,0,0,0,0,0,0,0,0,0,60,107,2,42,1,1,0,6,0,0,0,0,0,35,65,295,94,149,0,26,1,0,32,154,8,723,0,0,0,55,0,0,0,0,9,0,0,0,0,0,0,2,10,0,0,0,10,0,0,1,0,12,23,0,3,20,42,16,69,210,16,78,0,24,124,1,0,0,0,6,20,1,0,0,0,0,0,1,24,7,62,90,2,7,203,249,271,0,0,0,0,0,0,14,14,27,0,0,0,0,0,0,0,0,0,0,7,0,0,0,0,0,0,0,0,0,0,0,0,0,0,0,1,1,0,1,1,9,0,0,0,0,0,0,0,0,0,0,0,0,0,0,2,10,0,0,0,0,0,0,0,0,0,0,0,0,1,0,0,0,0,0,0,0,5,0,30,0,7,42,16,18,211,66,0,82,24,1,122,0,0,1,20,5,1,0,0,0,0,0,11,7,13,0,30,3,121,1,1,6,6,178,276,263,1,0,0,0,0,0,0,0,0,12,28,15,0,0,0,0,0,2,0,0,0,0,0,0,0,0,0,0,9,0,0,0,0,0,0,0,0,0,0,0,0,0,0,0,0,0,0,1,1,0,2,0,8,11,0,0,0,0,0,0,0,0,0,0,0,0,0,0,0,0,0,0,0,0,0,0,9,0,0,0,0,0,0,0,0,0,0,0,0,0,0,0,0,0,0,0,0,0,0,1,0,0,0,0,0,0,0,0,1,0,0,0,0,0,0,0,0,1,0,0,0,0,0,0,0,0,33,2,0,19,4,42,63,23,209,69,0,118,30,1,0,0,4,1,21,0,0,0,0,0,16,8,8,107,43,4,5,1,2,290,162,271,1,0,0,0,0,0,0,21,3,31,0,0,0,0,0,0,0,0,0,0,5,2,2,0,0,0,0,0,0,0,0,0,0,0,0,0,1,0,1,8,2,0,0,0,0,0,0,0,0,0,0,0,0,9,0,0,25,0,0,0,0,1,0,0,0,1,0,0,0,0,0,0,2,242,0,11,20,4,116,114,0,15,0,10,52,298,13,0,1,58,0,5,0,0,0,0,12,1,0,0,5,0,0,0,0,0,0,0,0,0,0,0,0,0,0,0,0,0,0,0,1,42,200,0,0,10,3,17,0,4,16,100,9,105,0,0,2,13,0,1,9,22,30,154,144,2,11,1,1,0,0,1,0,49,0,0,4,0,0,0,0,1,0,3,9,9,1,0,0,0,0,0,0,5,0,0,0,0,0,0,0,0,0,0,0,0,0,0,0,0,0,0,0,0,0,0,0,0,0,0,0,0,0,0,0,0,0,1,1,3,78,160,0,0,3,8,2,16,0,4,16,98,4,110,0,0,0,15,0,0,5,5,43,130,157,2,11,0,0,0,1,0,8,0,1,0,0,0,0,0,0,0,7,0,0,1,0,0,0,0,0,4,0,0,4,8,50,1,0,0,0,0,0,0,0,7,2,3,0,0,0,0,0,0,0,0,0,0,0,0,0,0,0,0,0,0,0,0,0,0,0,0,0,0,0,0,0,0,0,0,0,1,0,0,4,0,1,0,0,0,0,0,0,0,0,0,0,0,0,0,2,0,0,0,0,0,0,0,0,0,0,0,0,0,0,0,0,0,0,1,0,0,0,0,0,0,0,0,0,0,0,0,0,0,0,0,0,0,0,0,0,0,0,5,0,0,0,0,2,1,0,0,0,0,0,7,0,0,0,0,0,1,0,0,0,0,0,0,0,0,0,0,0,0,149,34,2,10,9,2,82,0,0,5,32,206,0,2,1,0,0,6,3,3,10,0,42,0,0,0,11,0,0,0,0,1,0,0,0,0,85,0,0,0,5,0,0,88,2,32,0,10,0,0,7,2,0,0,20,0,0,0,1,0,0,0,0,79,0,0,0,0,0,0,0,0,0,0,0,0,0,0,0,5,0,0,0,0,0,0,0,0,1,2,0,237,0,6,5,17,4,93,23,114,0,9,0,5,5,34,181,117,8,0,0,0,1,18,5,3,0,0,46,0,0,5,0,5,0,0,0,0,0,0,9,3,0,1,6,0,0,0,0,0,4,1,0,0,0,0,0,0,0,0,,0,0,0,0,0,0,12,0,0,0,0,0,0,0,0,0,0,0,0,0,0,0,0,0,0,0,0,0,0,0,0,0,0,0,0,0,0,0,0,0,0,0,0,2,30,211,0,0,1,10,7,7,0,4,9,107,76,38,0,0,3,7,0,3,7,7,26,35,182,2,11,0,1,0,0,26,0,0,0,0,0,0,0,2,7,0,0,0,0,0,0,0,0,0,0,0,0,6,0,0,5,1,6,5,81,0,0,0,0,0,0,0,19,0,5,3,0,0,0,0,0,0,0,26,0,0,0,0,0,0,0,0,0,0,0,0,1,0,0,0,0,0,0,0,0,0,0,0,0,0,0,0,0,0,0,0,0,0,0,0,0,0,0,0,0,0,0,0,0,0,28,66,288,60,109,0,26,1,0,34,149,11,602,0,0,0,48,0,0,0,0,9,0,0,0,0,0,0,1,6,0,0,0,9,0,0,1,0,11,17,0,19,26,0,98,138,0,0,11,14,0,0,1,0,6,20,0,100,49,0,10,1,112,169,0,0,0,0,13,8,0,0,0,0,0,0,0,0,0,0,0,7,0,0,0,0,0,0,0,0,0,1,0,0,2,0,0,0,0,0,0,0,0,9,0,0,0,0,0,0,0,1,0,0,0,3,0,25,5,0,37,25,1,201,0,0,1,0,24,1,0,0,0,4,0,18,0,34,1,113,0,10,11,32,1,237,3,0,0,0,0,0,0,1,0,19,0,0,0,0,9,0,0,0,0,0,0,0,0,0,0,9,0,0,0,0,0,0,0,0,0,0,0,4,1,0,0,0,1,0,0,0,0,0,0,0,0,0,0,0,0,0,0,0,0,0,0,0,7,0,1,0,2,0,0,0,0,0,0,0,0,0,1,0,0,0,0,0,0,0,0,0,0,0,0,0,0,0,1,0,3,0,1,0,0,0,0,0,0,0,0,0,0,0,18,31,168,0,102,207,7,14,16,0,0,0,14,4,11,46,71,0,68,0,18,0,0,0,7,10,0,0,9,0,0,1,0,1,0,0,8,0,2,0,0,0,0,0,0,0,0,0,2,0,8,19,1,42,1,2,230,3,3,0,25,0,1,0,0,0,0,0,21,4,1,105,43,1,0,11,269,11,1,0,0,0,0,21,0,0,0,0,0,0,0,0,0,0,7,0,0,0,0,0,0,1,0,0,0,0,0,1,0,0,0,1,0,8,0,1,0,0,0,0,0,0,1,0,0,0,0,0,6,17,0,0,12,14,91,58,0,11,0,9,0,0,5,0,9,0,0,0,0,0,0,0,0,0,,,0,19,7,0,2,45,232,0,0,25,0,1,0,0,0,0,0,0,0,0,0,5,2,19,41,52,42,6,8,4,4,2,281,0,0,0,21,0,0,0,0,7,2,0,0,0,0,0,0,0,0,0,1,1,0,0,0,0,0,0,0,0,0,3,0,0,2,0,0,0,1,0,0,0,0,0,3,0,0,0,0,0,0,4,0,0,0,0,0,0,0,0,0,0,0,0,0,0,0,0,0,1,0,0,0,0,0,0,0,0,0,0,0,0,0,0,0,0,0,0,0,0,0,0,0,0,0,0,0,0,0,0,0,0,0,0,0,0,0,0,0,0,0,0,0,0,0,0,0,0,0,0,0,0,0,0,0,0,0,0,0,0,0,0,0,0,,0,0,0,0,0,0,0,0,0,0,0,0,0,0,0,0,1,0,0,0,0,0,0,0,0,0,,0,0,0,0,0,0,0,0,16,0,0,0,0,0,0,0,0,0,0,0,0,,0,0,0,0,0,0,0,0,0,,0,,0,0,0,0,0,0,0,0,0,0,0,0,0,0,0,0,0,0,0,0,0,0,0,1,0,0,0,0,1,0,0,0,0,0,2,0,0,0,0,0,0,0,0,0,0,0,,0,0,0,0,0,0,0,,0,0,,0,0,0,0,0,0,0,0,0,0,0,0,,,0,0,0,0,0,0,0,0,0,0,0,0,0,0,0,0,0,0,0,0,0,0,0,0,0,0,0,0,0,0,0,0,0,0,,0,0,0,,0,0,0,0,0,0,0,0,0,,0,0,0,0,0,0,0,0,0,0,0,0,0,,0,0,0,0,,0,0,,0,0,0,0,0,,0,,0,0,0,0,0,0,0,,0,0,0,0,0,0,0,0,0,0,0,0,0,0,,0,0,0,0,0,0,0,0,0,0,0,,0,0,0,0,0,0,0,0,0,0,0,0,0,0,0,,,0,0,0,0,0,0,0,0,0,0,0,0,0,0,0,0,0,0,0,0,0,,0,0,0,0,0,,0,,,0,,,0,0,,0,0,0,0,0,,,0,,0,,0,,,0,,,,,0,0,0,0,0,,0,0,0,,,,0,0,0,0,,,0,0,,0,0,,0,,0,,0,0,,,0,,0,,,,0,,,,0,0,,,,,,,,,,,,,,,,,,,,,,,,,,,,,,,,,,,,,,,,,,,,,,,,,,,,,,,,,,,,,,,,,,,,,,,,,,,,,,,,,,,,,,,,,,,,,,,,,,,,,,,,,,,,,,,,,,,,,,,,,,,,,,,,,,,,,,,,,,,,,,,,,,,,,,,,,,,,,,,,,,,,,,,,,,,,,,,,,,,,,,,,,,,,,,,,,,,,,,,,,,,,,,,,,,,,,,,,,,,,,,,,,,,,,,,,,,,,,,,,,,,,,,,,,,,,,,,,,,,,,,,,,,,,,,,,,,,,,,,,,,,,,,,,,,,,,,,,,,,,,,,,,,,,,,,,,,,,,,,,,,,,,,,,,,,,,,,,,,,,,,,,,,,,,,,,,,,,,,,,,,,,,,,,,,,,,,,,0,,,,,0,,,,,,,,,,,,,,,,,,,,,,,,,,,,,,,,,,,,,,,,,,,,,,,,,,,,,,,,,,,,,,,,,,,,,,,,,,,,,,,,,,,,,,,,,,0,,,,,,,,,,,,,,,,,,,,,,,,,,,,,,,,,,,,,,,,,,,,,,,,,,,,,,,,,,,,,,,,,,,,,,,,,,,,,,,,,,,,,,,,,,,,,,,,,,,,,,,,,,,,,,,,,,,,,,,,,,,,,,,,,,,,,,,,,,,,,,,,,,,,,,,,,,,,,,,,,,,,,,,,,,,,,,,,,,,,,,,,,,,,,,,,,,,,,,,,,,,,,,,,,,,,,,,,,,,,,,,,,,,,,,,,,,,,,,,,,,,,,,,,,,,,,,,,,,,,,,,,,,,,,,,,,,,,,,,,,,,,,,,,,,,,,,,,,,,,,,,,,,,,,,,,,,,,,,,,,,,,,,,,,,,,,,,,,,,,,,,,,,,,,,,,,,,,,,,,,,,,,,,,,,,,,,,,,,,,,,,,,,,,,,,,,,,,,,,,,,,,,,,,,,,,,,,,,,,,,,,,,,,,,,,,,,,,,,,,,,,,,,,,,,,,,,,,,,,,,,,,,,,,,,,,,,,,,,,,,,,,,,,,,,,,,,,,,,,,,,,,,,,,,,,,,,,,,,,,,,,,,,,,,,,,,,,,,,,,,,,,,,,,,,,,,,,,,,,,,,,,,,,,,,,,,,,,,,,,,,,,,,,,,,,,,,,,,,,,,,,,,,,,,,,,,,,,,,,,,,,,,,,,,,,,,,,,,,,,,,,,,,,,,,,,,,,,,,,,,,,,,,,,,,,,,,,,,,,,,,,,,,,,,,,,,,,,,,,,,,,,,,,,,,,,,,,,,,,,,,,,,,,,,,,,,,,,,,,,,,,,,,,,,,,,,,,,,,,,,,,,,,,,,,,,,,,,,,,,,,,,,,,,,,,,,,,,,,,,,,,,,,,,,,,,,,,,,,,,,,,,,,,,,,,,,,,,,,,,,,,,,,,,,,,,,,,,,,,,,,,,,,,,,,,,,,,,,,,,,,,,,,,,,,,,,,,,,,,,,,,,,,,,,,,,,,,,,,,,,,,,,,,,,,,,,,,,,,,,,,,,,,,,,,,,,,,,,,,,,,,,,,,,,,,,,,,,,,,,,,,,,,,,,,,,,,,,,,,,,,,,,,,,,,,,,,,,,,,,,,,,,,,,,,,,,,,,,,,,,,,,,,,,,,,,,,,,,,,,,,,,,,,,,,,,,,,,,,,,,,,,,,,,,,,,,,,,,,,,,,,,,,,,,,,,,,,,,,,,,,,,,,,,,,,,,,,,,,,,,,,,,,,,,,,,,,,,,,,,,,,,,,,,,,,,,,,,,,,,,,,,,,,,,,,,,,,,,,,,,,,,,,,,,,,,,,,,,,,,,,,,,,,,,,,,,,,,,,,,,,,,,,,,,,,,,,,,,,,,,,,,,0,0,0,0,0,0,0,0,0,0,0,0,0,0,0,0,0
TX1012700,2010,Katy Police Department,Texas,14070,12,53,221,69,76,0,21,0,1,23,135,6,530,1,1,0,36,0,0,0,2,8,0,0,0,0,0,1,6,9,0,0,0,6,0,0,1,0,0,11,1,0,0,0,0,1,6,16,1,6,0,0,0,8,0,0,2,6,0,1,0,0,6,0,0,0,0,0,0,0,0,0,3,0,0,8,1,0,4,47,1,1,15,200,4,7,69,7,0,0,0,0,21,0,0,0,0,0,0,0,0,9,13,1,56,0,0,66,8,5,4,0,1,202,0,316,5,7,0,0,1,0,1,0,0,30,0,0,0,0,0,2,0,0,0,0,0,0,0,7,1,0,0,0,0,0,0,0,0,1,0,0,4,0,2,0,0,62,1,6,0,0,0,0,0,0,0,0,0,2,7,0,0,0,0,0,0,0,0,0,0,0,0,0,0,0,0,0,0,0,0,0,0,0,0,0,2,0,0,5,0,0,0,0,0,0,0,0,0,0,0,1,0,0,0,0,0,0,0,0,0,0,0,1,0,0,0,0,0,0,0,0,,0,0,0,0,0,0,0,0,0,0,0,1,,0,0,0,0,0,0,0,0,0,0,0,0,0,9,1,1,1,24,25,2,2,55,64,2,4,5,15,56,0,0,6,6,9,0,0,0,0,0,0,1,4,13,6,59,46,19,11,6,0,0,71,341,116,1,99,0,0,1,0,0,0,0,0,1,32,3,0,0,0,0,0,0,0,0,2,0,0,5,0,0,0,0,0,0,0,0,0,0,0,0,0,0,0,1,5,2,3,4,0,10,55,0,0,0,0,0,0,0,0,0,1,0,0,0,0,0,0,0,0,0,0,0,1,0,3,0,0,0,1,0,1,0,0,0,0,0,0,0,0,0,0,0,0,0,0,0,0,0,0,0,0,0,6,0,0,0,0,0,0,0,0,0,0,0,0,0,0,1,0,0,0,0,0,0,0,69,71,5,35,1,6,0,9,0,0,0,0,0,16,60,237,92,95,0,23,0,1,30,162,6,634,1,4,0,38,0,0,0,4,8,0,0,0,0,0,4,21,11,0,0,0,6,0,0,3,0,2,12,2,2,23,35,12,57,168,21,71,0,18,76,1,0,0,3,4,16,0,0,0,0,1,0,6,14,10,74,78,10,5,189,187,258,0,0,1,2,0,0,4,11,23,0,0,0,0,0,0,0,2,2,0,3,2,0,0,0,0,0,0,0,0,0,0,0,2,0,1,0,3,16,2,0,9,2,0,0,0,0,0,2,0,0,0,0,0,0,0,3,4,0,0,2,0,0,2,0,0,0,0,0,2,1,0,0,0,0,0,0,0,0,3,13,0,8,35,17,22,168,47,1,78,27,1,67,0,0,5,16,2,0,0,0,1,0,0,14,10,6,0,48,13,99,1,0,5,2,169,260,203,0,0,1,0,2,0,2,0,1,4,23,10,0,0,0,0,0,0,0,0,0,0,0,3,0,1,2,2,4,0,0,0,0,0,0,0,0,0,0,0,0,0,2,0,0,2,2,2,17,0,4,2,5,10,0,0,0,0,0,0,0,2,0,0,0,0,0,0,0,0,0,0,0,0,0,0,4,0,0,0,0,0,0,0,0,0,0,0,0,0,0,2,0,0,0,0,0,0,0,3,0,0,0,0,0,0,0,0,0,0,0,0,0,0,0,3,0,0,0,0,0,0,0,0,0,0,12,2,2,23,0,37,59,10,168,79,0,84,10,1,0,0,6,1,16,0,0,1,0,0,17,3,10,105,47,10,6,0,0,261,116,257,0,0,0,1,2,0,0,15,1,22,0,0,0,0,0,0,0,3,1,0,3,1,4,0,0,0,0,0,0,0,0,0,0,0,2,0,19,0,2,8,1,2,0,0,0,0,0,0,0,0,0,0,0,4,0,0,13,0,0,0,2,0,0,0,0,2,0,0,0,2,0,0,3,285,0,5,20,3,69,108,0,0,0,9,61,250,18,0,0,69,1,5,0,0,0,0,13,0,0,2,7,0,0,0,0,0,0,0,0,0,0,0,0,0,0,0,0,0,0,1,3,46,239,0,0,5,7,13,0,3,12,57,14,94,0,0,0,0,0,3,6,29,32,151,99,3,15,0,0,0,0,0,0,54,0,1,4,0,0,0,0,1,0,1,12,15,0,0,0,0,0,2,0,7,0,0,0,0,0,0,0,0,0,0,0,0,0,0,0,0,0,0,0,0,0,0,0,0,0,0,0,0,1,0,0,0,0,0,3,2,93,190,0,0,3,2,2,18,0,3,16,53,9,98,0,0,0,0,0,0,7,2,43,112,135,7,11,0,0,0,0,0,18,0,0,0,0,0,0,1,0,0,7,1,0,3,0,0,0,0,0,2,0,0,4,9,59,0,0,0,0,0,0,1,1,1,3,4,0,0,0,0,0,0,0,0,0,0,0,0,0,0,0,0,0,0,0,0,0,0,0,0,0,0,0,0,0,0,0,0,0,0,0,0,2,0,0,0,0,0,0,0,0,0,0,0,0,0,0,0,0,0,0,0,0,0,0,0,0,0,0,0,0,0,0,0,0,0,0,0,0,0,0,0,0,0,0,0,0,0,0,0,0,0,0,0,0,0,0,0,0,0,0,4,0,0,0,0,0,0,0,0,0,1,3,6,1,0,0,0,0,0,0,0,0,0,0,0,0,0,0,0,0,0,171,42,0,4,9,0,44,0,0,0,35,185,0,3,0,0,0,11,4,4,8,2,52,0,0,0,11,0,1,0,3,1,0,0,0,0,59,0,0,0,7,0,0,110,5,25,0,0,0,0,6,3,0,0,23,0,0,0,0,0,0,0,0,66,0,0,0,0,0,0,0,0,0,0,0,0,0,0,0,1,0,0,0,0,0,0,0,0,1,2,1,283,0,5,0,14,3,62,7,106,0,0,0,7,2,33,157,93,11,0,0,0,0,28,2,6,0,0,61,1,0,5,0,7,0,0,0,0,0,0,9,4,2,0,0,0,0,2,0,0,7,0,0,0,0,0,0,0,0,0,,0,0,0,0,0,0,8,0,0,0,0,0,0,0,0,0,0,0,0,0,0,0,0,0,0,0,0,0,0,0,0,0,0,0,0,0,0,0,1,0,0,0,2,1,83,200,0,0,4,1,6,8,2,1,54,15,88,18,0,0,0,0,0,9,0,24,9,126,37,11,6,0,0,0,0,36,1,1,0,0,0,0,0,4,2,0,0,0,2,0,6,0,0,0,0,0,0,10,0,0,4,2,6,0,87,0,0,0,0,0,0,0,28,1,1,7,0,0,0,0,0,0,0,23,0,0,0,0,0,0,0,0,0,0,0,0,0,0,0,0,2,0,0,0,0,0,0,0,0,0,0,0,0,0,0,0,0,0,0,0,0,0,0,0,0,0,0,0,0,0,12,62,242,69,76,0,22,0,1,39,154,6,555,1,1,0,40,0,0,0,2,8,0,0,0,0,0,1,6,9,0,0,0,6,0,0,1,0,4,8,0,18,22,0,84,105,0,0,7,13,0,0,0,1,16,15,0,104,50,0,5,1,139,141,0,0,1,0,13,9,0,0,0,0,0,0,0,0,0,0,0,8,0,0,0,0,0,0,0,0,0,5,0,0,0,0,0,0,0,0,0,0,0,6,0,0,0,0,0,0,0,1,0,0,0,0,0,12,4,0,36,23,0,162,0,0,4,0,16,0,0,0,1,5,0,25,3,39,1,111,1,5,6,35,0,239,0,0,0,0,1,0,0,0,0,22,0,0,0,0,4,0,0,0,0,0,0,0,0,2,0,6,0,0,0,0,0,0,0,0,0,0,0,1,0,0,1,0,4,0,0,0,0,0,0,0,0,0,0,0,0,0,0,0,0,0,0,0,5,0,0,0,1,0,0,0,0,0,0,0,0,0,1,0,0,0,0,0,0,0,1,0,2,0,0,0,1,0,1,0,2,0,1,0,0,0,0,0,0,0,0,0,0,0,4,31,147,0,95,215,5,15,14,0,0,0,9,7,5,58,63,1,40,0,12,0,0,0,5,7,0,0,3,0,0,5,0,0,0,0,19,0,3,0,0,0,1,0,0,0,0,0,3,0,6,6,0,40,0,0,185,2,2,0,20,0,0,0,0,0,1,0,26,5,0,108,45,1,1,5,270,8,2,0,1,0,0,20,2,0,0,0,0,0,0,0,0,0,8,0,0,0,0,0,0,4,0,1,0,0,0,0,0,0,0,0,0,5,0,1,0,0,0,0,0,0,1,0,0,0,0,0,4,1,1,0,10,16,75,79,0,6,0,8,0,0,7,0,6,0,5,0,0,0,0,0,0,0,,,1,3,5,1,2,40,183,0,0,20,0,0,0,0,0,0,0,0,1,0,0,4,4,23,33,37,63,3,18,5,0,0,279,0,0,1,22,0,0,0,0,2,2,0,4,0,0,0,0,0,0,0,1,5,0,0,0,0,0,0,0,0,0,1,0,2,2,0,0,2,3,0,0,0,0,0,1,1,0,0,0,0,0,1,0,0,0,0,0,0,0,0,0,0,0,0,0,0,0,0,0,1,0,0,0,0,0,0,0,0,,0,0,0,0,0,0,0,0,0,0,0,0,0,0,0,0,0,0,0,0,0,0,0,0,0,0,0,0,0,0,0,0,,0,0,0,0,0,0,0,0,0,0,0,0,0,0,0,0,0,0,0,0,0,0,,0,0,0,0,0,0,0,0,0,0,0,0,0,0,0,0,2,0,0,0,0,1,0,0,0,0,,0,0,0,0,0,0,0,0,17,0,0,0,0,0,0,0,0,0,0,0,0,0,0,0,0,0,0,0,0,0,0,,0,,0,0,1,0,0,0,0,0,0,0,0,0,0,0,0,0,,0,0,0,0,0,0,0,0,0,0,0,0,0,0,0,0,0,1,0,0,0,0,0,0,0,0,0,0,0,,0,0,0,0,0,0,,,0,0,,0,0,0,0,0,0,0,0,0,0,,0,0,0,0,0,0,0,0,0,0,2,0,1,0,0,0,0,0,0,0,0,0,0,1,0,0,,0,0,0,,1,0,0,0,0,0,,,0,0,,0,0,0,0,0,0,0,0,0,,0,0,0,0,0,0,0,0,0,0,0,0,0,,0,0,0,,,0,0,,,0,,0,0,,,,0,0,,,,,0,,,0,0,0,,,0,0,0,0,0,0,0,0,,,0,0,0,0,0,0,0,0,0,0,0,0,0,0,0,0,0,0,0,,0,0,0,,0,0,,,0,,0,,0,0,0,0,0,0,0,0,0,0,0,,0,0,0,0,0,,0,0,0,0,0,,,0,,0,0,,0,0,,0,0,,0,0,,,0,0,0,0,,0,,0,,,,0,0,0,0,0,0,,,,,,0,0,0,0,0,0,,0,0,0,,,0,,0,,0,0,0,0,,,0,0,,,,,,,,,,,,,,,,,,,,,,,,,,,,,,,,,,,,,,,,,,,,,,,,,,,,,,,,,,,,,,,,,,,,,,,,,,,,,,,,,,,,,,,,,,,,,,,,,,,,,,,,,,,,,,,,,,,,,,,,,,,,,,,,,,,,,,,,,,,,,,,,,,,,,,,,,,,,,,,,,,,,,,,,,,,,,,,,,,,,,,,,,,,,,,,,,,,,,,,,,,,,,,,,,,,,,,,,,,,,,,,,,,,,,,,,,,,,,,,,,,,,,,,,,,,,,,,,,,,,,,,,,,,,,,,,,,,,,,,,,,,,,,,,,,,,,,,,,,,,,,,,,,,,,,,,,,,,,,,,,,,,,,,,,,,,,,,,,,,,,,,,,,,,,,,,,,,,,,,,,,,,,,,,,,,,,,,,,,,,,,,,,,0,,,,,0,,,,,,,,,,,,,,,,,,,,,,,,,,,,,,,,,,,,,,,,,,,,,,,,,,,,,,,,,,,,,,,,,,,,,,,,,,,,,,,,,,,,,,,,,,0,,,,,,,,,,,,,,,,,,,,,,,,,,,,,,,,,,,,,,,,,,,,,,,,,,,,,,,,,,,,,,,,,,,,,,,,,,,,,,,,,,,,,,,,,,,,,,,,,,,,,,,,,,,,,,,,,,,,,,,,,,,,,,,,,,,,,,,,,,,,,,,,,,,,,,,,,,,,,,,,,,,,,,,,,,,,,,,,,,,,,,,,,,,,,,,,,,,,,,,,,,,,,,,,,,,,,,,,,,,,,,,,,,,,,,,,,,,,,,,,,,,,,,,,,,,,,,,,,,,,,,,,,,,,,,,,,,,,,,,,,,,,,,,,,,,,,,,,,,,,,,,,,,,,,,,,,,,,,,,,,,,,,,,,,,,,,,,,,,,,,,,,,,,,,,,,,,,,,,,,,,,,,,,,,,,,,,,,,,,,,,,,,,,,,,,,,,,,,,,,,,,,,,,,,,,,,,,,,,,,,,,,,,,,,,,,,,,,,,,,,,,,,,,,,,,,,,,,,,,,,,,,,,,,,,,,,,,,,,,,,,,,,,,,,,,,,,,,,,,,,,,,,,,,,,,,,,,,,,,,,,,,,,,,,,,,,,,,,,,,,,,,,,,,,,,,,,,,,,,,,,,,,,,,,,,,,,,,,,,,,,,,,,,,,,,,,,,,,,,,,,,,,,,,,,,,,,,,,,,,,,,,,,,,,,,,,,,,,,,,,,,,,,,,,,,,,,,,,,,,,,,,,,,,,,,,,,,,,,,,,,,,,,,,,,,,,,,,,,,,,,,,,,,,,,,,,,,,,,,,,,,,,,,,,,,,,,,,,,,,,,,,,,,,,,,,,,,,,,,,,,,,,,,,,,,,,,,,,,,,,,,,,,,,,,,,,,,,,,,,,,,,,,,,,,,,,,,,,,,,,,,,,,,,,,,,,,,,,,,,,,,,,,,,,,,,,,,,,,,,,,,,,,,,,,,,,,,,,,,,,,,,,,,,,,,,,,,,,,,,,,,,,,,,,,,,,,,,,,,,,,,,,,,,,,,,,,,,,,,,,,,,,,,,,,,,,,,,,,,,,,,,,,,,,,,,,,,,,,,,,,,,,,,,,,,,,,,,,,,,,,,,,,,,,,,,,,,,,,,,,,,,,,,,,,,,,,,,,,,,,,,,,,,,,,,,,,,,,,,,,,,,,,,,,,,,,,,,,,,,,,,,,,,,,,,,,,,,,,,,,,,,,,,,,,,,,,,,,,,,,,,,,,,,,,,,,,,,,,,,,,,,,,,,,,,,,,,,,,,,,,,,,,,,,,,,,,,,,,,,,,,,,,,,,,,,,,,,,,,,,,,,,,,,,,,,,,,,,,,,,,,,,,,,,,,,,,,,,,,,,,,,,,,,,,,,,,,,,,,,,,,,,0,0,0,0,0,0,0,0,0,0,0,0,0,0,0,0,0
TX1012700,2011,Katy Police Department,Texas,14399,19,51,225,88,68,0,28,0,0,7,135,6,503,2,0,0,29,0,0,0,1,8,0,0,0,0,0,0,3,5,0,0,0,7,0,0,0,0,2,16,1,0,0,0,0,0,5,2,0,6,0,0,0,8,0,0,3,2,0,0,0,0,7,0,0,0,0,0,0,0,0,0,5,0,0,11,3,0,6,44,1,0,22,197,4,4,62,6,0,0,0,2,26,0,0,0,0,0,0,0,0,2,5,0,59,0,0,61,7,8,3,1,1,136,0,355,7,5,0,0,1,0,0,0,0,25,2,0,0,0,0,1,0,0,0,0,1,0,0,7,0,0,0,0,0,0,0,0,0,0,0,0,1,0,2,0,0,84,0,2,0,0,0,0,0,0,0,0,0,2,3,0,0,0,0,0,0,1,0,0,0,0,0,0,0,0,0,0,0,0,0,0,0,0,1,0,0,0,0,4,0,0,0,0,0,0,0,1,0,0,0,1,0,0,0,0,0,0,0,0,0,0,1,0,0,0,0,0,0,0,0,0,,0,0,0,0,0,0,0,0,0,0,0,0,,0,0,0,0,0,0,0,2,0,0,0,,0,13,4,1,1,31,18,0,1,61,66,3,4,10,11,47,0,0,1,4,22,1,0,0,0,0,0,0,1,4,2,65,39,11,17,3,2,1,96,286,120,0,93,0,0,1,1,0,0,0,0,3,24,1,1,0,0,0,0,0,0,0,1,0,0,3,1,0,0,0,0,0,0,0,0,0,0,0,0,0,0,0,3,1,2,2,0,6,78,0,0,0,0,0,0,0,0,0,0,0,0,0,0,0,0,0,0,0,0,0,0,2,2,1,0,3,1,0,2,0,0,0,0,5,0,0,0,0,0,0,0,0,0,0,0,0,0,0,0,0,2,0,0,0,0,0,0,0,0,0,0,0,0,0,0,0,0,0,0,0,0,0,0,88,66,2,28,1,3,0,5,0,0,0,0,0,22,69,249,106,92,0,30,0,0,12,156,7,551,2,0,0,30,0,0,0,2,8,0,0,0,0,0,0,4,7,0,0,0,8,0,0,0,0,7,14,1,2,33,34,19,65,165,17,89,0,6,86,0,0,0,1,6,23,0,0,0,0,0,0,0,8,4,65,85,6,5,82,167,302,0,1,1,0,0,0,4,9,17,0,0,0,0,0,0,0,0,0,2,6,1,0,0,0,0,0,0,0,0,0,0,0,0,0,2,0,2,1,1,0,7,0,0,0,0,0,0,0,0,0,0,0,0,0,0,1,7,0,0,0,0,0,1,0,0,0,0,0,0,0,0,0,0,0,0,0,0,6,1,15,0,4,34,31,13,166,69,0,85,11,0,79,0,0,2,23,5,0,0,0,0,0,0,2,4,6,0,39,9,107,2,0,5,5,56,303,187,0,0,1,1,0,0,0,0,0,6,17,7,0,0,0,0,1,2,0,0,0,0,0,0,2,0,3,1,4,0,0,0,0,0,0,0,0,0,0,0,0,0,0,0,0,1,0,1,3,0,0,0,7,21,0,0,0,0,0,0,0,0,0,0,0,0,0,0,0,0,0,0,0,0,0,0,6,0,0,0,0,0,0,0,0,0,0,0,0,0,0,1,0,0,0,0,0,0,0,0,0,0,0,0,0,0,0,0,1,0,0,0,0,0,0,0,0,0,0,0,0,0,0,0,0,0,20,1,1,19,16,34,50,32,167,93,0,80,12,0,0,0,6,1,23,0,0,0,0,0,4,4,4,107,40,9,3,4,0,162,85,304,0,1,0,1,0,0,0,13,0,17,0,0,0,0,0,0,0,0,0,2,3,2,3,0,0,0,0,0,0,0,0,0,0,0,0,0,3,0,1,5,2,0,0,0,0,0,0,0,0,0,0,0,0,4,0,0,13,0,0,0,2,2,0,0,0,0,0,0,0,0,0,0,4,306,1,13,15,3,65,87,2,11,0,5,59,157,11,0,0,83,0,2,0,0,0,0,13,1,0,0,3,0,0,0,0,0,0,0,0,0,0,0,0,0,0,0,0,0,0,0,4,60,246,0,1,13,3,12,0,3,4,61,12,75,0,2,1,10,0,0,5,22,37,63,94,0,11,0,0,0,0,0,0,69,0,0,1,0,0,0,0,1,0,4,9,14,1,0,0,0,0,0,0,3,0,0,0,0,0,0,0,0,0,0,0,0,0,0,0,0,0,0,0,0,0,0,0,0,0,0,0,0,0,0,0,0,0,0,4,3,87,215,0,1,1,12,5,9,0,3,9,55,7,78,2,1,0,10,0,0,2,3,41,38,115,0,10,0,0,0,0,0,17,0,0,0,0,0,0,1,1,0,18,0,0,2,0,0,0,0,0,0,0,0,4,9,65,1,0,0,0,0,0,0,0,4,0,3,1,0,0,0,0,0,0,0,0,0,0,0,0,0,0,0,0,0,0,0,0,0,0,0,0,0,0,0,0,0,0,0,0,1,0,0,0,0,1,0,0,0,0,0,0,0,0,0,0,0,0,0,1,0,0,0,0,1,0,0,0,0,0,0,0,0,0,0,0,0,0,0,0,0,0,0,0,0,0,0,0,0,0,0,0,0,0,0,0,0,0,0,0,0,1,3,0,0,1,0,0,0,0,0,0,2,0,6,0,0,0,0,0,0,0,0,0,0,0,0,0,0,0,0,0,0,195,37,0,3,11,3,41,0,0,6,36,107,1,0,0,0,0,2,3,2,11,0,65,0,0,0,3,0,0,0,3,10,0,2,0,0,44,0,0,0,2,0,0,108,2,24,0,5,0,0,9,0,0,0,23,0,0,0,0,0,0,0,0,50,0,0,0,0,0,0,0,0,0,0,0,0,0,0,0,1,0,0,0,0,0,0,0,0,0,4,0,299,1,10,3,13,3,56,9,85,2,8,0,1,4,31,93,64,11,0,0,0,0,28,7,2,0,0,73,0,0,2,0,0,0,0,0,0,0,0,8,5,2,0,3,0,0,0,0,0,2,1,0,0,0,0,1,0,0,0,,0,0,0,0,0,0,10,0,0,0,0,0,0,0,0,0,0,0,0,0,0,0,0,0,0,0,0,0,0,0,0,0,0,0,0,0,0,0,0,0,0,0,4,0,108,196,1,0,12,1,7,2,3,0,64,1,65,22,2,0,6,0,0,5,0,25,12,69,16,11,0,0,0,0,0,37,0,1,0,0,0,0,0,6,4,0,0,0,0,0,3,0,0,0,0,0,0,6,0,0,1,2,6,5,72,0,0,0,0,0,0,0,22,0,0,3,0,0,0,0,0,0,0,40,0,0,0,0,0,0,0,0,0,0,0,0,1,0,0,0,0,0,0,0,0,0,0,0,0,0,0,0,0,0,0,0,0,0,0,0,0,0,0,0,0,0,0,0,0,0,27,60,245,88,68,0,30,0,0,12,157,6,532,2,0,0,32,0,0,0,1,12,0,0,0,0,0,0,3,5,0,0,0,8,0,0,0,0,13,14,0,23,21,0,80,117,0,0,7,20,0,0,0,0,4,5,0,102,55,0,6,0,124,186,0,1,0,0,8,11,0,0,0,0,0,0,0,0,0,1,0,8,0,0,0,0,0,0,0,0,1,2,0,0,4,0,0,0,0,0,0,0,0,7,0,0,1,0,0,0,0,0,0,0,0,6,0,20,4,0,40,13,0,183,0,0,2,0,25,0,0,0,0,2,0,6,1,40,1,114,1,5,5,17,2,286,0,1,0,0,1,0,0,1,0,18,0,0,0,0,1,0,0,0,0,0,1,0,0,2,0,10,0,0,0,0,0,0,0,0,0,0,0,1,1,0,0,0,3,0,0,0,0,0,0,0,0,0,0,0,0,0,0,0,0,0,0,0,7,0,0,0,1,0,0,0,0,0,0,0,0,0,0,0,0,0,0,0,0,0,0,0,2,0,0,0,0,0,1,0,1,0,0,0,0,0,0,0,0,0,0,0,0,0,15,33,154,0,109,250,5,20,15,1,0,0,11,4,7,47,59,0,41,0,7,0,0,0,5,12,0,0,3,0,0,3,0,0,0,0,2,0,3,0,0,1,0,0,0,0,0,0,7,0,10,17,0,43,1,0,191,5,1,0,27,0,0,0,0,0,0,0,6,3,0,104,53,0,0,6,303,5,2,0,1,0,0,19,0,0,0,0,0,0,0,1,0,0,12,0,0,0,0,0,0,2,0,1,0,0,0,0,0,0,0,0,0,6,0,2,0,0,0,0,0,0,0,0,0,0,0,0,11,14,0,0,2,7,93,64,1,5,0,12,0,0,2,0,8,0,0,0,0,0,0,0,0,0,,,2,17,5,1,2,44,196,0,0,27,0,0,0,0,0,0,0,0,0,0,0,1,3,5,38,37,68,4,10,1,2,1,309,0,1,1,19,0,0,0,1,5,3,0,4,0,0,0,0,0,0,0,1,3,0,0,0,0,0,0,0,0,0,1,0,2,1,0,1,0,0,0,0,0,0,0,2,0,0,0,0,0,0,3,0,0,0,0,0,0,0,0,0,0,0,0,0,0,0,0,0,0,0,0,0,0,0,0,0,0,0,0,0,0,0,0,0,0,0,0,0,0,0,0,0,0,,0,0,0,0,0,0,0,0,0,0,0,0,0,0,0,0,0,0,0,0,0,0,0,0,0,0,0,0,0,0,0,0,0,0,0,0,0,0,0,0,0,0,0,0,0,0,0,0,0,0,0,0,0,0,0,0,0,0,0,0,0,0,0,0,0,0,,0,0,0,0,0,0,0,0,18,0,1,0,0,0,0,0,0,0,0,0,0,0,0,0,0,0,0,0,0,0,,,0,,0,0,0,0,0,0,0,0,0,0,0,0,0,0,0,0,0,0,0,0,0,0,0,0,0,0,,0,0,0,0,0,0,0,3,0,0,0,0,0,0,0,0,0,0,0,0,0,0,0,0,0,0,0,0,0,0,0,0,0,0,0,0,0,0,0,0,0,,0,0,0,0,0,0,0,0,0,0,0,0,0,0,0,0,0,0,0,0,0,,0,0,0,0,0,0,0,0,0,0,0,0,0,0,0,,0,0,0,,0,0,0,0,0,0,0,0,0,,0,0,0,0,0,0,0,0,0,0,0,0,0,,0,0,0,0,,0,0,0,0,0,,0,0,0,0,0,0,0,0,0,,,0,0,,0,0,0,0,,0,,0,0,0,0,0,0,0,0,0,0,0,0,0,0,0,0,0,0,0,0,0,0,0,0,0,0,0,,0,0,0,0,0,0,,,0,0,0,0,0,,0,,0,0,0,0,0,0,0,,0,0,0,0,0,,0,0,,0,,0,0,,,0,0,0,0,0,,,0,0,0,,,0,0,0,0,0,0,0,,0,,0,0,0,0,0,0,0,0,,0,,0,0,0,0,0,0,0,0,0,,0,0,0,0,0,0,,,0,,0,0,,,0,0,,,,0,,0,0,0,0,,0,0,0,0,,,,,,,,,,,,,,,,,,,,,,,,,,,,,,,,,,,,,,,,,,,,,,,,,,,,,,,,,,,,,,,,,,,,,,,,,,,,,,,,,,,,,,,,,,,,,,,,,,,,,,,,,,,,,,,,,,,,,,,,,,,,,,,,,,,,,,,,,,,,,,,,,,,,,,,,,,,,,,,,,,,,,,,,,,,,,,,,,,,,,,,,,,,,,,,,,,,,,,,,,,,,,,,,,,,,,,,,,,,,,,,,,,,,,,,,,,,,,,,,,,,,,,,,,,,,,,,,,,,,,,,,,,,,,,,,,,,,,,,,,,,,,,,,,,,,,,,,,,,,,,,,,,,,,,,,,,,,,,,,,,,,,,,,,,,,,,,,,,,,,,,,,,,,,,,,,,,,,,,,,,,,,,,,,,,,0,,,,,0,,,,,,,,,,,,,,,,,,,,,,,,,,,,,,,,,,,,,,,,,,,,,,,,,,,,,,,,,,,,,,,,,,,,,,,,,,,,,,,,,,,,,,,,,,0,,,,,,,,,,,,,,,,,,,,,,,,,,,,,,,,,,,,,,,,,,,,,,,,,,,,,,,,,,,,,,,,,,,,,,,,,,,,,,,,,,,,,,,,,,,,,,,,,,,,,,,,,,,,,,,,,,,,,,,,,,,,,,,,,,,,,,,,,,,,,,,,,,,,,,,,,,,,,,,,,,,,,,,,,,,,,,,,,,,,,,,,,,,,,,,,,,,,,,,,,,,,,,,,,,,,,,,,,,,,,,,,,,,,,,,,,,,,,,,,,,,,,,,,,,,,,,,,,,,,,,,,,,,,,,,,,,,,,,,,,,,,,,,,,,,,,,,,,,,,,,,,,,,,,,,,,,,,,,,,,,,,,,,,,,,,,,,,,,,,,,,,,,,,,,,,,,,,,,,,,,,,,,,,,,,,,,,,,,,,,,,,,,,,,,,,,,,,,,,,,,,,,,,,,,,,,,,,,,,,,,,,,,,,,,,,,,,,,,,,,,,,,,,,,,,,,,,,,,,,,,,,,,,,,,,,,,,,,,,,,,,,,,,,,,,,,,,,,,,,,,,,,,,,,,,,,,,,,,,,,,,,,,,,,,,,,,,,,,,,,,,,,,,,,,,,,,,,,,,,,,,,,,,,,,,,,,,,,,,,,,,,,,,,,,,,,,,,,,,,,,,,,,,,,,,,,,,,,,,,,,,,,,,,,,,,,,,,,,,,,,,,,,,,,,,,,,,,,,,,,,,,,,,,,,,,,,,,,,,,,,,,,,,,,,,,,,,,,,,,,,,,,,,,,,,,,,,,,,,,,,,,,,,,,,,,,,,,,,,,,,,,,,,,,,,,,,,,,,,,,,,,,,,,,,,,,,,,,,,,,,,,,,,,,,,,,,,,,,,,,,,,,,,,,,,,,,,,,,,,,,,,,,,,,,,,,,,,,,,,,,,,,,,,,,,,,,,,,,,,,,,,,,,,,,,,,,,,,,,,,,,,,,,,,,,,,,,,,,,,,,,,,,,,,,,,,,,,,,,,,,,,,,,,,,,,,,,,,,,,,,,,,,,,,,,,,,,,,,,,,,,,,,,,,,,,,,,,,,,,,,,,,,,,,,,,,,,,,,,,,,,,,,,,,,,,,,,,,,,,,,,,,,,,,,,,,,,,,,,,,,,,,,,,,,,,,,,,,,,,,,,,,,,,,,,,,,,,,,,,,,,,,,,,,,,,,,,,,,,,,,,,,,,,,,,,,,,,,,,,,,,,,,,,,,,,,,,,,,,,,,,,,,,,,,,,,,,,,,,,,,,,,,,,,,,,,,,,,,,,,,,,,,,,,,,,,,,,,,,,,,,,,,,,,,,,,,,,,,,,,,,,,,,,,,,,,,,,,,,,,,,,,,,,,,,,,,,,,,,,,,,,,0,0,0,0,0,0,0,0,0,0,0,0,0,0,0,0,0
TX1012700,2012,Katy Police Department,Texas,14642,13,67,232,111,80,0,31,0,1,8,129,8,573,2,1,0,14,0,0,0,0,5,0,0,0,0,0,1,3,6,0,0,0,7,0,0,0,0,1,12,0,0,0,0,0,1,1,7,0,8,0,0,0,5,0,0,4,2,0,0,0,0,7,0,0,0,0,0,0,0,0,0,5,0,0,8,0,0,8,54,1,3,30,189,2,13,75,4,0,0,0,4,25,2,0,0,0,0,1,0,0,4,3,1,44,0,0,69,11,5,7,0,0,212,1,332,16,12,0,0,2,0,1,0,0,11,1,0,0,0,0,10,0,0,0,0,0,0,0,4,1,0,0,0,0,0,0,0,0,1,0,0,0,0,0,0,0,98,0,2,0,0,0,0,0,0,0,0,0,3,6,0,1,0,0,0,0,0,0,0,0,0,0,0,0,0,0,1,0,0,0,0,0,0,1,0,0,0,0,5,0,0,0,0,0,0,0,0,0,0,0,1,0,0,0,0,0,0,0,0,0,0,0,1,0,0,0,0,0,0,0,0,,0,0,0,0,0,0,0,0,0,0,0,0,,0,0,0,0,0,0,0,1,0,0,0,,0,4,6,1,2,36,31,0,0,60,75,2,4,7,23,50,0,0,7,3,21,0,0,0,0,0,0,1,2,4,2,51,48,16,14,4,1,1,65,393,115,0,95,0,0,1,1,0,0,0,0,0,14,0,0,0,0,0,0,0,0,0,0,0,0,2,0,0,0,0,0,0,0,0,0,0,0,0,0,2,1,1,1,0,2,4,0,21,86,0,0,0,1,0,0,0,0,0,0,0,0,0,0,0,0,0,0,0,0,0,1,0,3,0,0,0,0,0,0,0,0,0,0,3,0,0,0,0,0,0,0,0,0,0,1,0,0,0,0,0,2,0,0,0,0,0,0,0,0,0,0,0,0,0,0,0,0,0,0,0,0,0,0,111,80,0,14,0,3,0,6,0,0,0,0,0,15,80,260,147,113,0,36,0,1,10,150,8,681,2,4,0,16,0,0,0,0,5,0,0,0,0,0,4,4,8,0,0,0,9,0,0,0,0,5,6,4,7,24,49,19,69,172,31,116,0,20,92,1,0,0,7,9,20,0,0,0,0,1,0,0,7,3,62,77,11,5,203,216,262,0,1,1,1,0,0,1,5,10,0,0,0,0,0,0,0,0,0,0,1,3,0,0,0,0,0,0,0,0,0,0,0,1,0,0,3,0,4,0,1,7,0,0,0,0,0,0,3,0,0,0,0,0,0,0,1,5,0,0,3,0,0,4,0,0,0,0,0,0,0,0,0,0,0,0,0,0,2,4,9,0,3,49,28,13,172,75,0,116,25,1,83,0,0,3,20,13,0,0,0,0,0,1,5,3,2,0,41,12,94,3,3,2,10,98,262,311,0,1,1,0,1,0,3,0,0,0,10,6,0,0,0,0,0,4,0,0,0,0,0,0,0,0,2,3,0,0,0,0,0,0,0,0,0,0,0,0,0,0,3,0,0,3,0,0,4,0,2,0,6,28,0,0,0,0,0,0,0,1,0,0,0,0,0,0,0,0,0,0,0,0,0,0,4,0,0,0,0,0,0,0,0,0,0,0,0,0,0,4,0,0,0,0,0,0,0,3,0,0,0,0,0,0,0,0,1,0,0,0,0,0,0,0,0,0,0,0,0,0,0,0,0,0,8,3,4,23,8,49,49,39,172,119,0,90,22,1,0,0,11,5,20,0,0,1,0,0,6,1,3,95,43,12,5,0,3,308,109,264,0,1,0,1,4,0,0,6,0,10,0,0,0,0,0,0,0,0,0,0,2,0,3,0,0,0,0,0,0,0,0,0,0,0,4,0,2,2,0,6,2,0,0,0,0,0,0,0,0,0,0,0,0,4,0,0,28,0,0,0,4,1,0,0,0,0,0,0,0,0,0,0,4,291,0,9,11,12,78,77,4,1,1,5,46,250,17,0,0,106,0,1,0,0,0,0,25,0,0,3,6,0,0,0,0,0,0,0,0,0,0,0,0,0,0,1,0,0,0,0,2,76,215,0,0,9,3,8,1,11,11,67,10,67,0,4,0,1,1,0,5,27,19,152,98,1,16,2,0,0,0,0,0,85,0,0,0,0,0,0,0,1,0,4,21,21,0,0,0,0,1,2,0,6,0,0,0,0,0,0,0,0,0,0,0,0,0,0,0,0,0,0,0,0,0,0,0,1,0,0,0,0,0,0,0,0,0,2,2,0,93,198,0,0,0,9,3,8,1,10,16,59,5,72,4,0,0,1,0,1,2,3,30,54,190,4,13,0,0,0,0,0,15,0,0,0,0,1,0,0,0,0,18,0,0,1,0,0,0,0,0,0,0,0,4,21,86,0,0,0,0,0,0,0,3,6,2,4,1,0,0,0,0,0,0,0,0,0,0,0,0,0,0,0,0,0,0,0,0,0,0,0,0,0,0,0,0,0,0,0,0,0,0,0,0,0,0,0,0,0,0,0,0,0,0,0,0,0,0,0,3,0,0,0,0,0,0,0,0,0,0,0,0,0,0,0,1,0,0,0,0,0,0,0,0,0,0,0,0,0,0,0,0,0,0,0,0,0,0,0,0,0,0,2,0,1,0,1,2,0,0,0,0,0,2,18,0,0,0,0,0,0,0,0,0,0,0,0,0,0,0,0,0,0,185,40,4,4,6,8,56,3,0,0,31,170,0,3,0,1,0,6,4,0,13,1,78,0,0,0,5,0,0,0,0,4,0,1,0,0,62,0,0,0,5,0,0,104,12,20,0,1,0,2,11,2,0,0,13,0,0,0,0,0,0,0,0,37,0,0,0,0,0,1,0,0,0,0,0,0,0,0,0,0,0,0,0,0,0,0,0,0,1,2,2,282,0,7,2,8,12,64,14,76,4,1,0,3,2,19,174,76,17,0,1,0,0,27,9,3,0,0,87,0,0,1,0,0,0,0,0,0,0,0,8,17,1,0,0,0,0,2,1,0,4,2,0,0,0,0,0,0,0,0,,0,0,0,0,0,0,19,0,0,0,0,0,0,0,0,0,0,0,0,0,0,0,0,0,0,0,0,0,0,0,0,0,1,0,0,0,0,0,0,0,0,0,3,1,101,190,0,0,5,4,2,3,12,0,75,3,61,15,3,1,0,0,1,2,3,12,11,150,18,17,0,0,0,0,0,39,0,0,0,0,0,0,0,15,9,0,0,0,2,1,6,0,0,0,0,0,0,9,0,0,1,0,6,1,82,0,0,0,0,0,0,0,23,0,0,1,0,0,0,0,0,0,0,58,0,0,0,0,0,0,0,0,0,0,0,0,0,0,0,0,1,0,0,0,0,0,0,0,0,1,0,0,0,0,0,0,0,0,0,0,0,0,0,0,0,0,0,0,0,0,21,75,252,111,80,0,33,0,1,12,150,10,606,2,1,0,16,0,0,0,0,5,0,0,0,0,0,1,3,6,0,0,0,7,0,0,0,0,14,7,0,19,30,0,74,114,0,0,9,21,0,0,0,1,2,8,0,87,63,0,10,0,143,155,0,1,0,0,3,4,0,0,0,0,0,0,0,0,0,0,0,5,0,0,0,0,0,0,0,0,0,2,0,0,0,0,0,0,0,0,0,0,0,5,0,0,2,0,0,0,0,0,0,0,0,2,0,19,1,0,46,16,0,164,0,0,3,0,27,0,0,0,1,2,0,8,2,39,0,109,2,8,8,23,0,267,2,0,1,0,0,0,0,0,0,7,0,0,0,0,8,0,0,0,0,0,0,0,0,1,0,4,0,0,0,0,0,0,0,0,0,0,0,0,0,0,1,0,1,0,0,0,0,0,0,0,0,0,0,0,0,0,0,0,0,0,0,0,6,0,0,0,1,0,0,0,0,0,0,0,0,0,0,0,0,0,0,0,0,0,0,0,0,0,0,0,0,0,0,0,2,0,0,0,0,0,0,0,0,0,0,0,0,0,9,38,144,0,103,238,2,22,7,0,0,1,11,0,8,47,58,1,44,0,8,0,0,1,2,12,0,0,5,0,0,2,0,0,0,0,2,0,5,0,0,0,0,0,0,0,0,0,3,0,6,15,0,49,0,0,184,4,0,0,30,0,0,0,0,1,0,0,7,3,0,93,57,0,1,9,291,6,1,0,1,0,0,7,0,0,0,0,0,0,0,0,0,0,5,0,0,0,0,0,0,2,0,0,0,0,0,0,0,0,0,0,0,7,0,0,0,0,0,0,0,0,0,0,0,0,0,0,3,14,0,1,5,5,78,72,0,10,0,4,0,0,4,0,7,1,0,0,0,0,0,0,0,0,,,2,8,3,0,8,49,186,0,0,30,0,0,0,0,0,0,0,1,0,0,0,2,4,4,33,31,66,6,14,1,4,5,298,0,0,1,7,0,0,0,0,0,2,0,3,0,0,0,0,0,0,0,0,2,0,0,0,0,0,0,0,0,0,0,0,1,2,0,0,0,2,0,0,0,0,0,0,0,0,0,0,0,0,4,0,0,0,0,0,0,0,0,0,0,0,0,0,0,0,0,0,0,0,0,0,0,0,0,0,0,0,0,0,0,0,0,0,0,0,0,0,0,0,0,0,0,0,0,0,0,0,0,0,0,0,0,0,0,0,0,0,1,0,0,0,0,0,0,0,0,0,0,0,0,0,0,,0,0,0,0,0,0,0,,0,,0,0,0,0,0,0,0,0,0,0,0,0,0,0,0,0,2,0,0,0,0,0,0,0,0,0,,0,0,0,0,0,0,0,0,28,0,0,0,0,0,0,0,0,0,0,0,0,,0,0,0,0,0,0,0,0,,,0,,,0,0,0,0,0,0,0,0,0,0,0,0,0,0,0,,0,0,0,0,0,0,0,0,0,0,0,0,0,0,0,0,0,4,0,0,,0,0,0,0,0,0,0,0,,0,0,0,0,0,0,0,,0,0,,0,0,0,0,0,0,0,0,0,0,,0,0,0,0,0,0,0,0,0,0,0,0,0,0,0,0,0,0,0,0,0,0,0,0,0,0,0,0,0,0,,0,0,0,0,0,0,,,0,,,0,0,0,0,0,,0,0,0,,0,0,0,0,0,0,0,0,0,0,0,0,0,,0,0,0,0,0,0,0,0,0,0,,0,0,0,0,,0,0,0,0,,,0,0,,0,0,0,0,,0,0,0,0,0,0,0,0,,0,0,0,0,0,0,0,0,0,0,0,0,0,0,0,0,0,0,0,0,,0,0,0,0,0,0,,,0,0,0,0,0,0,0,0,0,0,0,0,0,0,0,,0,0,0,0,0,,0,0,0,0,0,,,,,0,0,,0,0,0,0,0,0,0,,,0,0,0,0,0,0,,,0,,0,0,0,0,0,0,0,0,0,,,0,0,0,0,,0,0,0,,0,0,0,0,0,0,0,,,0,,,0,0,0,,0,0,,0,,,0,0,0,0,0,,,,,0,0,,,,,,,,,,,,,,,,,,,,,,,,,,,,,,,,,,,,,,,,,,,,,,,,,,,,,,,,,,,,,,,,,,,,,,,,,,,,,,,,,,,,,,,,,,,,,,,,,,,,,,,,,,,,,,,,,,,,,,,,,,,,,,,,,,,,,,,,,,,,,,,,,,,,,,,,,,,,,,,,,,,,,,,,,,,,,,,,,,,,,,,,,,,,,,,,,,,,,,,,,,,,,,,,,,,,,,,,,,,,,,,,,,,,,,,,,,,,,,,,,,,,,,,,,,,,,,,,,,,,,,,,,,,,,,,,,,,,,,,,,,,,,,,,,,,,,,,,,,,,,,,,,,,,,,,,,,,,,,,,,,,,,,,,,,,,,,,,,,,,,,,,,,,,,,,,,,,,,,,,,,,,,,,,,,0,,,,,0,,,,,,,,,,,,,,,,,,,,,,,,,,,,,,,,,,,,,,,,,,,,,,,,,,,,,,,,,,,,,,,,,,,,,,,,,,,,,,,,,,,,,,,,,,0,,,,,,,,,,,,,,,,,,,,,,,,,,,,,,,,,,,,,,,,,,,,,,,,,,,,,,,,,,,,,,,,,,,,,,,,,,,,,,,,,,,,,,,,,,,,,,,,,,,,,,,,,,,,,,,,,,,,,,,,,,,,,,,,,,,,,,,,,,,,,,,,,,,,,,,,,,,,,,,,,,,,,,,,,,,,,,,,,,,,,,,,,,,,,,,,,,,,,,,,,,,,,,,,,,,,,,,,,,,,,,,,,,,,,,,,,,,,,,,,,,,,,,,,,,,,,,,,,,,,,,,,,,,,,,,,,,,,,,,,,,,,,,,,,,,,,,,,,,,,,,,,,,,,,,,,,,,,,,,,,,,,,,,,,,,,,,,,,,,,,,,,,,,,,,,,,,,,,,,,,,,,,,,,,,,,,,,,,,,,,,,,,,,,,,,,,,,,,,,,,,,,,,,,,,,,,,,,,,,,,,,,,,,,,,,,,,,,,,,,,,,,,,,,,,,,,,,,,,,,,,,,,,,,,,,,,,,,,,,,,,,,,,,,,,,,,,,,,,,,,,,,,,,,,,,,,,,,,,,,,,,,,,,,,,,,,,,,,,,,,,,,,,,,,,,,,,,,,,,,,,,,,,,,,,,,,,,,,,,,,,,,,,,,,,,,,,,,,,,,,,,,,,,,,,,,,,,,,,,,,,,,,,,,,,,,,,,,,,,,,,,,,,,,,,,,,,,,,,,,,,,,,,,,,,,,,,,,,,,,,,,,,,,,,,,,,,,,,,,,,,,,,,,,,,,,,,,,,,,,,,,,,,,,,,,,,,,,,,,,,,,,,,,,,,,,,,,,,,,,,,,,,,,,,,,,,,,,,,,,,,,,,,,,,,,,,,,,,,,,,,,,,,,,,,,,,,,,,,,,,,,,,,,,,,,,,,,,,,,,,,,,,,,,,,,,,,,,,,,,,,,,,,,,,,,,,,,,,,,,,,,,,,,,,,,,,,,,,,,,,,,,,,,,,,,,,,,,,,,,,,,,,,,,,,,,,,,,,,,,,,,,,,,,,,,,,,,,,,,,,,,,,,,,,,,,,,,,,,,,,,,,,,,,,,,,,,,,,,,,,,,,,,,,,,,,,,,,,,,,,,,,,,,,,,,,,,,,,,,,,,,,,,,,,,,,,,,,,,,,,,,,,,,,,,,,,,,,,,,,,,,,,,,,,,,,,,,,,,,,,,,,,,,,,,,,,,,,,,,,,,,,,,,,,,,,,,,,,,,,,,,,,,,,,,,,,,,,,,,,,,,,,,,,,,,,,,,,,,,,,,,,,,,,,,,,,,,,,,,,,,,,,,,,,,,,,,,,,,,,,,,,,,,,,,,,,,,,,,,,,,,,,,,,,,,,,,,,,,,,,,,,,0,0,0,0,0,0,0,0,0,0,0,0,0,0,0,0,0
TX1012700,2013,Katy Police Department,Texas,14837,16,64,194,84,85,0,26,1,0,12,86,4,408,1,0,0,17,0,0,0,1,4,0,0,1,0,0,0,5,12,0,0,0,3,0,0,0,0,0,16,0,1,0,0,0,0,0,11,1,4,0,0,0,4,1,0,8,2,0,2,0,0,3,0,0,0,0,0,0,0,0,0,3,0,0,13,0,0,9,55,0,0,20,173,1,9,80,5,0,0,0,2,24,0,0,0,1,0,0,0,0,7,5,0,29,0,0,47,7,3,4,0,0,158,0,244,4,2,0,0,0,0,0,0,0,13,0,0,0,0,0,0,0,0,0,0,1,0,0,4,0,0,0,0,1,0,0,0,0,0,0,0,1,0,2,1,0,75,0,4,0,0,0,0,0,0,0,0,0,4,9,0,0,0,0,0,0,1,0,0,0,0,0,0,0,0,0,0,0,0,0,0,0,0,0,0,0,0,0,3,0,0,0,0,0,0,0,0,0,0,0,0,0,0,0,0,0,0,0,0,0,0,0,0,0,0,0,0,0,0,0,0,,0,0,0,0,0,0,0,0,0,0,0,0,,0,0,0,0,0,0,0,0,0,0,0,,0,11,3,1,1,27,37,0,0,34,94,1,0,4,16,65,0,0,4,5,17,0,1,0,0,0,0,0,0,6,6,50,25,8,3,1,2,0,29,307,71,0,64,0,0,0,0,1,0,0,0,1,16,0,0,0,0,0,0,0,0,0,1,0,0,4,0,0,0,0,0,1,0,0,0,0,0,0,0,1,0,1,4,0,2,10,0,10,74,0,0,0,0,0,0,0,0,0,0,0,0,0,0,0,0,0,0,0,0,0,0,0,0,0,0,0,1,0,1,0,0,0,0,2,0,0,0,0,0,0,0,0,0,0,0,0,0,0,0,0,1,0,0,0,0,0,0,0,0,0,0,0,0,0,0,0,0,0,0,0,0,0,0,84,85,0,17,0,5,0,12,0,0,0,0,0,20,72,207,119,125,0,30,1,0,17,93,4,457,1,0,0,19,0,0,0,1,4,0,0,2,0,0,0,11,21,0,0,0,3,0,0,0,0,8,12,0,3,22,47,15,45,147,18,101,0,15,110,0,0,0,1,7,22,0,1,0,0,0,0,3,13,1,25,66,2,4,97,167,193,0,1,0,0,0,0,4,6,9,0,0,0,0,0,0,0,0,0,1,4,0,0,0,0,0,0,1,1,0,0,0,0,0,0,0,0,4,7,0,1,19,1,0,0,0,0,0,0,0,0,0,0,0,0,0,0,3,0,0,0,0,0,0,0,0,0,0,0,0,0,0,0,0,0,0,0,1,2,0,17,0,2,47,23,10,146,50,0,94,41,0,78,0,0,6,22,2,1,0,0,0,0,0,10,1,5,0,15,2,76,1,0,2,9,86,193,169,1,0,0,1,0,0,0,0,0,3,9,7,0,0,0,0,1,6,0,0,0,0,0,0,1,0,0,0,4,0,0,0,0,0,0,0,0,0,0,0,0,0,0,0,0,0,0,0,11,0,12,1,7,23,0,0,0,0,0,0,0,0,0,0,0,0,0,0,0,0,0,0,0,0,0,0,2,0,0,0,0,0,0,0,0,0,0,0,0,0,0,0,0,0,1,0,0,0,,2,0,0,0,0,0,0,0,0,1,0,0,0,0,0,0,0,0,0,0,0,0,0,0,2,0,0,16,4,0,17,8,47,41,20,146,103,0,113,12,0,0,0,5,3,22,1,0,0,0,0,14,1,2,64,27,2,3,1,0,212,51,194,0,1,0,0,0,0,0,12,0,7,0,0,0,0,0,0,0,1,0,0,4,0,0,0,0,0,0,0,2,0,0,0,0,0,0,0,9,2,0,18,2,1,0,0,0,0,0,0,0,0,0,0,0,2,0,0,16,0,0,0,0,1,0,0,0,0,0,0,0,0,0,0,4,265,1,6,10,21,85,83,0,4,1,7,28,182,8,0,0,77,0,3,0,0,0,0,10,0,0,3,7,0,0,0,0,0,0,0,0,0,0,0,0,0,0,0,0,0,0,0,3,57,208,0,1,6,3,7,1,20,12,73,6,77,0,0,0,4,1,1,6,7,21,69,113,2,6,1,0,0,0,0,0,66,0,0,1,0,0,0,0,2,0,4,6,11,0,0,0,0,0,3,0,7,0,0,0,0,0,0,0,0,0,0,0,0,0,0,0,0,0,0,0,0,0,0,0,0,0,0,0,0,0,0,0,0,0,0,4,1,90,174,0,1,0,6,1,9,0,21,23,60,6,76,0,0,0,4,1,0,4,3,22,57,120,2,6,0,0,0,0,0,6,0,0,0,0,0,0,1,0,0,12,0,0,1,0,0,0,0,0,2,0,0,1,9,64,0,0,0,0,0,0,1,2,5,4,2,0,0,0,0,0,0,0,0,0,0,0,0,0,0,0,0,0,0,0,0,0,0,0,0,0,0,0,0,0,0,0,0,0,0,0,0,0,0,0,0,0,0,0,0,0,0,0,0,0,0,0,0,2,1,0,0,0,0,0,0,0,0,0,0,0,0,0,0,0,0,0,0,0,0,0,0,0,0,0,0,0,0,0,0,0,0,0,0,0,0,0,0,0,0,0,1,0,0,0,0,1,0,0,0,0,0,0,17,0,0,0,1,0,0,0,0,0,0,1,0,0,0,0,0,0,0,177,44,1,3,9,11,54,0,0,2,16,122,1,10,0,1,0,4,6,3,4,3,50,0,0,0,1,0,0,0,3,3,0,0,0,0,43,0,0,0,6,0,0,87,5,30,0,2,0,0,4,1,0,0,12,0,0,0,0,0,0,0,0,39,0,0,0,0,0,0,0,0,0,0,0,0,0,0,0,1,0,0,0,0,0,0,0,0,0,1,3,259,1,4,2,6,21,76,9,81,0,2,1,6,1,19,143,39,8,0,0,0,0,9,6,4,0,0,69,0,0,3,0,0,0,0,0,0,0,0,8,2,2,0,2,0,0,3,0,0,7,0,0,0,0,0,0,0,0,0,,0,0,0,0,0,0,8,0,0,0,0,0,0,0,0,0,0,0,0,0,0,0,0,0,0,0,0,0,0,0,0,0,0,0,0,0,0,0,0,0,0,0,0,4,83,180,1,0,3,3,2,1,21,0,82,3,62,21,0,0,3,0,1,7,0,18,4,102,19,8,0,0,0,0,0,42,0,2,0,0,0,0,0,3,1,0,0,0,3,0,7,0,0,0,0,0,0,7,0,0,1,2,7,1,61,0,0,0,0,0,0,0,6,0,0,6,0,0,0,0,0,0,0,28,0,0,0,0,0,0,0,0,0,0,0,0,0,0,0,0,0,0,0,0,0,0,0,0,0,0,0,0,0,0,0,0,0,0,0,0,0,0,0,0,0,0,0,0,0,0,17,73,206,84,85,0,26,2,0,19,98,4,428,2,0,0,17,0,0,0,1,4,0,0,1,0,0,0,5,12,0,0,0,3,0,0,0,0,6,11,0,17,29,0,62,85,0,0,11,11,0,2,0,0,6,8,0,67,31,0,1,3,95,97,0,0,1,0,6,4,0,0,0,0,0,0,0,0,0,0,0,3,0,0,0,0,1,0,0,0,2,2,0,0,1,0,0,0,0,0,0,0,0,3,0,0,0,0,0,0,0,0,0,0,0,3,0,13,1,1,43,8,2,133,0,0,4,0,17,1,1,0,0,2,0,12,2,19,0,77,0,4,6,19,1,166,1,1,0,0,0,0,1,0,0,9,0,0,0,0,4,0,0,0,0,0,0,0,0,1,0,3,0,0,0,0,0,0,1,0,1,0,0,0,0,0,0,0,3,0,0,0,0,0,0,0,0,0,0,0,0,0,0,0,0,0,0,0,2,0,0,0,1,0,0,0,0,0,0,1,0,0,0,0,0,0,0,0,0,0,0,0,0,0,0,0,0,0,0,0,0,0,0,0,0,0,0,0,0,0,0,1,0,0,12,31,115,0,72,151,3,18,8,0,0,0,15,2,4,26,41,1,32,0,10,0,0,0,2,5,0,0,3,0,0,2,0,2,0,0,4,0,1,0,0,0,0,1,0,0,0,0,1,1,5,12,0,46,0,0,144,3,0,0,22,0,1,1,0,0,0,0,13,1,0,71,27,0,0,4,182,10,0,0,1,0,0,10,0,0,0,0,0,0,0,0,0,0,4,0,0,0,1,0,0,3,0,1,0,0,0,0,0,0,0,0,0,1,0,2,0,0,0,0,0,0,0,0,0,0,0,0,9,8,0,0,7,7,64,34,1,3,0,4,0,1,0,0,2,0,0,1,0,0,0,0,0,0,,,2,11,3,0,1,46,145,0,0,22,1,1,0,0,0,0,0,0,0,0,0,1,12,1,33,24,31,5,5,1,2,0,192,0,0,1,10,0,0,0,0,4,0,0,0,0,0,0,0,0,1,0,1,4,0,0,0,0,0,0,0,0,0,1,0,1,0,0,0,1,0,0,0,0,0,0,0,0,0,0,0,0,0,2,0,0,0,0,0,0,0,0,0,0,0,0,0,0,0,0,0,0,0,0,0,0,0,0,0,0,0,0,0,0,0,0,0,0,0,0,0,0,0,0,0,0,,0,0,0,0,0,0,0,0,0,0,0,0,0,0,0,0,0,0,0,0,0,0,0,0,1,0,0,0,0,,0,0,0,0,0,0,0,,0,,0,0,0,0,0,0,0,0,0,0,0,0,0,0,0,0,1,0,0,0,0,0,0,0,0,0,,0,0,0,0,0,0,0,0,26,0,0,0,0,0,0,0,0,0,0,0,0,,0,0,0,0,0,0,0,0,0,,0,,,0,0,0,0,0,0,0,0,0,0,0,0,0,0,0,,0,0,0,1,0,0,0,0,0,0,0,0,0,0,0,0,0,1,0,0,,0,0,0,0,0,0,0,0,0,0,0,0,0,0,0,0,,0,0,,0,0,0,0,0,0,0,0,0,0,0,0,0,0,0,0,0,0,0,0,0,0,0,0,0,0,0,0,0,0,0,0,,0,0,0,0,,0,0,0,0,0,0,0,0,0,0,0,,0,0,,0,0,0,0,0,,0,0,0,,0,0,0,0,0,0,0,0,0,0,0,0,0,,0,0,0,0,0,0,0,0,,0,,0,0,,0,0,0,0,0,0,,0,0,0,0,0,0,0,0,,0,0,0,0,0,0,0,0,,0,0,0,,0,0,0,0,0,0,0,0,0,0,0,0,0,0,0,0,0,0,0,0,,0,0,,,0,,0,,0,,0,0,0,0,0,0,0,0,0,,0,0,0,0,0,,0,0,0,0,0,,,,,0,0,,0,0,0,0,0,0,0,0,,0,0,0,0,0,0,0,,0,,,0,0,0,0,,0,0,0,,0,0,0,0,0,,0,0,,,0,0,0,0,0,0,0,,0,0,,0,0,,0,,0,,,,0,,,0,0,,,0,,,0,0,,0,0,0,0,0,0,0,0,0,0,0,0,0,0,0,0,0,0,0,0,0,0,0,0,0,0,0,0,0,0,0,0,0,0,0,0,0,0,0,0,0,0,0,0,0,0,0,0,0,0,0,0,0,0,0,0,0,0,0,0,0,0,0,0,0,0,,,,,,,,,,,,,,,,,,,,,,,,,,,,,,,,,,,,,,,,,,,,,,,,,,,,,,,,,,,,,,,,,,,,,,,,,,,,,,,,,,,,,,,,,,,,,,,,,,,,,,,,,,,,,,,,,,,,,,,,,,,,,,,,,,,,,,,,,,,,,,,,,,,,,,,,,,,,,,,,,,,,,,,,,,,,,,,,,,,,,,,,,,,,,,,,,,,,,,,,,,,,,,,,,,,,,,,,,,,,,,,,,,,,,,,,,,,,,,,,,,,,,,,,,,,,,,,,,,,,,,,,,,,,,,,,,,,,,,,,,,,,,,,,,,,,,,,,,,,,,,,,0,,,,,0,,,,,,,,,,,,,,,,,,,,,,,,,,,,,,,,,,,,,,,,,,,,,,,,,,,,,,,,,,,,,,,,,,,,,,,,,,,,,,,,,,,,,,,,,,0,,,,,,,,,,,,,,,,,,,,,,,,,,,,,,,,,,,,,,,,,,,,,,,,,,,,,,,,,,,,,,,,,,,,,,,,,,,,,,,,,,,,,,,,,,,,,,,,,,,,,,,,,,,,,,,,,,,,,,,,,,,,,,,,,,,,,,,,,,,,,,,,,,,,,,,,,,,,,,,,,,,,,,,,,,,,,,,,,,,,,,,,,,,,,,,,,,,,,,,,,,,,,,,,,,,,,,,,,,,,,,,,,,,,,,,,,,,,,,,,,,,,,,,,,,,,,,,,,,,,,,,,,,,,,,,,,,,,,,,,,,,,,,,,,,,,,,,,,,,,,,,,,,,,,,,,,,,,,,,,,,,,,,,,,,,,,,,,,,,,,,,,,,,,,,,,,,,,,,,,,,,,,,,,,,,,,,,,,,,,,,,,,,,,,,,,,,,,,,,,,,,,,,,,,,,,,,,,,,,,,,,,,,,,,,,,,,,,,,,,,,,,,,,,,,,,,,,,,,,,,,,,,,,,,,,,,,,,,,,,,,,,,,,,,,,,,,,,,,,,,,,,,,,,,,,,,,,,,,,,,,,,,,,,,,,,,,,,,,,,,,,,,,,,,,,,,,,,,,,,,,,,,,,,,,,,,,,,,,,,,,,,,,,,,,,,,,,,,,,,,,,,,,,,,,,,,,,,,,,,,,,,,,,,,,,,,,,,,,,,,,,,,,,,,,,,,,,,,,,,,,,,,,,,,,,,,,,,,,,,,,,,,,,,,,,,,,,,,,,,,,,,,,,,,,,,,,,,,,,,,,,,,,,,,,,,,,,,,,,,,,,,,,,,,,,,,,,,,,,,,,,,,,,,,,,,,,,,,,,,,,,,,,,,,,,,,,,,,,,,,,,,,,,,,,,,,,,,,,,,,,,,,,,,,,,,,,,,,,,,,,,,,,,,,,,,,,,,,,,,,,,,,,,,,,,,,,,,,,,,,,,,,,,,,,,,,,,,,,,,,,,,,,,,,,,,,,,,,,,,,,,,,,,,,,,,,,,,,,,,,,,,,,,,,,,,,,,,,,,,,,,,,,,,,,,,,,,,,,,,,,,,,,,,,,,,,,,,,,,,,,,,,,,,,,,,,,,,,,,,,,,,,,,,,,,,,,,,,,,,,,,,,,,,,,,,,,,,,,,,,,,,,,,,,,,,,,,,,,,,,,,,,,,,,,,,,,,,,,,,,,,,,,,,,,,,,,,,,,,,,,,,,,,,,,,,,,,,,,,,,,,,,,,,,,,,,,,,,,,,,,,,,,,,,,,,,,,,,,,,,,,,,,,,,,,,,,,,,,,,,,,,,,,,,,,,,,,,,,,,,,,,,,,,,,,,,,,,,,,,,,,,,,,,,,,,,,,,,,,,,,,,,0,0,0,0,0,0,0,0,0,0,0,0,0,0,0,0,0
TX1012700,2014,Katy Police Department,Texas,15238,15,57,145,106,155,0,29,0,0,16,117,4,450,1,0,0,16,0,0,0,2,4,0,0,2,0,0,0,4,18,0,0,0,9,0,0,0,0,3,12,0,0,0,0,0,0,2,13,1,4,0,0,0,4,0,1,11,5,1,2,0,0,9,0,0,0,0,0,0,0,0,0,3,0,0,10,2,0,5,45,6,1,17,123,1,13,125,30,0,0,0,3,23,1,2,0,0,0,0,0,0,5,11,0,36,0,0,60,13,8,4,0,0,128,0,309,7,6,0,0,1,0,0,0,0,14,0,1,0,0,0,4,0,0,0,0,0,1,0,3,0,0,0,0,0,1,0,0,0,0,0,0,2,1,4,0,0,93,0,1,0,0,0,0,0,0,1,0,0,1,14,0,0,0,0,0,1,0,0,0,0,0,0,0,0,0,0,0,0,0,0,0,0,0,0,0,1,0,0,8,0,0,0,0,0,0,0,0,0,0,0,0,0,0,0,0,0,0,0,0,0,0,0,1,0,0,0,0,0,0,0,0,,0,0,0,0,0,0,0,0,0,0,0,0,,0,0,0,0,0,0,0,0,0,0,0,,0,2,7,6,0,29,28,0,0,33,66,0,4,6,34,115,0,0,4,6,19,0,0,0,0,0,0,0,0,10,6,58,41,13,3,2,1,0,34,349,66,0,45,0,0,0,1,0,0,0,0,1,15,0,0,0,0,0,0,0,0,0,2,0,0,2,2,0,0,0,0,1,1,0,0,0,0,0,0,1,1,0,3,1,4,13,0,19,83,0,0,0,0,0,0,0,0,0,0,0,0,0,0,0,0,0,0,0,0,0,0,0,0,0,0,2,1,0,1,0,0,0,0,3,0,0,0,0,0,0,0,0,0,0,0,0,0,0,0,0,6,0,0,0,0,0,0,0,0,0,0,0,0,0,0,0,0,0,0,0,0,0,0,106,153,2,16,0,4,0,18,0,0,0,0,0,17,64,161,141,213,0,33,0,0,22,139,4,509,1,0,0,18,0,0,0,3,5,0,0,5,0,0,0,6,26,0,0,0,10,0,0,0,0,5,7,5,7,23,34,14,35,112,21,120,0,28,183,2,0,0,4,11,18,0,0,0,0,0,0,6,8,8,50,82,7,2,111,162,236,0,0,1,0,0,0,4,6,8,0,0,0,0,0,0,0,1,2,0,5,0,0,0,0,0,0,0,5,0,0,0,0,0,0,1,1,1,5,0,2,23,1,0,0,0,0,0,0,0,0,0,0,0,0,0,0,4,0,0,0,0,0,4,2,0,0,0,0,0,0,0,0,0,0,0,0,0,1,5,11,0,12,34,18,21,112,28,0,104,58,2,150,0,0,7,18,8,0,0,0,0,0,0,3,8,11,0,27,7,105,0,1,3,10,110,236,153,0,0,1,0,0,0,0,0,0,2,8,8,0,0,0,0,0,3,0,0,0,0,0,1,0,2,0,0,5,0,0,0,0,0,0,0,5,0,0,0,0,0,0,0,0,0,2,0,4,0,14,1,10,35,0,0,0,0,0,0,0,0,0,0,0,0,0,0,0,0,0,0,0,0,0,0,5,0,0,0,0,0,0,0,0,0,0,0,0,0,0,5,0,0,1,0,0,0,0,2,0,0,0,0,0,0,0,0,0,0,0,0,0,0,0,0,0,0,0,0,0,0,0,0,0,0,11,1,5,25,4,35,31,18,112,127,0,188,22,3,0,0,11,4,18,0,0,0,0,0,9,5,8,111,18,10,2,1,1,214,54,241,0,0,0,1,0,0,0,7,2,9,0,0,0,0,0,0,0,3,0,0,3,2,0,0,0,0,0,0,5,0,0,0,0,0,0,0,6,0,0,25,0,1,0,0,0,0,0,0,0,0,0,0,0,3,0,0,14,0,0,0,4,3,0,0,0,0,0,0,0,0,0,0,3,27,0,5,1,2,127,10,0,2,0,7,30,149,1,0,0,89,0,1,0,0,0,0,16,0,0,3,14,2,0,0,0,0,1,1,0,0,0,0,0,0,0,0,0,0,0,0,1,7,20,0,0,5,0,1,0,2,14,113,1,9,0,0,0,2,0,2,5,11,19,65,84,0,1,2,0,0,0,0,0,80,0,0,1,0,0,0,0,0,0,6,10,9,0,0,0,0,0,3,0,14,2,0,0,0,0,0,0,0,0,0,1,0,1,0,0,0,0,0,0,0,0,0,0,0,0,0,0,0,0,0,0,0,0,1,2,0,13,14,0,0,0,5,1,0,1,1,32,92,2,8,0,0,0,2,0,0,0,7,24,64,79,1,0,0,0,0,0,0,6,0,0,0,0,0,0,0,0,0,22,0,0,0,0,0,0,0,0,1,0,0,3,13,65,0,0,0,0,0,0,2,1,6,9,4,0,0,0,0,0,0,0,2,0,0,0,0,0,0,0,0,0,1,0,0,0,0,0,1,0,0,0,0,0,0,0,0,0,0,0,0,0,0,0,0,0,0,0,0,0,0,0,0,0,0,0,0,3,1,0,0,0,0,0,0,0,0,0,0,0,0,0,0,0,0,0,0,0,0,0,0,0,0,0,0,0,0,0,0,0,0,0,0,0,0,0,0,0,0,0,0,0,0,0,0,7,1,0,0,0,0,3,11,0,0,0,0,0,0,0,0,0,0,0,0,0,0,0,0,0,0,20,8,2,2,1,1,92,0,0,0,18,107,0,1,0,0,0,1,11,1,9,2,64,2,0,0,0,0,0,0,1,3,0,0,0,0,31,0,0,1,1,0,0,7,7,28,0,2,0,1,0,3,0,0,9,0,0,0,0,0,0,0,0,1,0,0,0,0,0,0,0,0,0,0,0,0,0,0,0,6,0,0,0,0,0,0,0,0,0,2,1,24,0,3,2,1,2,116,11,10,0,2,0,2,5,24,109,40,1,0,0,0,0,6,3,0,0,0,79,0,0,1,0,0,0,0,0,0,0,0,9,7,0,0,0,0,0,2,1,0,14,0,0,2,0,0,0,0,0,0,,0,0,0,0,0,0,10,1,0,0,0,0,0,0,0,0,0,0,0,0,0,0,0,0,0,0,0,0,0,0,0,1,0,0,0,0,0,0,0,0,0,0,3,0,21,6,0,0,4,1,0,1,2,0,127,0,10,0,0,0,2,0,0,6,1,15,9,89,12,1,0,0,0,0,0,36,0,1,0,0,0,0,0,13,1,0,0,0,3,0,14,0,2,0,0,0,0,5,0,0,0,0,0,0,48,0,0,0,0,0,0,0,6,0,0,2,0,0,1,0,0,0,0,48,0,0,0,0,0,0,0,0,0,0,0,0,0,0,0,0,0,0,0,0,0,1,0,0,0,0,0,0,0,0,0,0,0,0,0,0,0,0,0,0,0,0,0,0,0,0,15,65,162,106,155,0,31,0,0,22,139,4,472,1,0,0,17,0,0,0,2,4,0,0,4,0,0,0,4,18,0,0,0,9,0,0,0,0,5,10,0,20,31,0,45,72,0,0,5,21,0,0,0,0,13,5,0,88,51,0,4,0,96,109,0,0,0,0,3,1,0,0,0,0,0,0,0,0,0,0,0,1,0,0,0,1,3,0,0,0,3,0,0,0,3,0,0,0,0,0,0,0,0,9,0,0,0,0,0,0,0,0,0,0,0,1,1,13,3,1,47,7,0,104,0,0,3,0,23,0,0,0,0,2,0,16,0,20,0,119,0,4,9,25,0,171,0,0,0,0,0,0,1,0,0,3,0,0,0,0,6,0,0,0,0,0,0,0,0,0,0,4,0,0,0,0,1,0,3,0,0,0,0,0,0,0,0,0,3,0,0,0,0,0,0,0,0,0,0,0,0,0,0,0,0,0,0,0,8,0,0,0,1,0,0,0,0,0,0,0,0,0,0,0,0,0,0,0,0,0,1,0,0,0,1,0,0,0,1,0,3,0,0,0,0,0,0,0,0,0,0,0,0,0,9,32,78,0,95,149,2,11,4,0,4,1,19,0,14,43,53,0,39,0,15,0,0,0,4,5,0,0,0,0,0,2,0,0,0,0,3,0,4,0,0,0,0,0,0,0,0,0,2,1,10,5,0,50,1,0,112,2,3,0,22,4,0,0,0,0,0,0,17,1,0,115,24,0,0,4,191,11,3,0,0,0,0,4,0,0,0,0,0,0,0,0,0,0,4,0,0,0,4,0,0,3,0,0,0,0,0,0,0,0,0,0,0,7,0,2,0,0,0,0,0,0,0,0,0,0,0,0,5,6,0,0,8,9,80,59,0,4,0,4,3,1,4,0,7,0,1,2,0,0,0,0,0,0,,,1,4,2,3,5,51,114,0,0,26,0,0,0,0,0,0,0,0,0,0,0,1,8,9,46,28,47,6,12,1,2,1,204,0,0,0,4,0,0,0,0,2,2,0,0,0,0,0,0,0,1,3,0,2,0,0,0,0,0,0,0,0,0,1,0,3,4,0,1,1,1,0,0,0,0,0,0,0,0,0,0,0,0,2,0,0,0,0,0,0,0,0,0,0,0,0,0,0,0,0,0,0,0,0,0,0,0,0,1,0,0,0,0,0,0,0,0,0,0,0,0,0,0,0,0,0,,0,0,0,0,0,0,0,0,0,0,,0,0,0,0,0,0,0,0,0,0,0,0,0,0,0,0,0,0,0,0,0,0,0,0,0,0,,0,0,0,0,0,0,0,0,0,0,0,0,0,0,0,0,,0,2,0,0,0,0,0,0,0,0,0,,0,0,0,0,0,0,0,0,25,0,0,0,0,0,0,0,0,0,0,0,0,,1,0,0,0,0,0,0,0,0,,0,,0,0,0,0,0,0,0,0,0,0,0,0,0,0,0,0,0,0,0,0,0,0,0,0,0,0,0,0,0,0,0,0,0,0,4,0,0,,0,0,0,0,0,0,0,0,0,0,0,0,0,0,0,0,,0,0,,0,0,0,0,0,0,0,0,0,0,0,0,,0,0,0,0,0,0,0,0,0,0,0,0,0,0,0,0,0,0,0,,0,0,0,0,0,0,0,0,,0,0,0,0,0,0,,,0,0,,0,0,0,0,0,0,0,0,0,0,0,0,,0,0,0,0,0,0,0,0,0,0,0,0,0,0,0,,0,0,0,0,0,,0,0,0,0,0,0,0,0,0,0,0,0,0,0,0,,0,0,0,0,0,0,0,0,0,,0,0,0,0,0,0,0,0,0,0,0,0,0,0,0,0,0,0,0,0,0,0,0,0,0,0,0,0,0,,,0,,0,,0,,0,0,0,0,0,0,0,0,0,,0,0,0,0,0,,0,0,,0,,,0,,,0,0,,0,0,0,0,0,0,0,0,,0,0,0,0,0,0,0,,0,,0,0,,0,0,0,0,0,,,0,,0,0,0,0,0,0,0,0,0,0,,0,0,0,0,0,0,0,,0,0,,,0,0,,,,,0,0,0,0,,0,0,,,0,0,0,0,0,0,0,0,,0,0,0,0,0,0,0,0,0,,0,0,0,0,0,0,0,0,0,0,0,0,0,0,0,0,0,0,0,0,0,0,0,0,0,0,0,0,0,0,0,0,0,0,0,0,0,0,0,0,0,0,,0,0,0,0,0,0,0,0,0,0,0,0,0,0,0,0,0,0,0,0,0,0,0,0,0,0,0,0,0,0,0,0,0,0,0,0,0,0,0,0,0,0,0,0,0,0,0,0,0,0,0,0,0,0,0,0,0,0,0,0,0,0,0,0,,,,,,,,,,,,,,,,,,,,,,,,,,,,,,,,,,,,,,,,,,,,,,,,,,,,,,,,,,,,,,,,,,,,,,,,,,,,,,,,,,,,,,,,,,,,,,,,,,,,,,,,,,,,,,,,,,,,,,,,,,,,,,,,,,,,,,,,,,,,,,,,,,,,,,,,,,,,,,,,,,,,,,,,,,,,,,,,,,,,,,,,,,,,,,,,,,,,,,,,,,,,,,,,,,,,,,,,,,,,,,,,,,,,,,,,,,,,,,,,,,,,,,,0,,,,,0,,,,,,,,,,,,,,,,,,,,,,,,,,,,,,,,,,,,,,,,,,,,,,,,,,,,,,,,,,,,,,,,,,,,,,,,,,,,,,,,,,,,,,,,,,0,,,,,,,,,,,,,,,,,,,,,,,,,,,,,,,,,,,,,,,,,,,,,,,,,,,,,,,,,,,,,,,,,,,,,,,,,,,,,,,,,,,,,,,,,,,,,,,,,,,,,,,,,,,,,,,,,,,,,,,,,,,,,,,,,,,,,,,,,,,,,,,,,,,,,,,,,,,,,,,,,,,,,,,,,,,,,,,,,,,,,,,,,,,,,,,,,,,,,,,,,,,,,,,,,,,,,,,,,,,,,,,,,,,,,,,,,,,,,,,,,,,,,,,,,,,,,,,,,,,,,,,,,,,,,,,,,,,,,,,,,,,,,,,,,,,,,,,,,,,,,,,,,,,,,,,,,,,,,,,,,,,,,,,,,,,,,,,,,,,,,,,,,,,,,,,,,,,,,,,,,,,,,,,,,,,,,,,,,,,,,,,,,,,,,,,,,,,,,,,,,,,,,,,,,,,,,,,,,,,,,,,,,,,,,,,,,,,,,,,,,,,,,,,,,,,,,,,,,,,,,,,,,,,,,,,,,,,,,,,,,,,,,,,,,,,,,,,,,,,,,,,,,,,,,,,,,,,,,,,,,,,,,,,,,,,,,,,,,,,,,,,,,,,,,,,,,,,,,,,,,,,,,,,,,,,,,,,,,,,,,,,,,,,,,,,,,,,,,,,,,,,,,,,,,,,,,,,,,,,,,,,,,,,,,,,,,,,,,,,,,,,,,,,,,,,,,,,,,,,,,,,,,,,,,,,,,,,,,,,,,,,,,,,,,,,,,,,,,,,,,,,,,,,,,,,,,,,,,,,,,,,,,,,,,,,,,,,,,,,,,,,,,,,,,,,,,,,,,,,,,,,,,,,,,,,,,,,,,,,,,,,,,,,,,,,,,,,,,,,,,,,,,,,,,,,,,,,,,,,,,,,,,,,,,,,,,,,,,,,,,,,,,,,,,,,,,,,,,,,,,,,,,,,,,,,,,,,,,,,,,,,,,,,,,,,,,,,,,,,,,,,,,,,,,,,,,,,,,,,,,,,,,,,,,,,,,,,,,,,,,,,,,,,,,,,,,,,,,,,,,,,,,,,,,,,,,,,,,,,,,,,,,,,,,,,,,,,,,,,,,,,,,,,,,,,,,,,,,,,,,,,,,,,,,,,,,,,,,,,,,,,,,,,,,,,,,,,,,,,,,,,,,,,,,,,,,,,,,,,,,,,,,,,,,,,,,,,,,,,,,,,,,,,,,,,,,,,,,,,,,,,,,,,,,,,,,,,,,,,,,,,,,,,,,,,,,,,,,,,,,,,,,,,,,,,,,,,,,,,,,,,,,,,,,,,,,,,,,,,,,,,,,,,,,,,,,,,,,,,,,,,,,,,,,,,,,,,,,,,,,,,,,,,,,,,,,,,,,,,,,,,,,0,0,0,0,0,0,0,0,0,0,0,0,0,0,0,0,0
TX1012700,2015,Katy Police Department,Texas,15969,24,63,189,112,191,0,37,0,1,11,113,5,632,3,0,0,25,1,0,0,3,4,0,0,3,0,0,0,1,25,0,0,0,12,0,0,0,0,1,23,0,0,0,0,0,1,3,6,2,5,0,0,0,4,0,3,22,0,0,3,0,0,12,0,0,0,0,0,0,0,0,0,2,0,0,18,3,1,4,58,0,1,15,164,3,9,175,16,0,0,0,6,31,0,0,0,0,0,0,0,0,3,6,1,37,0,0,53,17,6,4,0,0,184,0,442,2,4,0,0,3,0,0,0,0,20,2,0,1,0,0,7,0,0,0,0,1,0,0,3,0,0,0,0,3,0,0,0,0,0,0,1,1,0,2,0,0,103,1,3,0,0,0,0,0,0,1,0,0,0,23,0,0,0,0,0,0,0,0,0,0,0,0,0,0,0,0,0,0,0,0,0,0,0,0,0,2,0,0,9,0,0,0,0,0,0,0,0,0,0,0,1,0,0,0,0,0,0,0,0,0,0,0,1,0,0,0,0,0,0,0,0,0,0,0,0,0,0,0,0,0,0,0,0,0,,0,0,0,0,0,0,0,2,0,0,0,,0,14,7,3,0,24,37,0,2,44,77,3,2,7,66,118,0,0,7,14,16,0,0,0,0,1,0,0,1,7,3,48,47,17,0,1,3,0,53,460,118,0,65,0,0,1,2,0,0,0,0,5,17,3,0,0,1,0,0,0,0,0,3,0,0,1,3,0,0,0,2,0,1,0,0,0,0,0,0,1,0,1,0,3,9,13,0,32,77,0,0,0,0,0,0,0,0,0,0,0,0,0,1,0,0,0,0,0,0,0,0,0,0,0,0,1,1,0,0,0,0,0,0,5,0,0,0,0,0,0,0,0,0,0,1,0,0,0,0,0,6,0,0,0,0,0,0,0,0,0,0,0,0,0,0,0,0,0,0,0,0,0,0,112,191,0,18,7,1,0,24,1,0,0,0,0,31,74,201,142,266,0,42,0,1,20,135,5,708,3,0,0,26,1,0,0,4,4,0,0,3,0,0,0,1,35,0,0,0,13,0,0,0,0,6,23,2,3,21,50,17,40,144,26,114,2,43,223,0,0,0,3,11,28,0,0,0,0,1,0,1,14,5,50,81,4,3,166,182,360,0,0,3,0,0,0,4,10,12,0,0,1,0,0,0,0,3,1,0,4,0,0,0,0,0,0,0,0,3,0,0,0,0,0,0,2,0,0,1,1,32,2,0,0,0,0,0,0,0,0,0,0,0,0,0,0,10,0,0,0,0,0,3,0,0,0,0,0,0,0,0,0,0,0,0,0,0,5,2,24,0,6,51,17,11,144,46,3,99,85,2,176,0,0,5,28,8,0,0,0,0,0,1,12,5,3,0,25,6,103,2,2,1,5,145,360,198,0,0,3,0,0,0,0,0,0,4,12,10,0,1,0,0,0,3,0,0,0,0,0,0,0,2,0,0,3,0,0,0,0,0,0,3,0,0,0,0,0,0,0,0,0,1,0,1,0,0,16,2,15,36,0,0,0,0,0,1,0,0,0,0,0,0,0,0,0,0,0,0,0,0,0,2,7,0,0,0,0,0,0,0,1,0,0,0,0,0,0,3,0,0,2,0,0,0,0,4,0,0,0,0,0,0,0,0,2,0,0,0,0,0,0,0,0,0,0,0,0,0,0,0,0,0,26,3,2,17,8,49,47,11,143,124,2,235,30,1,0,0,8,5,29,0,0,1,0,0,8,7,5,109,21,5,2,0,3,271,75,362,0,0,0,3,0,0,0,14,0,12,0,0,1,0,0,0,0,2,2,0,3,1,0,0,0,0,0,0,0,0,3,0,0,0,0,0,0,0,1,26,7,2,0,0,0,0,0,0,0,0,0,0,0,9,0,0,16,0,0,0,3,1,0,0,0,0,0,0,0,0,0,0,2,310,0,5,8,63,181,67,3,8,0,4,36,216,9,0,0,95,0,2,0,0,0,0,12,1,0,5,18,0,0,0,0,0,0,3,0,0,0,0,0,0,0,0,0,0,0,0,2,75,235,0,0,4,2,6,7,56,31,150,7,60,0,3,1,7,0,1,3,13,23,104,112,0,9,0,1,0,0,0,0,79,0,0,2,0,0,0,0,0,0,3,9,16,1,0,0,0,2,3,0,18,0,0,0,0,0,0,0,0,0,0,0,3,0,0,0,0,0,0,0,0,0,0,0,0,0,0,0,0,0,0,0,0,0,0,2,0,120,187,0,0,1,4,2,6,4,58,58,118,6,60,3,1,1,6,0,0,3,1,29,96,118,7,2,0,0,0,0,0,7,0,0,0,0,1,1,0,0,0,23,0,0,1,0,0,0,0,0,1,0,0,2,10,69,1,0,0,0,0,0,2,3,2,7,10,0,0,0,0,0,0,0,0,0,0,0,0,0,0,0,0,0,0,0,0,0,0,0,1,0,0,0,0,0,0,0,0,0,3,0,0,0,0,0,0,0,0,0,0,0,0,0,0,0,0,0,0,3,1,2,0,0,0,0,0,2,0,0,0,0,0,0,0,0,0,0,0,0,0,0,0,0,0,0,0,0,0,0,0,0,0,0,0,0,0,0,0,0,0,0,17,0,1,0,5,7,3,0,0,0,1,1,4,0,0,0,1,0,0,0,0,0,0,0,0,0,0,1,0,0,0,193,30,0,1,4,36,124,1,0,6,20,158,0,22,0,0,0,8,14,2,8,4,68,0,0,0,4,0,0,0,2,3,0,2,0,0,54,0,0,3,3,0,0,100,4,50,0,2,0,1,1,3,0,0,15,0,0,0,0,0,0,0,0,34,0,0,0,0,0,0,0,0,0,0,0,0,0,0,0,0,0,0,0,0,0,0,0,0,0,1,1,304,0,4,1,7,63,165,16,64,3,6,0,2,2,23,166,50,9,0,0,0,0,13,6,1,0,0,88,0,0,2,0,0,0,0,0,0,0,0,10,2,3,0,2,0,0,3,2,0,17,1,0,0,0,0,1,0,0,0,,0,0,0,0,0,0,7,1,0,0,0,0,0,0,0,0,0,0,0,0,0,0,0,0,2,0,0,0,0,0,0,0,0,0,0,0,0,0,0,0,0,0,2,0,95,210,0,0,5,0,2,3,63,0,178,3,49,15,3,0,6,0,0,3,1,20,6,145,12,9,0,0,0,0,0,31,0,2,0,0,0,0,0,7,3,0,0,0,4,1,18,0,0,0,0,0,0,11,0,0,0,5,3,2,59,0,0,0,0,0,0,0,10,0,0,2,0,0,0,0,0,0,0,53,0,0,0,0,0,0,0,2,0,0,0,0,1,0,0,0,3,0,0,0,0,1,0,0,0,0,0,0,0,0,0,0,0,0,0,0,0,0,0,0,0,0,0,0,0,0,33,70,198,112,191,0,37,0,1,22,132,5,665,4,0,0,27,1,0,0,3,5,0,0,5,0,0,0,2,25,0,0,0,12,0,0,0,0,15,18,0,15,31,0,60,94,0,0,10,25,0,0,0,1,8,9,0,73,59,0,5,0,120,177,0,1,1,0,8,6,0,1,0,0,0,0,0,0,0,0,0,5,0,0,0,4,1,0,0,0,1,1,0,0,0,0,0,0,0,0,0,0,0,11,0,0,1,0,0,0,0,0,0,0,0,4,0,29,3,0,43,12,1,136,0,0,3,0,31,0,0,0,1,1,0,15,3,28,2,99,2,3,10,29,0,258,0,0,0,0,2,0,0,1,0,13,0,0,1,0,5,0,0,0,0,0,0,0,0,0,0,5,0,0,0,0,0,0,5,0,1,0,0,1,0,0,0,0,2,0,0,0,0,0,0,0,0,0,0,0,0,0,0,0,0,0,0,0,10,0,0,0,1,0,0,0,0,0,0,0,0,0,0,0,0,0,0,0,0,0,0,0,0,0,0,0,0,0,0,0,0,0,0,0,0,0,0,0,0,0,0,0,0,0,28,32,113,0,90,238,1,20,13,0,3,0,14,1,15,42,59,0,41,0,6,0,0,0,10,5,1,0,4,0,0,0,0,0,0,0,11,0,1,0,1,2,0,2,0,0,0,0,4,2,14,19,0,44,2,0,144,7,3,0,33,1,0,0,0,0,1,0,13,4,0,105,27,0,0,5,286,8,3,1,2,0,0,14,0,0,1,0,0,0,0,0,0,0,5,0,0,0,4,1,0,2,0,0,0,0,0,0,0,0,0,0,0,5,0,7,0,0,0,0,0,0,0,0,0,0,0,0,11,15,0,1,4,13,61,71,0,5,0,5,0,5,7,0,10,0,0,2,0,0,0,0,0,0,,,2,14,6,9,2,46,147,0,0,35,0,0,0,0,0,1,0,0,0,0,0,3,7,7,41,32,46,9,4,1,1,2,297,0,1,2,14,1,0,0,0,4,0,1,0,0,0,0,0,0,0,5,0,2,0,0,0,0,0,0,0,0,0,3,0,5,3,0,0,1,1,0,2,0,0,0,0,0,0,0,0,0,0,3,0,0,0,0,0,0,0,0,0,0,0,0,1,0,0,0,0,0,0,0,0,0,0,0,0,0,0,0,0,0,0,0,0,0,0,0,0,0,0,0,0,0,,0,0,0,0,0,0,0,0,0,0,0,0,0,0,0,0,0,0,0,0,0,0,0,1,0,0,0,0,0,,0,0,0,0,0,0,0,,0,,0,0,0,0,0,0,0,0,0,0,0,0,0,0,0,0,3,0,0,0,0,0,0,0,0,0,,0,0,0,0,0,0,0,0,26,0,1,0,0,0,0,0,0,0,0,0,0,,0,0,0,0,0,0,0,0,0,,0,,,0,0,0,0,0,0,0,0,0,0,0,0,0,0,0,,0,0,0,0,0,0,0,0,0,0,0,0,0,0,0,0,0,2,0,0,0,0,0,0,0,0,0,0,0,0,0,0,0,0,0,0,0,0,0,0,0,0,0,0,0,0,0,0,0,0,0,0,0,0,0,0,0,0,0,0,0,0,0,0,0,0,0,0,0,0,0,0,0,0,0,0,,0,0,0,0,0,0,0,0,0,0,0,0,,0,0,0,0,0,0,0,0,0,0,0,0,0,0,0,0,0,0,0,0,0,0,0,0,0,0,0,0,0,0,0,0,0,0,0,0,,0,,0,0,0,,0,0,0,0,0,,0,0,0,,0,0,0,0,,0,0,0,0,0,0,,0,0,0,0,0,,1,0,0,0,0,0,0,0,0,0,0,0,0,0,0,0,,0,0,0,0,0,0,0,,0,0,0,0,0,,0,0,0,0,0,0,0,0,0,,0,0,0,0,0,,0,0,0,0,,,,0,,0,0,,0,0,0,0,0,,,0,,0,0,0,0,0,0,0,,0,,,,0,0,0,0,0,0,,,,,0,0,0,0,,0,,,0,0,,0,,0,,,,,,0,0,,0,,,,,,,,,0,0,,,,,,0,,,0,0,0,0,0,,0,0,0,0,0,0,,0,0,,0,0,0,0,0,0,0,0,0,0,0,0,0,0,0,0,0,0,0,0,0,0,0,0,0,0,0,0,,0,0,0,0,0,0,0,0,0,0,0,0,0,,0,0,0,0,0,0,0,0,0,0,0,,0,,0,0,,0,0,0,0,0,0,0,0,0,0,,0,0,0,0,0,,0,0,0,0,0,,0,0,0,0,0,,0,0,0,0,0,0,0,0,0,0,0,0,0,0,0,0,0,0,0,0,0,0,0,0,0,0,0,0,0,0,0,0,0,0,0,0,0,0,0,0,0,0,0,0,0,0,0,0,0,0,0,0,0,0,0,0,0,0,0,0,0,0,0,0,0,0,0,0,0,0,0,0,0,0,0,0,0,0,0,0,0,0,0,0,0,0,0,0,0,0,0,0,0,0,0,0,0,0,0,0,0,0,0,0,0,0,0,0,0,0,0,0,0,0,0,0,0,0,0,0,0,0,0,0,0,0,0,0,0,0,0,0,0,0,0,0,0,0,0,0,0,0,0,0,0,0,0,0,,,,,,,,,,,,,,,,,,,,,,,,,,,,,,,,,,,,,,,,,,,,,,,,,,,,,,,,,,,,,,,,,,,,,,,,,,,,,,,,,,,,,,,,,,,,,,,,,,,,,,,,,,,,,,,,,,,,,0,,,,,0,,,,,,,,,,,,,,,,,,,,,,,,,,,,,,,,,,,,,,,,,,,,,,,,,,,,,,,,,,,,,,,,,,,,,,,,,,,,,,,,,,,,,,,,,,0,,,,,,,,,,,,,,,,,,,,,,,,,,,,,,,,,,,,,,,,,,,,,,,,,,,,,,,,,,,,,,,,,,,,,,,,,,,,,,,,,,,,,,,,,,,,,,,,,,,,,,,,,,,,,,,,,,,,,,,,,,,,,,,,,,,,,,,,,,,,,,,,,,,,,,,,,,,,,,,,,,,,,,,,,,,,,,,,,,,,,,,,,,,,,,,,,,,,,,,,,,,,,,,,,,,,,,,,,,,,,,,,,,,,,,,,,,,,,,,,,,,,,,,,,,,,,,,,,,,,,,,,,,,,,,,,,,,,,,,,,,,,,,,,,,,,,,,,,,,,,,,,,,,,,,,,,,,,,,,,,,,,,,,,,,,,,,,,,,,,,,,,,,,,,,,,,,,,,,,,,,,,,,,,,,,,,,,,,,,,,,,,,,,,,,,,,,,,,,,,,,,,,,,,,,,,,,,,,,,,,,,,,,,,,,,,,,,,,,,,,,,,,,,,,,,,,,,,,,,,,,,,,,,,,,,,,,,,,,,,,,,,,,,,,,,,,,,,,,,,,,,,,,,,,,,,,,,,,,,,,,,,,,,,,,,,,,,,,,,,,,,,,,,,,,,,,,,,,,,,,,,,,,,,,,,,,,,,,,,,,,,,,,,,,,,,,,,,,,,,,,,,,,,,,,,,,,,,,,,,,,,,,,,,,,,,,,,,,,,,,,,,,,,,,,,,,,,,,,,,,,,,,,,,,,,,,,,,,,,,,,,,,,,,,,,,,,,,,,,,,,,,,,,,,,,,,,,,,,,,,,,,,,,,,,,,,,,,,,,,,,,,,,,,,,,,,,,,,,,,,,,,,,,,,,,,,,,,,,,,,,,,,,,,,,,,,,,,,,,,,,,,,,,,,,,,,,,,,,,,,,,,,,,,,,,,,,,,,,,,,,,,,,,,,,,,,,,,,,,,,,,,,,,,,,,,,,,,,,,,,,,,,,,,,,,,,,,,,,,,,,,,,,,,,,,,,,,,,,,,,,,,,,,,,,,,,,,,,,,,,,,,,,,,,,,,,,,,,,,,,,,,,,,,,,,,,,,,,,,,,,,,,,,,,,,,,,,,,,,,,,,,,,,,,,,,,,,,,,,,,,,,,,,,,,,,,,,,,,,,,,,,,,,,,,,,,,,,,,,,,,,,,,,,,,,,,,,,,,,,,,,,,,,,,,,,,,,,,,,,,,,,,,,,,,,,,,,,,,,,,,,,,,,,,,,,,,,,,,,,,,,,,,,,,,,,,,,,,,,,,,,,,,,,,,,,,,,,,,,,,,,,,,,,,,,,,,,,,,,,,,,,,,,,,,,,,,,,,,,,,,,,,,,,,,,,,,,,,,,,,,,,,,,,,,,,,,,,,,,,,,,,,0,0,0,0,0,0,0,0,0,0,0,0,0,0,0,0,0
TX1012700,2016,Katy Police Department,Texas,16589,17,53,186,78,139,0,36,1,0,11,101,5,449,1,0,0,26,1,0,0,4,4,0,0,0,0,1,0,2,15,0,0,0,2,0,0,0,0,3,13,1,1,0,0,0,0,6,5,0,5,0,0,0,4,0,0,11,4,0,0,0,0,2,0,0,0,0,0,0,0,0,0,5,0,0,12,0,0,5,45,2,1,8,170,0,31,128,10,0,0,0,5,31,0,0,0,0,0,0,0,0,3,7,0,27,0,0,49,22,3,4,0,1,91,0,357,1,0,1,0,1,0,0,0,0,22,1,0,1,0,0,8,0,0,0,0,2,0,0,3,0,0,0,0,0,0,0,0,0,0,0,1,1,0,1,0,0,47,0,3,0,0,0,0,0,0,1,0,0,1,14,0,1,0,0,0,0,0,0,0,0,0,0,0,0,0,0,0,0,0,0,0,1,0,0,0,2,0,0,1,0,0,0,0,0,0,0,0,0,0,1,0,0,0,0,0,0,0,0,0,0,0,0,0,0,0,0,0,0,0,0,0,,0,0,0,0,0,0,0,0,0,0,0,0,,0,0,0,0,0,0,0,0,0,0,0,,0,6,2,8,0,19,33,1,0,38,59,0,1,7,24,106,1,0,2,10,24,0,0,0,0,0,0,0,1,4,6,66,22,13,0,3,2,0,37,310,102,0,89,0,0,1,0,0,0,0,0,3,22,1,0,0,1,0,0,0,0,1,3,0,0,3,0,0,0,0,0,0,0,0,0,0,0,0,0,0,1,0,1,1,2,12,0,8,69,0,0,0,0,0,0,0,0,0,0,0,0,0,0,0,0,0,0,0,1,0,0,0,1,0,0,0,0,0,0,1,0,0,0,0,0,0,0,1,0,0,0,0,0,0,0,0,0,0,0,0,2,0,0,1,0,0,0,0,0,0,0,0,0,0,0,0,0,0,0,0,0,0,0,78,135,4,17,9,2,0,14,1,0,0,0,0,20,62,196,103,199,0,39,3,0,16,124,6,527,1,0,0,29,1,0,0,5,4,0,0,0,0,1,0,3,23,0,0,0,2,0,0,0,0,3,9,8,1,24,37,14,32,150,32,71,0,44,154,1,0,0,3,8,28,1,2,0,0,0,0,1,10,5,56,66,2,5,145,129,253,0,1,0,0,0,0,3,8,18,0,0,1,0,0,0,0,3,0,2,3,1,0,0,0,0,0,0,0,0,0,0,0,0,0,1,0,2,1,0,1,22,0,0,0,0,0,0,0,0,0,0,0,0,1,0,0,2,0,0,0,0,0,0,0,0,0,0,0,0,0,0,0,0,0,0,0,0,2,8,10,0,7,37,18,13,150,33,0,85,45,1,150,0,0,7,28,4,2,0,1,0,0,0,3,5,7,0,33,2,88,1,0,5,15,91,254,167,1,0,0,1,0,0,0,0,2,2,18,7,0,1,0,0,0,3,0,0,0,0,0,2,2,1,0,1,3,0,0,0,0,0,0,0,0,0,0,0,0,0,0,0,0,1,3,0,0,0,2,0,21,16,0,0,0,0,0,0,0,0,0,0,0,0,0,0,0,0,0,0,0,0,0,0,0,0,0,0,0,0,0,0,0,0,0,0,0,0,0,0,0,0,0,0,0,0,0,2,0,0,0,0,0,0,0,0,2,0,0,0,0,0,0,0,0,0,0,0,1,0,0,0,0,0,12,0,8,20,5,37,31,15,150,92,0,178,21,0,0,0,10,1,28,3,0,0,0,0,10,1,5,101,22,1,5,1,0,196,77,254,0,0,1,0,0,0,0,11,0,18,0,0,1,0,0,0,0,1,2,2,2,1,1,0,0,0,0,0,0,0,0,0,0,0,0,0,3,0,0,19,4,0,0,0,0,0,0,0,0,0,0,0,1,2,0,0,11,0,0,0,0,0,0,0,0,0,0,0,0,0,0,0,4,237,0,8,2,28,141,67,2,1,4,3,25,102,12,0,1,44,1,2,0,0,0,0,5,1,0,0,8,0,0,0,0,0,1,3,0,0,0,0,0,0,0,0,0,0,0,0,4,53,184,0,0,8,1,1,2,26,29,112,9,58,0,2,0,1,2,1,2,14,11,56,46,2,10,0,0,0,0,0,1,31,2,1,2,0,0,0,0,0,0,2,3,13,1,0,0,0,0,0,0,8,0,0,0,0,0,0,0,0,0,0,1,3,0,0,0,0,0,0,0,0,0,0,0,0,0,0,0,0,0,0,0,0,0,0,4,3,95,135,0,0,0,8,0,2,1,26,32,107,6,61,1,0,0,1,3,1,2,1,16,40,59,8,4,0,0,1,1,0,9,0,0,0,0,1,0,0,0,0,3,0,0,1,0,0,0,0,0,0,0,0,0,5,40,1,0,0,1,0,0,0,0,3,2,6,0,0,0,0,0,0,0,0,0,0,0,0,0,0,0,0,0,0,0,0,0,0,2,1,0,0,0,0,0,0,0,0,0,4,0,1,0,0,0,0,0,0,0,0,0,0,0,0,0,0,0,0,2,0,0,0,0,0,0,0,0,0,0,0,0,0,0,0,0,0,0,0,0,0,0,1,0,0,0,0,0,0,0,0,0,0,0,0,0,0,0,0,0,0,0,12,0,0,0,0,4,2,0,1,0,0,0,3,0,0,0,2,0,0,0,0,0,0,0,0,0,0,0,0,0,0,154,24,4,6,1,18,93,2,0,0,17,66,0,10,0,4,0,9,6,2,3,0,20,0,0,0,1,0,0,1,0,2,0,0,0,0,33,0,0,2,2,0,0,71,2,44,0,0,0,0,3,2,0,1,8,0,0,0,1,0,0,0,0,41,0,0,0,0,0,0,0,0,0,0,0,0,0,0,0,1,0,0,1,0,0,0,0,0,0,4,0,234,0,7,1,2,28,127,14,67,2,1,0,3,0,13,70,32,7,0,4,1,0,12,3,0,0,0,41,1,0,2,0,5,0,0,0,0,0,0,3,2,0,0,0,0,0,0,0,0,5,3,0,0,0,0,1,0,0,0,,0,1,0,0,0,0,3,1,0,0,0,0,0,0,0,0,0,0,0,0,0,0,0,0,2,0,0,0,0,0,0,0,0,0,0,0,0,0,0,0,0,0,4,0,72,165,0,0,7,1,1,1,27,1,136,5,41,26,2,0,0,1,4,2,1,19,6,79,15,11,1,0,1,0,0,24,0,2,0,0,0,0,0,2,1,0,0,0,0,0,7,0,0,0,0,0,1,19,0,0,0,0,0,0,8,0,0,0,0,0,0,0,0,0,1,2,0,0,0,0,0,0,0,1,0,0,0,0,0,0,0,0,0,0,0,0,1,0,0,0,0,0,0,0,0,3,0,0,0,0,1,0,0,0,0,0,0,0,0,0,0,0,0,0,0,0,0,0,0,0,17,59,195,78,139,0,36,1,0,20,127,5,468,1,0,0,27,1,0,0,4,4,0,0,0,0,1,0,2,15,0,0,0,3,0,0,0,0,2,15,0,10,15,0,69,90,0,0,8,21,0,0,1,0,4,12,0,81,46,0,4,1,77,138,0,1,0,0,6,6,0,1,0,0,0,0,0,0,2,0,0,4,0,0,0,0,0,0,0,0,0,2,0,0,0,0,0,0,0,0,0,0,0,3,0,0,0,0,0,0,0,0,0,0,0,4,0,13,1,0,24,22,0,133,0,0,3,0,24,0,1,0,0,1,1,12,2,28,0,97,1,4,8,35,0,172,0,0,0,0,1,0,0,1,0,11,0,0,1,0,4,0,0,0,0,0,0,0,2,0,0,4,0,0,0,0,0,0,0,0,2,0,0,2,0,0,1,0,1,0,0,0,0,0,0,0,0,0,0,0,0,0,0,0,0,0,0,0,3,0,0,0,0,0,0,0,0,0,0,0,0,0,0,0,0,0,0,0,0,0,0,0,0,0,0,0,0,1,0,0,1,0,0,0,0,0,0,0,0,0,0,0,0,0,12,19,122,0,94,167,1,23,10,2,0,0,6,2,6,33,47,0,37,0,7,0,0,0,3,5,1,0,3,0,0,2,0,1,0,0,8,0,2,0,0,1,0,0,0,0,0,0,3,0,13,4,0,25,0,0,151,7,1,0,29,0,1,0,0,0,0,0,11,5,0,112,14,1,0,5,201,12,2,0,1,0,0,11,1,0,1,0,0,0,0,2,0,0,4,0,0,0,0,0,0,2,0,0,0,0,0,0,0,0,0,0,0,3,0,0,0,0,0,0,0,0,0,0,0,0,0,0,6,10,0,0,3,12,58,69,3,2,0,4,0,0,1,0,3,0,1,0,0,0,0,0,0,0,,,0,3,2,4,8,25,149,0,0,29,0,0,1,0,0,0,0,0,0,0,0,2,5,9,44,41,39,2,1,4,1,0,214,0,0,0,12,1,0,0,2,3,0,0,1,0,0,0,0,0,0,0,0,2,0,0,0,0,0,0,0,0,0,1,0,1,0,0,0,5,4,0,0,0,0,0,0,1,0,0,0,0,0,2,0,0,0,0,0,0,0,0,0,1,0,0,0,0,0,0,0,0,0,0,0,0,0,0,0,0,0,0,0,0,0,0,0,0,0,0,0,0,0,0,0,0,,0,0,0,0,0,0,0,0,0,0,0,0,0,0,0,0,,0,0,0,0,0,0,0,0,0,0,0,0,,0,0,0,0,0,0,0,,0,,0,0,0,0,0,0,0,0,0,0,0,0,0,0,0,0,1,0,0,0,0,0,0,0,0,0,,0,0,0,0,0,,0,0,22,0,1,0,0,0,0,0,0,0,0,0,0,,0,0,0,0,0,0,0,0,,,0,,,0,0,0,0,0,0,0,0,0,0,0,0,0,0,0,,0,0,0,0,0,0,0,0,0,0,0,0,0,0,0,0,0,0,0,0,0,0,0,0,0,0,0,0,0,0,0,0,0,0,0,0,,,0,0,0,0,0,0,0,0,0,0,0,0,0,0,0,0,,0,0,0,0,0,0,0,0,0,0,0,0,0,0,0,0,0,0,,0,0,0,0,,0,0,0,0,0,0,0,0,0,0,0,0,0,0,,0,0,0,0,0,0,0,0,0,0,0,0,0,0,0,0,0,0,0,0,0,0,0,,0,0,0,0,0,0,0,0,0,0,,0,0,,0,0,0,0,0,0,,0,0,0,,0,0,0,0,0,0,0,0,0,0,0,,0,0,0,0,0,0,0,0,0,0,0,0,0,0,0,0,0,0,0,,0,0,,0,0,0,0,0,0,0,,0,0,0,,0,0,0,0,0,0,0,0,0,,0,,0,0,0,0,0,0,0,0,0,0,0,,,,,0,0,,0,0,0,0,0,0,0,0,,,0,0,0,0,0,0,0,0,,0,0,0,0,0,0,0,0,0,,0,0,,0,0,0,0,0,,,0,,0,0,0,0,0,,,0,,0,0,0,0,,,0,,,,,0,0,,,,,,,,,,0,0,0,0,,,0,0,0,0,0,0,,0,0,0,0,0,0,0,0,0,0,0,0,0,0,0,0,0,0,0,0,0,0,0,0,0,0,0,0,0,0,0,0,0,0,0,0,0,0,0,0,0,0,0,0,0,,0,0,0,0,0,0,0,0,0,,0,0,0,0,0,0,,0,0,,0,0,0,0,0,0,0,0,0,0,0,0,0,,0,0,0,,,0,0,0,0,0,0,0,,0,0,0,0,0,0,0,0,0,0,0,0,0,0,0,0,0,0,0,0,0,0,0,0,0,0,0,0,0,0,0,0,,0,0,0,0,0,0,0,0,0,0,0,0,0,0,0,0,0,0,0,0,0,0,0,0,0,0,0,0,0,0,0,0,0,0,,0,0,0,0,0,0,0,0,0,0,0,,0,0,0,0,0,0,0,0,0,0,0,0,0,0,0,,0,0,0,0,0,,0,0,0,0,0,0,0,0,0,0,0,0,0,0,0,0,0,0,0,0,0,0,0,0,0,0,,0,0,0,0,0,0,0,0,0,0,0,0,0,0,0,0,0,0,0,0,0,0,0,0,0,0,0,0,0,0,0,0,0,0,0,0,0,0,0,0,0,0,0,0,0,0,0,0,0,0,0,0,0,0,0,0,0,0,0,0,0,0,0,0,0,0,0,0,0,0,0,0,0,0,0,0,0,0,0,0,0,0,0,0,0,,,,,,,,,,,,,,,,,,,,,,,,,,,,,,,,,,,,,,,,,,,,,,,,,,0,,,,,0,,,,,,,,,,,,,,,,,,,,,,,,,,,,,,,,,,,,,,,,,,,,,,,,,,,,,,,,,,,,,,,,,,,,,,,,,,,,,,,,,,,,,,,,,,0,,,,,,,,,,,,,,,,,,,,,,,,,,,,,,,,,,,,,,,,,,,,,,,,,,,,,,,,,,,,,,,,,,,,,,,,,,,,,,,,,,,,,,,,,,,,,,,,,,,,,,,,,,,,,,,,,,,,,,,,,,,,,,,,,,,,,,,,,,,,,,,,,,,,,,,,,,,,,,,,,,,,,,,,,,,,,,,,,,,,,,,,,,,,,,,,,,,,,,,,,,,,,,,,,,,,,,,,,,,,,,,,,,,,,,,,,,,,,,,,,,,,,,,,,,,,,,,,,,,,,,,,,,,,,,,,,,,,,,,,,,,,,,,,,,,,,,,,,,,,,,,,,,,,,,,,,,,,,,,,,,,,,,,,,,,,,,,,,,,,,,,,,,,,,,,,,,,,,,,,,,,,,,,,,,,,,,,,,,,,,,,,,,,,,,,,,,,,,,,,,,,,,,,,,,,,,,,,,,,,,,,,,,,,,,,,,,,,,,,,,,,,,,,,,,,,,,,,,,,,,,,,,,,,,,,,,,,,,,,,,,,,,,,,,,,,,,,,,,,,,,,,,,,,,,,,,,,,,,,,,,,,,,,,,,,,,,,,,,,,,,,,,,,,,,,,,,,,,,,,,,,,,,,,,,,,,,,,,,,,,,,,,,,,,,,,,,,,,,,,,,,,,,,,,,,,,,,,,,,,,,,,,,,,,,,,,,,,,,,,,,,,,,,,,,,,,,,,,,,,,,,,,,,,,,,,,,,,,,,,,,,,,,,,,,,,,,,,,,,,,,,,,,,,,,,,,,,,,,,,,,,,,,,,,,,,,,,,,,,,,,,,,,,,,,,,,,,,,,,,,,,,,,,,,,,,,,,,,,,,,,,,,,,,,,,,,,,,,,,,,,,,,,,,,,,,,,,,,,,,,,,,,,,,,,,,,,,,,,,,,,,,,,,,,,,,,,,,,,,,,,,,,,,,,,,,,,,,,,,,,,,,,,,,,,,,,,,,,,,,,,,,,,,,,,,,,,,,,,,,,,,,,,,,,,,,,,,,,,,,,,,,,,,,,,,,,,,,,,,,,,,,,,,,,,,,,,,,,,,,,,,,,,,,,,,,,,,,,,,,,,,,,,,,,,,,,,,,,,,,,,,,,,,,,,,,,,,,,,,,,,,,,,,,,,,,,,,,,,,,,,,,,,,,,,,,,,,,,,,,,,,,,,,,,,,,,,,,,,,,,,,,,,,,,,,,,,,,,,,,,,,,,,,,,,,,,,,,,,,,,,,,,,,,,,,,,,,,,,,,,,,,,,,,,,,,,,,,,,,,,,,,,,,,,,,,,,,,,,,,,,,,,,,,,,,,,,,,,,,,,,,,,,,,,,,,,,,,,,,,,,,,,,,,,,,,,,,,,,,,,,,,,0,0,0,0,0,0,0,0,0,0,0,0,0,0,0,0,0
TX1012700,2017,Katy Police Department,Texas,17669,27,58,178,71,159,0,29,0,12,12,126,0,511,0,0,0,18,42,0,0,79,7,1,0,1,0,2,0,0,22,0,1,0,0,0,0,0,0,2,23,2,0,0,0,0,12,2,7,3,0,0,0,0,7,0,1,9,3,0,10,0,0,0,0,0,0,0,0,0,0,0,0,9,0,0,14,4,0,3,55,0,0,9,166,0,44,135,23,0,0,0,5,24,0,0,0,0,0,9,2,1,3,9,0,29,0,0,76,19,2,0,0,0,61,0,448,2,0,0,0,0,0,0,0,0,16,0,0,36,1,0,3,0,0,0,0,67,1,1,6,0,1,0,0,1,0,0,0,2,0,0,0,0,0,0,0,0,27,0,2,5,0,0,0,0,0,0,0,0,0,22,1,1,0,0,0,0,0,0,0,0,0,1,0,0,0,0,0,0,0,0,0,0,0,0,0,10,0,0,0,0,0,0,0,0,0,0,0,0,0,0,0,0,0,0,0,0,0,0,0,0,0,0,0,0,0,0,0,0,0,0,0,0,0,0,0,0,0,0,0,0,0,0,0,0,,0,0,0,0,0,0,0,0,0,0,0,,0,16,4,5,1,29,29,0,0,42,54,0,5,9,21,128,1,0,7,5,17,0,0,0,0,8,2,1,2,8,2,74,33,13,4,0,0,0,82,325,103,1,82,1,0,0,0,0,0,0,0,1,17,0,0,13,28,0,0,0,0,22,54,3,0,5,2,0,1,0,0,0,1,0,0,0,0,0,0,0,0,0,0,2,4,16,0,9,57,0,0,0,0,0,0,0,0,0,0,1,0,0,0,0,0,0,1,0,1,0,0,0,0,0,0,2,0,0,0,0,0,0,0,0,0,0,0,1,0,1,0,0,0,0,0,0,0,0,0,0,0,0,0,0,0,0,0,0,0,0,0,0,0,0,0,0,0,0,0,0,0,0,0,70,158,1,17,1,0,0,22,0,0,0,1,0,31,70,187,99,217,0,30,0,12,19,155,0,583,0,0,0,19,43,0,0,84,7,1,0,1,0,2,0,0,34,0,1,0,0,0,0,0,0,7,23,1,1,26,43,13,30,144,19,80,0,36,181,0,0,0,5,5,20,0,0,0,0,12,0,3,15,1,56,98,1,0,136,138,309,0,0,0,0,0,0,2,6,11,2,10,31,0,0,0,0,5,24,55,5,0,0,0,1,0,0,0,1,0,0,0,0,0,0,0,0,0,0,0,3,31,0,0,0,0,0,0,0,0,1,0,0,0,2,0,2,0,0,0,0,0,0,0,0,0,0,0,0,0,0,0,0,0,0,0,2,0,8,1,20,0,7,43,19,17,145,25,0,72,66,0,148,0,0,4,20,6,0,0,0,2,5,5,10,6,3,2,33,7,111,0,0,0,4,118,313,148,0,0,0,0,0,0,0,0,0,3,11,5,4,31,7,0,0,3,0,0,0,0,0,3,56,24,0,2,5,0,1,0,0,0,0,1,0,0,0,0,0,0,0,0,0,2,0,0,0,0,13,0,19,24,0,0,0,0,0,0,0,0,0,0,0,0,0,0,0,0,2,1,1,0,0,1,0,0,0,0,0,0,0,0,0,0,0,0,0,0,0,0,0,0,2,0,0,0,,3,0,0,0,0,1,0,0,0,0,0,0,0,0,0,0,0,0,0,0,0,0,0,0,0,0,0,25,6,0,19,8,43,33,9,145,89,0,200,17,0,0,0,9,1,20,0,0,5,1,6,10,2,7,116,31,8,0,0,0,191,76,316,0,0,0,0,0,0,0,7,1,11,12,0,31,0,0,0,0,26,0,58,3,2,2,0,1,0,0,0,0,0,1,0,0,0,0,0,0,0,0,32,2,0,0,0,0,0,0,0,0,0,0,0,2,0,0,0,10,0,1,0,0,0,0,0,0,0,0,0,0,0,0,0,7,52,0,6,0,37,152,35,1,0,5,7,31,64,4,0,0,23,0,2,2,0,0,0,2,0,0,0,17,1,0,0,0,0,0,6,0,0,0,0,0,0,0,0,0,0,0,0,7,15,37,0,0,6,0,0,8,29,27,125,4,31,1,0,0,0,3,1,6,10,21,33,31,1,3,0,0,0,0,0,0,21,2,0,1,2,0,0,0,1,0,1,1,2,0,0,0,0,0,0,1,16,1,0,0,0,0,0,0,0,0,0,0,1,5,0,0,0,0,0,0,0,0,0,0,0,0,0,0,0,0,0,0,0,0,0,7,1,23,28,0,0,3,3,0,0,2,34,44,107,0,34,1,0,0,0,1,4,6,1,22,34,29,3,1,0,0,0,0,0,8,0,0,0,0,1,0,1,0,0,4,0,0,2,0,0,0,0,0,0,2,0,1,1,19,0,0,0,0,0,0,0,0,1,8,7,0,0,0,0,0,0,0,1,0,0,0,0,0,1,0,0,0,0,0,0,0,0,0,6,0,0,0,0,0,0,0,0,0,0,0,0,0,0,0,0,0,0,0,0,0,0,0,0,0,0,0,0,1,2,0,0,0,0,0,0,0,0,0,0,0,0,0,0,0,0,0,0,0,0,0,0,0,0,0,0,0,0,0,0,0,0,0,0,0,0,0,0,0,0,0,0,0,0,0,1,1,0,0,0,0,0,0,0,0,0,0,0,0,0,0,0,0,0,0,0,0,0,0,0,0,0,40,23,4,5,0,16,97,1,0,0,22,44,0,20,0,4,0,4,13,1,2,0,10,0,0,0,0,0,0,0,3,1,0,0,0,1,20,0,0,2,7,0,0,12,0,54,0,0,0,0,0,4,0,0,9,0,0,0,0,0,0,0,0,12,0,0,0,0,0,0,0,0,0,0,0,0,0,0,0,0,0,2,4,0,0,0,0,0,1,3,1,45,0,2,1,0,34,39,3,31,1,0,0,4,0,7,5,3,3,0,1,0,0,7,3,0,0,0,9,0,0,0,1,1,0,0,0,0,0,0,0,1,0,0,0,0,17,0,0,0,3,0,0,1,0,0,0,0,0,4,,0,0,0,3,0,2,1,0,6,0,0,4,3,56,0,3,0,0,0,3,1,0,0,110,0,0,4,0,0,0,0,0,0,0,0,0,0,0,0,0,0,0,6,1,42,9,0,0,6,0,0,0,37,0,145,7,34,1,1,0,0,0,5,5,2,29,2,57,5,3,1,0,0,0,0,19,0,2,2,0,0,0,0,1,1,0,0,0,0,0,17,0,0,0,0,0,0,4,1,0,0,1,0,0,2,0,0,0,0,0,0,0,0,0,0,0,0,0,0,0,0,0,0,0,0,0,0,0,0,0,0,1,0,0,0,0,0,0,0,0,0,0,0,0,0,5,0,0,0,0,0,0,0,0,0,0,0,0,0,0,0,0,0,0,0,0,0,0,0,0,30,69,184,71,159,0,29,0,12,15,156,0,543,0,0,0,18,54,0,0,125,7,1,0,1,0,2,0,0,22,0,1,0,0,0,0,0,0,17,13,0,17,20,0,43,101,0,0,8,16,0,0,0,12,4,11,0,102,54,0,0,0,110,159,0,0,0,0,6,1,0,24,25,0,0,0,0,0,54,52,0,7,0,1,0,1,0,0,0,0,0,0,0,0,0,0,0,0,0,0,1,0,0,0,0,0,0,0,0,0,0,0,0,0,1,1,1,27,5,0,30,11,0,119,0,0,4,0,20,0,0,0,11,2,2,10,3,26,1,125,0,0,25,24,0,219,2,0,0,0,0,0,1,0,0,6,3,4,39,1,13,0,0,0,0,6,8,3,89,1,0,6,1,0,0,0,1,0,0,0,0,0,0,1,1,0,0,0,0,1,0,0,0,0,0,0,1,1,0,0,0,0,0,0,0,0,0,0,0,0,0,0,0,0,0,0,0,0,0,0,0,0,0,0,0,0,0,0,0,0,0,2,2,0,0,0,1,1,3,0,9,0,0,7,0,0,6,0,0,0,0,0,0,0,19,30,113,0,107,193,3,16,6,83,1,0,5,1,8,46,67,0,29,1,8,1,0,5,0,11,36,0,0,0,0,0,0,0,0,0,6,17,0,0,6,0,0,0,6,0,0,0,4,0,26,4,0,36,1,0,144,0,0,0,24,0,0,0,0,2,10,0,12,3,0,129,27,0,0,0,258,11,0,0,0,0,0,7,0,0,48,0,0,0,0,105,1,0,7,1,0,0,1,0,0,0,0,0,0,0,0,0,0,,1,0,0,0,0,0,0,0,0,0,0,1,0,0,0,0,0,0,7,9,1,11,4,10,77,79,0,0,0,7,1,0,14,0,0,0,1,0,0,0,0,0,0,0,,,7,8,12,3,0,37,140,0,0,24,0,0,0,0,0,1,4,0,7,0,0,1,12,2,53,16,50,23,14,0,0,0,269,0,0,0,7,49,0,0,106,3,2,0,2,1,0,0,0,0,0,1,0,0,0,0,0,0,0,0,0,0,1,1,0,0,0,0,0,3,0,0,0,0,0,0,0,0,0,0,0,0,0,0,0,0,0,0,0,0,0,0,0,0,0,0,0,0,0,0,0,0,0,0,0,0,0,0,0,0,0,0,0,0,0,0,0,0,0,0,0,0,0,0,0,0,0,0,0,0,0,0,0,0,0,0,0,0,0,0,0,0,0,0,0,0,0,0,0,0,0,0,0,0,0,0,,0,0,0,0,0,0,0,,0,,0,0,0,0,0,0,0,0,0,0,0,0,0,0,0,0,0,0,0,0,0,0,0,0,0,0,,0,0,0,0,0,,0,0,13,0,0,0,0,0,1,0,0,0,0,0,0,,0,0,0,0,13,0,0,0,0,,0,,,0,0,0,0,0,0,0,0,0,0,0,0,0,0,0,,0,0,0,0,0,3,0,0,0,0,0,0,0,0,0,0,0,0,0,0,0,0,0,0,0,0,0,0,0,0,0,0,0,0,0,0,0,,0,0,,0,0,0,0,0,0,0,0,0,0,0,0,0,,0,0,0,0,0,0,0,0,0,0,0,0,0,0,0,0,0,0,0,0,0,0,0,0,0,0,0,0,0,0,0,0,0,14,,,0,0,,0,0,0,0,0,,0,0,0,0,0,0,0,0,0,0,0,0,0,0,0,0,0,,0,0,0,0,0,0,0,0,0,0,,0,0,0,0,0,0,0,0,0,,0,0,0,,0,0,0,0,,0,0,0,0,1,0,,0,0,0,0,0,0,0,0,0,0,0,0,0,0,0,0,0,0,0,0,0,0,,0,0,0,0,0,0,,0,0,0,0,0,0,,,0,0,0,0,0,0,0,0,,0,0,0,0,0,,0,0,0,0,0,,0,0,,0,0,,0,0,0,0,0,0,0,,0,0,0,0,0,0,0,0,,,,0,0,0,0,0,0,0,0,0,0,0,0,,0,,0,,,,,0,,0,0,0,0,,,,,,0,,,,0,0,,,0,,,0,,0,,,,0,,0,,,0,0,0,0,,,0,0,0,0,0,0,0,0,0,,0,0,0,0,0,0,0,0,0,0,0,0,0,0,0,0,0,0,0,0,0,0,0,0,0,0,0,0,0,0,0,0,0,0,0,0,0,0,0,0,0,0,,0,0,0,0,0,0,0,0,0,,0,0,0,0,0,0,,0,0,0,0,0,0,0,0,0,0,0,0,0,0,0,0,0,0,0,0,0,0,,0,0,0,0,0,0,0,0,0,0,0,0,0,0,0,0,0,0,0,0,0,0,0,0,0,0,0,0,0,0,0,0,0,0,0,0,0,0,0,0,0,0,0,0,0,0,0,0,0,0,0,0,0,0,0,0,0,0,0,0,0,0,0,0,0,0,0,0,0,0,0,0,0,0,0,0,0,0,0,0,0,0,0,0,0,0,0,0,0,0,0,0,0,0,0,0,0,0,0,0,0,,0,0,0,0,0,0,,0,0,0,0,0,0,0,0,0,0,0,0,0,0,0,0,0,0,0,0,0,0,0,0,0,0,0,0,0,0,0,0,0,0,0,0,0,0,0,0,0,0,0,0,0,0,0,0,0,0,0,0,,0,0,0,0,0,0,0,0,,0,0,0,0,0,0,0,0,,0,0,0,0,0,0,0,0,0,0,0,0,0,,0,0,0,0,0,0,0,,0,,0,0,0,0,0,0,0,,0,,0,0,0,0,0,0,0,0,0,0,0,0,0,0,0,0,0,0,0,0,0,0,0,0,0,0,0,0,0,,,,,,,,,,,,,,,,,,,,,,,,,,,,0,,,,,0,,,,,,,,,,,,,,,,,,,,,,,,,,,,,,,,,,,,,,,,,,,,,,,,,,,,,,,,,,,,,,,,,,,,,,,,,,,,,,,,,,,,,,,,,,0,,,,,,,,,,,,,,,,,,,,,,,,,,,,,,,,,,,,,,,,,,,,,,,,,,,,,,,,,,,,,,,,,,,,,,,,,,,,,,,,,,,,,,,,,,,,,,,,,,,,,,,,,,,,,,,,,,,,,,,,,,,,,,,,,,,,,,,,,,,,,,,,,,,,,,,,,,,,,,,,,,,,,,,,,,,,,,,,,,,,,,,,,,,,,,,,,,,,,,,,,,,,,,,,,,,,,,,,,,,,,,,,,,,,,,,,,,,,,,,,,,,,,,,,,,,,,,,,,,,,,,,,,,,,,,,,,,,,,,,,,,,,,,,,,,,,,,,,,,,,,,,,,,,,,,,,,,,,,,,,,,,,,,,,,,,,,,,,,,,,,,,,,,,,,,,,,,,,,,,,,,,,,,,,,,,,,,,,,,,,,,,,,,,,,,,,,,,,,,,,,,,,,,,,,,,,,,,,,,,,,,,,,,,,,,,,,,,,,,,,,,,,,,,,,,,,,,,,,,,,,,,,,,,,,,,,,,,,,,,,,,,,,,,,,,,,,,,,,,,,,,,,,,,,,,,,,,,,,,,,,,,,,,,,,,,,,,,,,,,,,,,,,,,,,,,,,,,,,,,,,,,,,,,,,,,,,,,,,,,,,,,,,,,,,,,,,,,,,,,,,,,,,,,,,,,,,,,,,,,,,,,,,,,,,,,,,,,,,,,,,,,,,,,,,,,,,,,,,,,,,,,,,,,,,,,,,,,,,,,,,,,,,,,,,,,,,,,,,,,,,,,,,,,,,,,,,,,,,,,,,,,,,,,,,,,,,,,,,,,,,,,,,,,,,,,,,,,,,,,,,,,,,,,,,,,,,,,,,,,,,,,,,,,,,,,,,,,,,,,,,,,,,,,,,,,,,,,,,,,,,,,,,,,,,,,,,,,,,,,,,,,,,,,,,,,,,,,,,,,,,,,,,,,,,,,,,,,,,,,,,,,,,,,,,,,,,,,,,,,,,,,,,,,,,,,,,,,,,,,,,,,,,,,,,,,,,,,,,,,,,,,,,,,,,,,,,,,,,,,,,,,,,,,,,,,,,,,,,,,,,,,,,,,,,,,,,,,,,,,,,,,,,,,,,,,,,,,,,,,,,,,,,,,,,,,,,,,,,,,,,,,,,,,,,,,,,,,,,,,,,,,,,,,,,,,,,,,,,,,,,,,,,,,,,,,,,,,,,,,,,,,,,,,,,,,,,,,,,,,,,,,,,,,,,,,,,,,,,,,,,,,,,,,,,,,,,,,,,,,,,,,,,,,,,,,,,,,,,,,,,,,,,,,,,,,,,,,,,,,,,,,,,,,,,,,,,,,,,,,,,,,,,,,,,,,,,,,,,,,,,,,,,,,,,,,,,,,,,,,,,,,,,0,0,0,0,0,0,0,0,0,0,0,0,0,0,0,0,0
TX1012700,2018,Katy Police Department,Texas,18965,16,38,187,63,164,10,29,0,10,14,124,1,504,1,0,0,14,72,0,0,94,10,2,0,0,0,1,0,0,28,1,2,1,3,0,0,0,0,1,13,2,0,0,0,0,10,6,7,1,1,0,0,0,10,0,0,21,0,0,7,0,0,3,1,0,0,0,0,0,0,0,0,2,0,0,12,1,1,2,35,0,1,15,165,0,35,137,26,0,7,1,1,28,0,0,0,0,0,7,0,2,3,11,0,18,0,0,93,10,3,1,0,0,53,0,443,4,4,0,0,1,0,0,0,0,11,0,0,47,2,1,7,0,0,0,0,78,1,1,9,0,2,0,0,0,0,0,0,1,0,0,0,0,0,6,0,0,27,1,3,22,0,0,0,0,0,1,0,0,0,22,0,1,0,0,0,0,0,2,0,0,0,0,0,0,0,0,0,0,0,0,0,0,0,0,0,14,0,0,3,0,0,0,1,0,0,0,0,0,0,0,0,0,0,1,1,0,0,0,0,0,0,0,0,0,0,0,0,0,0,0,0,,0,0,0,0,0,0,0,0,0,0,0,0,,0,0,1,0,0,0,0,0,0,0,0,,0,10,4,2,0,15,22,1,0,22,62,2,2,3,17,144,0,7,6,6,17,0,0,0,0,7,2,1,1,10,3,73,30,19,0,1,0,0,54,331,117,0,100,0,0,0,1,0,0,0,0,1,12,1,0,6,61,0,0,0,0,31,58,5,0,9,1,2,0,0,0,0,0,0,0,0,0,1,0,0,0,0,0,1,2,25,0,3,58,1,1,1,0,0,1,0,0,0,0,0,0,2,0,1,0,0,5,0,0,0,0,0,0,0,0,2,2,0,1,0,0,0,0,2,0,0,0,0,0,0,0,0,0,0,0,0,0,0,0,0,1,0,0,0,0,0,0,0,0,0,0,0,0,0,0,0,0,0,0,0,0,0,0,63,160,4,14,0,0,0,28,0,0,1,0,0,19,45,203,93,234,10,29,0,12,20,162,1,570,1,0,0,15,82,0,0,105,10,3,0,0,0,1,0,0,41,3,2,1,3,0,0,0,0,6,13,0,1,14,30,26,32,145,24,69,0,47,187,0,2,8,4,4,21,0,0,0,2,10,0,6,8,6,65,93,4,1,106,157,307,0,0,1,0,0,0,1,4,10,7,41,34,0,0,0,0,13,27,65,9,1,2,1,0,0,0,0,0,0,0,0,1,0,0,0,0,0,0,0,3,37,1,0,0,1,0,0,0,0,1,1,0,0,0,2,0,2,0,0,0,0,0,1,0,0,0,1,0,0,0,0,0,0,0,0,0,0,7,0,12,0,6,30,8,15,145,42,1,67,83,0,149,2,8,4,21,4,0,0,0,2,1,9,14,5,1,1,33,4,120,0,0,1,6,118,307,139,0,0,1,0,0,0,0,0,0,1,10,4,13,34,34,0,1,2,0,0,0,0,0,14,65,24,1,0,9,2,0,0,0,0,0,0,0,0,0,0,1,0,0,0,0,4,0,0,0,0,15,1,23,23,0,0,0,1,1,0,0,0,0,2,0,1,0,0,0,0,0,0,1,0,0,2,2,0,0,0,0,0,0,0,0,0,0,0,0,0,0,1,0,0,2,0,0,0,0,2,0,0,0,0,1,0,0,0,0,2,0,0,0,0,0,0,0,0,0,0,0,0,0,0,0,0,16,3,0,12,3,30,35,22,146,90,0,226,6,2,8,1,7,1,21,0,0,10,1,1,7,7,6,131,25,6,1,0,0,211,52,307,0,0,0,1,0,0,0,5,0,10,46,1,35,0,0,0,0,39,0,66,8,1,1,3,0,0,0,0,0,0,0,0,0,1,0,0,0,0,0,36,4,1,1,0,3,0,0,2,0,1,0,0,0,1,0,0,3,0,0,0,1,1,0,0,0,0,0,0,0,0,0,0,2,53,0,4,1,49,155,43,1,2,1,3,18,65,7,0,0,27,1,3,29,0,0,0,15,0,0,0,17,0,0,2,0,0,0,11,0,0,1,0,0,0,0,0,2,0,0,0,2,7,46,0,0,4,0,1,12,37,27,128,9,34,1,0,0,2,0,0,3,5,13,30,35,1,6,0,0,0,0,0,0,18,1,1,3,26,0,0,0,0,3,7,8,9,0,0,0,0,0,0,0,17,0,0,0,0,0,2,0,0,0,0,0,5,6,0,0,0,0,0,0,0,0,0,0,0,1,0,0,1,0,0,0,0,0,0,2,1,23,29,0,0,3,0,0,1,1,47,60,94,3,39,1,0,0,2,0,1,3,0,14,31,34,2,5,0,0,0,0,0,4,0,0,0,1,0,1,0,0,0,9,0,0,2,2,0,0,0,0,1,27,0,6,9,17,0,0,0,1,0,0,0,0,0,8,9,0,0,0,0,1,0,0,0,0,0,1,0,0,0,0,0,0,0,0,0,0,0,3,8,0,0,0,0,0,0,0,0,0,0,0,0,0,0,0,0,0,0,0,0,0,1,1,0,0,0,0,0,1,0,0,0,0,0,0,0,0,0,0,0,0,0,0,0,0,1,0,0,0,0,0,0,0,0,0,0,0,0,0,0,0,0,0,0,0,0,0,0,0,0,0,1,0,0,0,0,0,0,0,0,0,0,0,0,0,0,0,0,0,0,0,0,0,0,0,0,0,0,0,0,0,0,36,27,2,4,1,26,102,0,2,1,11,39,0,23,0,0,0,6,12,2,11,0,20,0,0,0,0,0,0,0,0,0,0,1,0,1,26,0,0,5,3,0,0,16,4,53,0,1,0,0,1,5,0,1,7,5,0,0,0,0,0,0,0,16,0,0,0,0,0,0,1,0,0,0,0,0,0,0,0,0,0,24,6,0,0,0,0,0,1,1,0,49,0,1,3,1,49,101,5,43,1,2,0,3,0,10,45,2,7,0,0,0,0,3,4,0,0,0,18,1,0,2,26,0,0,0,0,0,0,0,8,5,0,0,0,0,5,0,0,0,8,2,0,0,0,1,0,0,0,0,,0,0,0,0,0,1,0,9,2,0,0,1,0,18,0,0,0,0,0,1,2,0,0,49,0,1,0,0,0,0,0,0,0,0,0,2,0,0,0,0,0,0,2,0,47,6,0,0,4,0,0,0,49,0,155,0,41,2,1,0,2,0,1,2,1,16,2,65,0,7,0,0,0,0,0,26,0,3,27,0,0,0,0,15,0,0,0,0,0,0,17,0,0,0,2,0,1,1,0,0,0,0,1,0,0,0,0,0,0,0,0,0,0,0,0,0,0,0,0,0,0,0,0,0,0,0,0,0,0,0,0,0,0,0,0,0,0,0,0,0,0,0,0,0,2,11,0,0,0,0,0,0,0,2,0,0,0,0,0,0,0,0,0,0,0,0,0,0,0,0,18,44,198,63,164,10,31,0,13,27,154,1,523,1,0,0,14,99,0,0,131,10,2,0,0,0,1,0,0,28,1,2,1,3,0,0,0,0,11,7,0,8,7,0,54,82,0,6,10,17,0,0,0,12,10,16,0,105,49,0,0,1,93,142,0,0,0,0,2,1,0,41,34,0,0,0,0,0,50,51,0,9,1,0,0,0,0,0,0,1,0,0,0,4,1,0,0,0,0,0,2,0,1,1,0,0,2,0,0,0,0,0,0,0,0,6,0,12,1,0,12,18,0,116,1,9,4,0,23,0,0,2,11,3,0,20,5,26,0,123,0,1,5,22,0,206,2,0,0,0,0,0,0,1,0,2,5,0,68,0,2,0,0,0,0,5,10,0,86,1,0,9,1,0,0,0,0,0,0,0,0,0,0,3,0,0,0,0,0,2,0,0,0,0,0,0,0,0,2,0,1,0,0,0,0,0,0,0,3,0,0,0,0,0,0,0,0,0,0,0,0,0,0,0,0,0,0,0,0,0,0,0,2,1,0,0,0,0,1,0,3,0,0,0,0,0,0,2,0,0,0,0,0,0,15,13,98,6,107,182,3,18,1,83,0,0,2,2,9,46,50,0,36,1,14,1,3,5,3,3,53,0,1,1,0,0,1,0,0,0,12,18,0,0,8,0,0,0,22,0,0,0,5,0,12,6,0,15,0,0,132,4,0,10,27,0,0,0,0,5,6,2,26,0,0,140,14,0,0,1,226,9,0,0,0,0,0,3,0,0,75,0,0,0,0,100,1,0,8,1,0,0,0,0,0,0,0,0,0,0,0,0,0,,2,2,1,1,0,2,0,0,0,0,0,0,0,0,0,0,0,0,1,7,2,11,5,21,61,93,0,1,0,10,0,0,10,0,3,0,0,0,0,0,0,0,0,0,,,4,5,2,6,1,15,133,0,4,27,0,0,0,0,1,7,3,1,1,1,0,0,20,5,58,18,48,18,12,0,1,0,235,0,0,0,3,75,0,0,101,8,0,2,0,1,0,0,0,0,0,0,0,0,3,1,2,0,2,0,0,1,0,2,0,0,1,0,0,0,0,0,1,0,0,0,0,0,0,0,0,0,0,0,0,0,0,0,0,0,0,0,0,0,0,0,2,0,0,0,0,0,0,0,0,0,0,0,0,0,0,0,0,0,0,0,0,0,0,0,0,0,0,0,0,0,0,0,0,0,0,0,0,0,0,0,0,0,0,0,0,0,0,0,0,0,0,0,0,0,0,0,0,0,0,0,,0,0,0,1,0,0,0,,0,,0,0,0,0,0,0,0,0,0,0,0,0,0,0,0,0,1,0,0,0,0,0,0,0,0,0,,0,0,0,0,0,,0,0,7,0,0,0,1,0,0,0,0,0,0,0,0,,0,0,0,0,9,0,0,0,,,0,,,0,0,0,0,1,0,0,0,0,0,0,0,0,0,0,,0,0,0,0,0,2,0,0,0,0,0,0,0,0,0,0,0,0,0,0,0,0,0,0,0,0,0,0,0,0,0,0,0,0,0,0,0,0,0,0,,0,0,0,0,0,0,0,0,0,0,0,0,0,0,0,0,0,0,0,0,0,0,0,0,0,0,0,0,0,0,0,0,,0,0,0,0,0,0,0,0,0,0,0,0,0,0,7,,0,0,0,1,0,0,0,0,0,,0,0,0,0,0,0,0,0,0,0,0,0,0,0,0,0,0,,0,0,0,0,0,1,0,0,0,0,,0,0,,0,0,0,0,0,0,,0,0,0,,0,0,0,0,,0,0,0,0,3,0,0,0,,0,0,0,0,0,0,0,0,0,0,0,,0,0,0,0,0,1,0,0,0,0,0,0,1,0,0,,,0,0,0,,0,,,0,0,0,0,0,0,0,0,,0,0,0,0,0,,,0,0,0,0,,0,,0,0,0,,0,0,0,0,0,0,0,0,0,0,0,0,0,0,0,,,,,,0,0,0,0,0,0,0,,,,0,,0,0,0,0,0,,,0,0,0,0,0,0,0,,,0,,0,0,0,,,0,,,,,,0,,0,,,,0,,0,,,0,0,0,0,0,,0,0,0,0,0,0,0,0,0,0,0,0,0,0,0,0,0,0,0,0,0,0,0,0,0,0,0,0,0,0,0,0,0,0,0,0,0,0,0,0,0,0,0,0,0,0,0,0,0,0,0,0,,0,0,0,0,0,0,0,0,0,0,0,0,0,0,0,0,,0,0,0,0,0,0,0,0,0,0,0,0,0,0,0,0,0,0,0,0,0,0,0,0,0,0,0,0,0,0,0,0,0,0,0,0,0,0,0,0,0,0,0,0,0,0,0,0,0,0,0,0,0,0,0,0,0,0,0,0,0,0,0,0,0,0,0,0,0,0,0,0,0,0,0,0,0,0,0,0,0,0,0,0,0,0,0,0,0,0,0,0,0,0,0,0,0,0,0,0,0,0,0,0,0,0,0,0,0,0,0,0,0,0,0,0,0,0,0,0,0,0,0,0,0,0,0,0,0,0,0,,0,0,0,0,0,0,0,0,0,0,0,0,0,0,0,0,0,0,0,0,0,0,0,0,0,0,0,0,0,0,0,0,0,0,0,0,0,0,0,0,0,0,0,0,0,0,0,0,0,0,0,0,0,0,0,0,0,0,0,0,0,,0,0,,0,0,0,0,0,,0,0,0,0,0,0,0,0,0,0,0,0,0,0,0,0,0,0,0,0,0,,0,,0,0,0,0,0,0,0,,0,,0,0,0,0,0,0,0,0,0,,0,0,0,0,0,0,0,0,0,0,,,0,,0,0,,0,0,0,0,0,0,,,,,,,,,,,,,,,,,,,,,,,,0,,,,,0,,,,,,,,,,,,,,,,,,,,,,,,,,,,,,,,,,,,,,,,,,,,,,,,,,,,,,,,,,,,,,,,,,,,,,,,,,,,,,,,,,,,,,,,,,0,,,,,,,,,,,,,,,,,,,,,,,,,,,,,,,,,,,,,,,,,,,,,,,,,,,,,,,,,,,,,,,,,,,,,,,,,,,,,,,,,,,,,,,,,,,,,,,,,,,,,,,,,,,,,,,,,,,,,,,,,,,,,,,,,,,,,,,,,,,,,,,,,,,,,,,,,,,,,,,,,,,,,,,,,,,,,,,,,,,,,,,,,,,,,,,,,,,,,,,,,,,,,,,,,,,,,,,,,,,,,,,,,,,,,,,,,,,,,,,,,,,,,,,,,,,,,,,,,,,,,,,,,,,,,,,,,,,,,,,,,,,,,,,,,,,,,,,,,,,,,,,,,,,,,,,,,,,,,,,,,,,,,,,,,,,,,,,,,,,,,,,,,,,,,,,,,,,,,,,,,,,,,,,,,,,,,,,,,,,,,,,,,,,,,,,,,,,,,,,,,,,,,,,,,,,,,,,,,,,,,,,,,,,,,,,,,,,,,,,,,,,,,,,,,,,,,,,,,,,,,,,,,,,,,,,,,,,,,,,,,,,,,,,,,,,,,,,,,,,,,,,,,,,,,,,,,,,,,,,,,,,,,,,,,,,,,,,,,,,,,,,,,,,,,,,,,,,,,,,,,,,,,,,,,,,,,,,,,,,,,,,,,,,,,,,,,,,,,,,,,,,,,,,,,,,,,,,,,,,,,,,,,,,,,,,,,,,,,,,,,,,,,,,,,,,,,,,,,,,,,,,,,,,,,,,,,,,,,,,,,,,,,,,,,,,,,,,,,,,,,,,,,,,,,,,,,,,,,,,,,,,,,,,,,,,,,,,,,,,,,,,,,,,,,,,,,,,,,,,,,,,,,,,,,,,,,,,,,,,,,,,,,,,,,,,,,,,,,,,,,,,,,,,,,,,,,,,,,,,,,,,,,,,,,,,,,,,,,,,,,,,,,,,,,,,,,,,,,,,,,,,,,,,,,,,,,,,,,,,,,,,,,,,,,,,,,,,,,,,,,,,,,,,,,,,,,,,,,,,,,,,,,,,,,,,,,,,,,,,,,,,,,,,,,,,,,,,,,,,,,,,,,,,,,,,,,,,,,,,,,,,,,,,,,,,,,,,,,,,,,,,,,,,,,,,,,,,,,,,,,,,,,,,,,,,,,,,,,,,,,,,,,,,,,,,,,,,,,,,,,,,,,,,,,,,,,,,,,,,,,,,,,,,,,,,,,,,,,,,,,,,,,,,,,,,,,,,,,,,,,,,,,,,,,,,,,,,,,,,,,,,,,,,,,,,,,,,,,,,,,,,,,,,,,,,,,,,,,,,,,,,,,,,,,,,,,,,,,,,,,,,,,,,,,,,,,,,,,,,,,,,,,,,,,,,,,,,,,,,,,,,,,,,,,,,,,,,,,,,,,,,,,0,0,0,0,0,0,0,0,0,0,0,0,0,0,0,0,0
TX1012700,2019,Katy Police Department,Texas,19966,15,51,321,110,181,14,39,0,14,19,155,1,713,0,0,0,21,57,0,0,97,10,1,0,2,0,2,1,0,32,1,0,0,5,0,0,0,0,5,8,2,0,0,0,0,14,7,11,1,1,0,0,0,10,0,2,27,0,0,5,0,0,5,0,0,0,0,0,0,0,0,0,9,0,0,5,1,0,3,48,0,0,11,302,0,58,139,42,0,10,1,3,31,3,2,0,0,0,10,2,2,3,16,0,43,0,1,95,11,5,1,0,0,74,0,628,11,0,0,0,0,0,0,0,0,18,0,0,37,2,0,8,0,0,0,0,86,1,0,9,1,1,0,0,2,0,0,0,1,1,0,0,0,0,2,0,0,52,0,3,18,0,0,0,0,0,0,0,0,0,30,0,0,0,0,0,0,0,3,0,0,0,0,0,0,0,0,0,0,0,0,0,0,0,0,0,10,0,0,5,0,0,0,0,0,0,0,0,0,0,0,0,0,0,0,1,0,0,0,0,0,0,0,0,0,0,0,0,0,0,0,0,,0,0,0,0,0,0,0,1,0,0,0,0,,0,0,0,0,0,0,0,0,0,0,0,0,0,11,1,3,0,15,35,0,0,53,98,1,2,11,31,137,1,7,12,10,17,0,0,0,0,8,5,1,1,15,3,81,49,23,1,1,0,0,127,389,194,0,161,0,0,0,0,0,0,0,0,0,20,1,0,6,47,0,0,0,0,31,58,5,0,8,1,0,0,0,0,0,2,0,0,0,0,0,0,0,0,0,0,0,4,28,0,10,98,5,2,0,0,0,1,0,0,0,0,0,0,0,0,0,0,0,4,0,1,0,1,1,0,1,0,1,3,0,8,1,3,0,0,2,0,0,0,0,0,1,0,0,0,0,0,1,0,0,0,0,3,0,0,0,0,0,0,0,0,0,0,0,0,0,0,0,0,0,0,0,0,0,0,110,174,7,21,0,0,0,32,0,0,1,0,0,15,58,407,163,277,15,44,0,14,24,183,1,882,0,0,0,28,72,0,0,104,10,1,0,2,0,2,3,0,51,3,0,0,5,0,0,0,0,1,14,0,2,12,44,20,151,236,48,115,0,69,205,3,4,9,6,10,28,0,0,0,0,14,0,2,10,12,85,87,11,1,142,272,468,0,0,0,0,0,0,8,6,14,11,32,29,0,0,0,0,13,25,66,4,0,0,1,0,0,0,0,1,1,0,0,0,1,0,0,0,0,0,0,9,42,0,2,0,0,0,0,2,0,0,0,0,0,2,3,6,1,0,0,0,0,0,4,0,0,0,0,0,0,0,0,0,0,0,0,0,0,4,0,11,0,5,44,9,130,236,38,0,103,91,3,178,8,5,6,28,10,0,0,0,3,1,9,11,13,0,1,44,12,120,1,0,0,7,250,468,155,0,0,0,0,0,0,0,0,0,3,14,11,5,29,36,0,3,4,0,0,0,0,2,18,66,14,6,0,4,0,0,0,0,0,1,1,0,0,0,0,0,0,1,1,0,6,0,0,0,2,23,0,27,59,2,0,0,1,1,0,0,2,0,0,0,0,0,0,0,0,1,0,0,1,0,4,1,0,0,0,0,0,0,0,0,0,0,0,0,0,0,4,0,0,1,0,0,0,0,1,0,0,0,0,2,0,0,0,0,2,0,0,0,0,0,0,0,0,0,0,1,0,0,0,0,0,14,1,0,12,2,44,151,20,236,155,0,261,13,3,11,1,13,3,28,0,0,8,5,1,8,3,13,122,49,12,1,0,0,357,52,473,0,0,0,0,0,0,0,14,0,14,42,1,29,0,0,0,0,30,4,70,4,6,0,1,0,0,0,0,1,0,1,0,0,0,3,0,0,0,0,49,2,0,3,0,3,0,0,0,0,0,0,0,2,1,0,0,8,0,0,0,4,0,0,0,0,0,0,0,0,0,0,0,9,51,0,2,0,62,153,48,1,4,2,1,41,97,8,0,0,48,0,5,25,0,0,0,11,0,0,0,25,0,0,3,0,0,0,7,0,0,0,0,0,0,0,0,1,0,1,0,9,12,39,0,0,2,0,0,15,47,37,116,11,37,0,1,2,2,1,0,1,20,21,48,49,1,7,0,0,0,0,0,0,38,1,0,3,23,0,0,0,2,2,8,3,10,0,0,0,0,0,0,1,24,0,0,0,0,0,3,0,0,0,0,0,0,7,0,0,0,0,0,0,0,0,0,0,0,1,0,1,0,0,0,0,0,0,1,8,0,20,31,0,0,0,2,0,0,4,55,50,99,5,43,1,0,0,4,2,0,1,0,32,43,51,3,5,0,0,0,0,0,8,0,0,0,1,2,0,0,0,0,17,0,0,3,2,0,0,0,0,2,23,0,1,10,31,0,0,0,0,0,0,0,0,3,11,13,1,0,0,0,2,0,0,0,0,0,1,0,0,0,0,0,0,0,0,0,0,0,3,3,0,0,0,0,0,0,0,0,0,0,0,0,0,0,0,0,0,0,0,0,0,0,0,0,0,0,0,0,4,1,0,0,0,0,0,0,0,0,0,0,0,0,0,0,0,0,0,0,0,0,0,0,0,0,0,0,0,0,0,0,0,1,0,0,0,0,0,0,0,0,0,0,0,0,0,0,0,0,0,0,0,0,0,0,0,0,0,0,0,0,0,0,0,0,0,0,0,0,0,0,0,0,28,25,5,1,0,34,101,1,2,1,24,55,0,28,0,2,0,5,18,5,4,0,33,0,0,0,0,0,0,0,4,1,0,0,0,0,42,0,0,5,1,0,0,23,7,52,1,3,0,0,3,7,0,0,17,2,0,0,0,0,0,0,0,23,0,0,0,0,0,0,1,0,0,1,0,0,0,0,0,0,0,23,2,0,0,0,0,0,0,8,1,45,0,2,0,0,62,146,7,47,1,3,0,1,0,30,87,10,6,0,2,0,0,11,6,0,0,0,48,0,0,5,25,2,0,0,0,0,0,0,3,8,1,0,1,0,0,0,0,0,24,1,0,0,0,3,0,0,0,0,,0,0,0,0,0,0,0,7,0,0,0,0,0,0,0,0,0,0,0,0,0,0,0,0,0,0,0,0,0,0,0,0,0,0,0,1,0,1,0,0,0,0,8,1,47,2,0,0,2,0,0,0,62,0,149,4,47,1,1,0,4,0,2,1,0,40,1,94,1,8,0,0,0,0,0,45,0,1,24,0,0,0,0,11,0,0,0,0,0,0,24,0,0,0,3,0,0,2,0,0,3,2,0,0,2,0,0,0,0,0,0,0,0,0,1,0,0,0,0,0,0,0,1,1,0,0,0,0,0,0,0,0,0,0,0,0,0,1,0,0,0,0,0,0,0,7,0,0,0,0,0,0,0,1,0,0,0,0,0,0,0,0,0,0,0,0,0,0,1,0,21,60,327,110,181,20,40,0,14,25,179,1,761,0,0,0,28,67,0,0,108,12,1,0,2,0,2,1,0,32,1,0,0,5,0,0,0,0,15,6,0,8,14,0,61,171,0,10,8,25,0,0,0,14,7,13,0,110,69,0,1,0,126,284,0,0,0,0,5,7,0,21,28,0,0,0,0,0,45,40,0,10,1,0,0,2,0,0,0,0,0,0,0,10,2,0,0,0,0,0,0,0,0,5,0,0,0,0,0,0,0,0,0,0,0,3,0,18,1,0,21,22,0,204,3,16,5,0,26,0,0,1,12,2,0,16,6,35,1,136,0,1,9,38,0,359,0,0,0,0,0,0,1,6,1,4,7,1,36,3,3,0,0,0,0,4,12,0,68,3,0,8,0,1,0,0,1,0,1,0,2,0,0,2,1,0,0,0,0,4,0,0,0,0,0,0,1,0,0,0,0,1,0,0,0,0,0,0,4,0,0,0,1,0,0,0,0,0,1,0,0,0,0,0,0,1,0,0,0,0,1,0,5,0,3,0,0,2,7,0,9,0,0,0,0,0,5,0,0,0,0,0,0,0,18,18,157,13,118,298,10,19,12,66,2,0,4,0,11,54,103,0,70,1,15,0,7,10,2,2,44,0,1,0,0,0,0,0,0,0,3,14,0,0,4,0,0,0,5,0,0,0,2,0,18,3,0,22,0,0,229,3,0,14,33,0,0,0,0,3,11,0,18,2,0,143,36,0,0,1,391,19,0,0,0,0,0,12,0,0,49,0,0,0,0,82,3,0,12,1,0,0,2,0,0,0,0,0,6,0,0,0,0,,0,0,0,4,0,1,0,0,0,0,0,0,0,0,0,0,0,0,3,10,3,10,6,14,86,93,0,1,0,12,0,2,8,0,5,0,0,0,1,0,0,0,0,0,,,7,2,8,3,1,22,228,1,10,33,0,0,0,0,0,2,5,5,2,0,0,3,3,14,60,24,51,23,21,0,1,0,409,0,0,0,12,49,0,0,85,4,7,1,0,1,0,1,0,0,0,1,0,0,3,4,2,0,0,0,0,0,0,0,0,0,4,0,1,3,0,0,1,0,0,0,1,0,0,0,0,0,0,0,0,0,0,0,0,0,0,0,0,0,0,0,0,0,0,0,0,0,0,0,0,0,0,0,0,0,0,0,0,0,0,0,0,0,0,0,0,0,0,0,0,0,0,0,0,0,0,0,0,0,0,0,0,0,0,0,0,0,0,0,0,0,0,0,0,0,0,0,0,0,0,0,0,0,0,0,0,0,0,0,0,0,,0,0,0,0,0,0,1,0,0,0,0,0,0,0,0,0,0,0,0,0,0,0,0,0,0,0,,0,0,0,0,0,,0,0,15,0,0,0,0,0,0,0,0,0,0,0,0,0,0,0,0,0,0,0,0,0,0,,0,,0,0,0,0,0,0,0,0,0,0,0,0,0,0,0,0,0,0,0,0,0,0,4,0,0,0,0,0,0,0,0,0,0,0,3,0,0,0,0,0,0,0,0,0,0,0,0,0,0,0,0,0,0,0,,0,0,,0,0,0,0,0,0,0,0,0,0,0,0,0,0,0,0,0,0,0,0,0,0,0,0,0,0,0,0,0,0,0,0,,0,0,0,0,0,0,0,0,0,0,0,0,0,0,0,,0,0,0,,0,0,0,0,0,0,0,0,0,0,0,0,0,0,0,0,0,0,0,0,0,0,0,0,0,0,0,0,0,0,0,0,0,0,,0,0,0,0,0,0,0,0,0,,0,0,0,,0,0,0,0,,0,0,0,0,0,0,0,0,0,0,0,1,0,0,0,0,0,0,0,0,0,0,0,0,0,0,1,0,0,0,0,0,0,0,0,0,,,0,0,0,0,0,,0,0,0,0,0,0,0,0,0,,0,0,0,0,0,,,0,,0,0,,0,,,0,0,,0,0,0,0,0,0,0,,,0,0,0,0,0,0,0,,0,,0,0,0,0,0,0,0,0,0,,0,,,0,,0,0,0,0,,,0,0,,0,0,,,0,0,,0,0,0,,0,0,0,,,,,0,,0,,,0,,,0,0,0,0,0,0,0,0,,0,0,0,0,0,0,0,0,0,0,0,0,0,0,0,0,0,0,0,0,0,0,0,0,0,0,0,0,0,0,0,0,0,0,0,0,0,0,0,0,0,0,0,0,0,0,0,0,0,0,0,0,,0,0,0,0,0,0,0,0,0,0,0,0,0,0,0,0,,0,0,0,0,0,0,0,0,0,0,0,0,0,0,0,0,0,0,0,0,0,0,0,0,0,0,0,0,0,0,0,0,0,0,0,0,0,0,0,0,0,0,0,0,0,0,0,0,0,0,0,0,0,0,0,0,0,0,0,0,0,0,0,0,0,0,0,0,0,0,0,0,0,0,0,0,0,0,0,0,0,0,0,0,0,0,0,0,0,0,0,0,0,0,0,0,0,0,0,0,0,0,0,0,0,0,0,0,0,0,0,0,0,0,0,0,0,0,0,0,0,0,0,0,0,0,0,0,0,0,0,,0,0,0,0,0,0,0,0,0,0,0,0,0,0,0,0,0,0,0,0,0,0,0,0,0,0,0,0,0,0,0,0,0,0,0,0,0,0,0,0,0,0,0,0,0,0,0,0,0,0,,0,0,0,0,0,0,,0,0,0,,0,0,,0,0,0,0,0,,0,0,0,0,0,0,0,0,0,0,0,0,0,0,0,0,0,0,0,0,0,,0,,0,0,0,0,0,0,0,,0,,0,0,0,0,0,0,0,0,0,0,0,0,,0,0,0,0,0,0,0,0,,,0,0,0,0,0,0,0,0,0,,0,0,0,0,0,,,,,,,,,,,,,,,,,,,0,,,,,0,,,,,,,,,,,,,,,,,,,,,,,,,,,,,,,,,,,,,,,,,,,,,,,,,,,,,,,,,,,,,,,,,,,,,,,,,,,,,,,,,,,,,,,,,,0,,,,,,,,,,,,,,,,,,,,,,,,,,,,,,,,,,,,,,,,,,,,,,,,,,,,,,,,,,,,,,,,,,,,,,,,,,,,,,,,,,,,,,,,,,,,,,,,,,,,,,,,,,,,,,,,,,,,,,,,,,,,,,,,,,,,,,,,,,,,,,,,,,,,,,,,,,,,,,,,,,,,,,,,,,,,,,,,,,,,,,,,,,,,,,,,,,,,,,,,,,,,,,,,,,,,,,,,,,,,,,,,,,,,,,,,,,,,,,,,,,,,,,,,,,,,,,,,,,,,,,,,,,,,,,,,,,,,,,,,,,,,,,,,,,,,,,,,,,,,,,,,,,,,,,,,,,,,,,,,,,,,,,,,,,,,,,,,,,,,,,,,,,,,,,,,,,,,,,,,,,,,,,,,,,,,,,,,,,,,,,,,,,,,,,,,,,,,,,,,,,,,,,,,,,,,,,,,,,,,,,,,,,,,,,,,,,,,,,,,,,,,,,,,,,,,,,,,,,,,,,,,,,,,,,,,,,,,,,,,,,,,,,,,,,,,,,,,,,,,,,,,,,,,,,,,,,,,,,,,,,,,,,,,,,,,,,,,,,,,,,,,,,,,,,,,,,,,,,,,,,,,,,,,,,,,,,,,,,,,,,,,,,,,,,,,,,,,,,,,,,,,,,,,,,,,,,,,,,,,,,,,,,,,,,,,,,,,,,,,,,,,,,,,,,,,,,,,,,,,,,,,,,,,,,,,,,,,,,,,,,,,,,,,,,,,,,,,,,,,,,,,,,,,,,,,,,,,,,,,,,,,,,,,,,,,,,,,,,,,,,,,,,,,,,,,,,,,,,,,,,,,,,,,,,,,,,,,,,,,,,,,,,,,,,,,,,,,,,,,,,,,,,,,,,,,,,,,,,,,,,,,,,,,,,,,,,,,,,,,,,,,,,,,,,,,,,,,,,,,,,,,,,,,,,,,,,,,,,,,,,,,,,,,,,,,,,,,,,,,,,,,,,,,,,,,,,,,,,,,,,,,,,,,,,,,,,,,,,,,,,,,,,,,,,,,,,,,,,,,,,,,,,,,,,,,,,,,,,,,,,,,,,,,,,,,,,,,,,,,,,,,,,,,,,,,,,,,,,,,,,,,,,,,,,,,,,,,,,,,,,,,,,,,,,,,,,,,,,,,,,,,,,,,,,,,,,,,,,,,,,,,,,,,,,,,,,,,,,,,,,,,,,,,,,,,,,,,,,,,,,,,,,,,,,,,,,,,,,,,,,,,,,,,,,,,,,,,,,,,,,,,,,,,,,,,,,,,,,,,,,,,,,,,,,,,,,,,,,,,,,,,,,,,,,,,,,,,,,,,,,,,,,,,,,,,,,,,,,,,,,,,,,,,,,,,,,,,,,,,,,,,,0,0,0,0,0,0,0,0,0,0,0,0,0,0,0,0,0
TX1012700,2020,Katy Police Department,Texas,22797,25,48,192,182,185,15,59,0,9,12,190,0,626,0,0,0,16,30,0,0,155,7,0,0,0,0,2,0,0,52,0,0,0,2,0,0,0,0,1,23,1,0,0,0,0,9,4,7,1,0,0,0,0,7,0,0,37,0,0,15,0,0,2,0,0,0,0,0,0,0,0,0,5,0,0,19,1,0,6,42,0,0,12,177,2,153,139,45,0,11,0,22,36,1,0,0,0,0,7,1,1,1,11,0,24,0,2,141,13,10,0,0,0,53,0,571,1,1,0,0,0,0,0,0,0,12,0,0,24,2,1,1,0,0,0,0,124,4,1,7,0,0,0,0,0,0,0,0,1,0,0,0,0,0,3,0,0,28,0,4,3,1,0,0,0,0,0,0,0,0,49,0,1,0,0,0,0,0,3,0,0,0,0,0,0,0,0,0,0,0,0,0,0,0,0,0,26,0,0,2,0,0,0,0,0,0,0,0,0,0,1,0,0,0,0,0,0,0,0,0,0,0,0,0,0,0,0,0,0,0,0,0,0,0,0,0,0,0,0,0,0,0,0,0,0,0,0,0,1,0,0,0,0,0,0,0,0,0,0,15,7,1,2,15,30,3,0,42,67,2,4,6,25,154,0,6,10,12,37,0,0,0,0,9,0,0,1,8,3,123,38,25,2,0,0,0,88,398,138,2,81,0,0,0,0,0,0,0,0,0,12,4,0,3,25,0,0,0,0,47,93,15,0,7,0,0,0,0,0,0,0,0,0,0,0,0,0,0,0,0,0,2,3,47,0,10,168,4,3,2,0,0,0,0,0,0,0,0,0,0,0,0,0,0,2,0,2,0,0,0,0,0,0,2,0,0,0,0,0,0,0,1,0,0,0,0,0,0,0,0,0,0,0,0,0,0,0,0,1,0,0,0,0,0,0,0,0,0,0,0,0,0,0,0,0,0,0,0,0,0,0,182,177,8,16,0,0,0,52,0,0,0,0,0,26,59,210,252,263,15,81,0,9,17,244,0,700,0,0,0,17,36,0,0,173,7,0,0,0,0,2,0,0,72,0,0,0,2,0,0,0,0,9,15,2,3,22,34,24,34,152,64,187,1,66,194,3,4,9,14,43,24,0,0,0,1,8,0,1,13,3,106,122,16,0,112,168,420,0,0,0,0,0,0,3,8,6,2,19,15,0,0,0,0,23,57,93,1,1,0,0,0,0,0,0,0,0,0,0,1,0,0,0,0,0,0,0,10,62,0,2,0,0,0,0,0,0,0,0,0,0,1,0,5,0,0,0,0,0,0,1,1,0,0,0,0,0,0,0,0,0,0,0,0,1,6,2,17,0,12,34,13,26,152,32,1,155,65,3,189,0,13,28,24,28,0,0,0,0,0,9,9,3,5,0,74,17,149,0,0,0,3,103,421,169,0,0,0,0,0,0,0,0,0,2,6,9,8,15,11,0,0,5,0,0,0,0,1,16,93,62,1,1,5,0,0,0,0,0,0,0,0,0,0,0,1,0,0,0,0,4,0,0,0,4,27,0,41,94,2,0,0,0,0,1,0,0,0,0,0,0,0,0,0,0,1,0,0,1,0,1,1,0,0,0,0,0,0,0,0,0,0,0,0,0,0,1,0,0,4,0,0,0,0,2,0,0,0,0,2,0,0,0,0,0,0,0,0,0,0,0,0,0,0,0,0,0,0,0,0,0,19,5,2,17,7,35,39,19,152,226,1,248,12,3,10,3,31,24,26,0,0,7,2,0,8,6,3,168,59,17,0,0,0,245,31,424,0,0,0,0,0,0,0,11,0,6,18,3,15,0,0,0,0,71,4,98,2,4,1,0,0,0,0,0,0,0,0,0,0,1,0,0,0,0,0,68,4,0,2,0,0,0,0,0,0,0,0,0,1,1,0,0,25,0,0,0,1,0,0,0,0,0,0,0,0,0,,0,5,61,0,9,1,50,131,32,2,2,21,1,19,67,14,0,0,26,0,2,2,0,0,0,11,0,0,0,37,0,0,4,0,0,0,27,0,0,0,0,0,0,0,0,0,0,0,0,4,11,50,0,0,8,0,1,13,37,29,102,4,28,0,2,1,1,16,0,1,6,13,36,31,1,13,1,1,0,0,0,0,22,5,0,1,2,0,0,0,1,0,7,4,4,0,0,0,0,0,0,3,34,0,0,0,1,0,3,0,0,0,0,0,3,24,0,0,0,0,0,0,0,0,0,0,0,0,0,0,0,0,0,0,0,0,1,3,2,21,37,0,0,7,2,0,1,10,40,27,102,1,31,2,0,1,1,10,11,0,1,11,32,35,6,8,0,0,0,0,0,8,1,0,0,0,0,0,0,0,0,8,0,0,1,0,0,0,0,0,1,1,0,4,7,18,0,0,0,0,0,0,0,0,0,16,19,0,0,0,0,4,0,0,0,0,0,0,0,0,0,0,0,0,0,0,0,0,0,4,23,0,0,0,0,0,0,0,0,0,0,0,0,0,0,0,0,0,0,0,0,0,0,0,0,0,0,0,0,2,2,0,0,0,0,0,0,0,0,0,0,0,0,0,0,0,0,0,0,0,0,0,0,0,1,0,0,0,0,0,0,0,0,0,0,0,0,0,0,0,0,0,0,0,0,0,1,0,0,0,0,0,0,0,0,0,0,0,0,0,0,0,0,0,0,0,0,0,0,0,0,0,0,37,12,4,7,1,25,86,1,3,1,16,46,0,24,0,13,0,9,29,2,7,0,17,0,0,0,0,0,0,0,1,2,0,1,0,8,21,0,0,3,0,0,0,24,4,45,1,1,0,0,5,8,0,0,3,1,0,0,0,0,0,0,0,20,0,0,0,0,0,0,0,0,0,0,0,0,0,0,0,1,0,1,24,0,0,0,0,0,0,3,2,54,0,7,2,1,50,129,2,32,2,2,10,0,1,12,64,3,10,0,11,0,0,7,7,0,0,0,24,0,0,2,2,4,0,0,0,0,0,0,6,5,0,0,0,0,0,0,0,0,35,2,0,0,0,4,0,0,0,0,,0,0,0,0,0,0,2,26,0,0,0,0,0,0,0,0,0,0,0,0,0,0,0,0,1,0,0,0,0,0,0,0,0,0,0,0,0,0,0,0,0,0,5,0,59,2,0,0,6,1,1,0,50,0,129,1,32,0,2,0,2,0,21,1,0,18,0,66,1,14,0,0,0,0,0,25,0,2,2,0,0,0,0,11,0,0,0,0,0,0,36,0,0,0,4,0,0,1,0,0,0,0,0,0,0,0,2,0,0,0,0,0,1,0,1,0,0,0,0,0,0,0,0,0,1,0,0,0,0,0,0,0,0,0,0,0,0,0,0,0,0,0,0,0,0,27,0,0,0,0,0,0,0,0,0,0,0,0,0,0,0,0,0,0,0,0,0,0,0,0,25,56,200,182,185,18,63,0,9,18,222,0,662,0,0,0,16,30,0,0,158,8,0,0,0,0,2,0,0,52,0,0,0,2,0,0,0,0,17,8,0,9,15,0,38,89,0,7,15,35,0,0,0,8,7,6,0,136,86,0,0,0,101,194,0,0,0,0,2,4,0,15,11,0,0,0,0,0,41,65,0,8,0,0,0,0,0,0,0,1,0,0,0,11,0,0,0,0,0,0,0,0,0,2,0,0,0,0,0,0,0,0,0,0,0,2,0,22,3,0,20,16,0,106,6,12,7,0,41,0,0,0,9,1,0,11,5,54,0,163,0,0,10,40,1,244,1,1,0,0,0,0,0,1,0,5,2,0,22,1,4,0,0,0,0,4,14,0,88,1,0,7,0,0,0,0,0,0,0,1,1,0,0,0,0,0,0,0,0,0,1,0,0,0,0,0,0,0,0,0,0,0,0,0,0,0,0,0,2,0,0,0,0,0,0,0,0,0,0,0,0,0,0,0,0,0,0,0,0,0,2,0,5,0,1,0,0,0,5,0,15,0,0,1,0,0,5,1,0,0,0,0,0,0,16,22,101,13,165,225,3,33,5,88,0,0,2,1,16,52,55,0,21,0,4,0,5,4,1,7,19,0,0,0,0,0,0,0,0,0,9,13,0,0,5,0,0,0,6,0,0,0,4,0,15,10,0,24,0,0,125,2,0,14,48,0,0,0,0,3,6,0,11,2,0,179,43,0,0,0,284,11,0,2,0,0,0,6,0,0,26,0,0,0,0,104,2,0,8,0,0,0,0,0,0,0,0,0,4,0,0,0,0,,0,0,0,0,0,2,0,0,0,0,0,0,0,0,0,0,0,0,5,6,2,7,3,10,110,112,0,0,0,6,0,0,14,0,2,1,0,0,0,0,0,1,0,0,,,7,5,3,6,4,23,120,3,6,46,0,0,0,0,2,4,2,0,1,0,0,1,11,1,64,29,74,26,29,0,0,0,288,0,0,0,5,26,0,0,103,1,6,0,1,0,0,0,0,0,0,0,0,0,2,5,2,0,0,0,0,0,0,4,0,1,1,0,1,1,0,0,2,0,0,0,0,1,5,0,4,0,0,0,0,0,0,0,0,0,0,3,0,0,1,0,0,0,0,0,0,0,0,0,0,0,0,0,0,0,0,1,0,0,0,0,0,0,0,0,0,0,0,0,0,0,0,0,0,0,0,0,0,0,0,0,0,0,0,0,0,0,0,0,0,0,0,0,0,0,0,0,0,0,0,0,0,0,0,0,0,0,0,0,0,0,,0,0,0,0,0,0,0,0,0,0,0,0,0,0,0,0,0,0,0,1,0,0,0,0,0,0,,0,0,0,0,0,,0,0,9,0,0,0,0,0,0,0,0,0,0,0,0,,0,0,0,0,0,0,0,0,,,0,,0,0,0,0,0,0,0,0,0,0,0,0,0,0,0,0,,0,0,0,0,0,2,0,0,0,0,0,0,0,0,0,0,0,1,0,0,0,0,0,0,0,0,0,0,0,0,0,0,0,0,0,0,0,0,0,0,,0,0,0,0,0,0,0,0,0,0,0,0,0,0,0,0,0,0,0,0,0,0,0,0,0,0,0,0,0,0,0,0,,,0,0,0,0,0,0,0,,0,0,0,0,0,0,,,0,0,,0,0,0,0,0,0,0,0,0,0,0,0,0,0,0,0,0,0,0,0,0,0,0,0,0,0,0,0,0,0,0,0,0,0,0,0,0,0,0,,0,0,0,0,0,0,0,0,0,0,0,0,0,0,0,0,0,0,0,0,0,0,0,0,0,0,0,0,0,0,0,0,0,0,0,0,0,0,0,0,0,0,0,0,0,0,0,0,0,0,,,0,0,0,0,0,,,0,0,0,0,0,0,0,0,,0,0,0,0,0,0,0,0,0,0,0,,0,,,0,0,,0,0,0,0,0,0,0,0,,0,0,0,0,0,0,,0,,,0,0,,0,0,0,0,0,0,0,0,,,0,,0,0,0,,,,0,0,,0,0,,0,0,0,0,0,0,0,0,,0,0,,0,0,,0,,0,,0,0,,0,0,,,0,0,0,0,0,,0,0,0,0,0,0,0,0,0,0,0,0,0,0,0,0,0,0,0,0,0,0,0,0,0,0,0,0,0,0,0,0,0,0,0,0,0,0,0,0,0,0,0,0,0,0,0,0,0,0,0,0,,0,0,0,0,0,0,0,0,0,0,0,0,0,,0,0,,0,0,0,0,0,0,0,0,0,0,0,0,0,0,0,0,0,0,0,0,0,0,0,0,0,0,0,0,0,0,0,0,0,0,0,0,0,0,0,0,0,0,0,0,0,0,0,0,0,0,0,0,0,0,0,0,0,0,0,0,0,0,0,0,0,0,0,0,0,0,0,0,0,0,0,0,0,0,0,0,0,0,0,0,0,0,0,0,0,0,0,0,0,0,0,0,0,0,0,0,0,0,0,0,0,0,0,0,0,0,0,0,0,0,0,0,0,0,0,0,0,0,0,0,0,0,0,0,0,0,0,,0,0,0,0,0,0,0,0,0,0,0,0,0,0,0,0,0,0,0,0,0,0,0,0,0,0,0,0,0,0,0,0,0,0,0,0,0,0,0,0,0,0,0,0,0,0,0,0,0,0,0,0,,0,0,0,0,,0,0,0,0,0,0,0,0,0,0,0,0,,0,0,0,0,0,0,0,0,0,0,0,0,0,0,0,0,0,0,0,0,0,,0,,0,0,0,0,0,0,0,,0,,0,0,0,0,0,0,0,0,0,,0,0,,0,0,0,,0,0,0,0,,0,0,,0,,0,0,0,0,0,0,,0,,0,0,0,0,0,0,0,0,,,,,,,,,,,,,0,,,,,0,,,,,,,,,,,,,,,,,,,,,,,,,,,,,,,,,,,,,,,,,,,,,,,,,,,,,,,,,,,,,,,,,,,,,,,,,,,,,,,,,,,,,,,,,,0,,,,,,,,,,,,,,,,,,,,,,,,,,,,,,,,,,,,,,,,,,,,,,,,,,,,,,,,,,,,,,,,,,,,,,,,,,,,,,,,,,,,,,,,,,,,,,,,,,,,,,,,,,,,,,,,,,,,,,,,,,,,,,,,,,,,,,,,,,,,,,,,,,,,,,,,,,,,,,,,,,,,,,,,,,,,,,,,,,,,,,,,,,,,,,,,,,,,,,,,,,,,,,,,,,,,,,,,,,,,,,,,,,,,,,,,,,,,,,,,,,,,,,,,,,,,,,,,,,,,,,,,,,,,,,,,,,,,,,,,,,,,,,,,,,,,,,,,,,,,,,,,,,,,,,,,,,,,,,,,,,,,,,,,,,,,,,,,,,,,,,,,,,,,,,,,,,,,,,,,,,,,,,,,,,,,,,,,,,,,,,,,,,,,,,,,,,,,,,,,,,,,,,,,,,,,,,,,,,,,,,,,,,,,,,,,,,,,,,,,,,,,,,,,,,,,,,,,,,,,,,,,,,,,,,,,,,,,,,,,,,,,,,,,,,,,,,,,,,,,,,,,,,,,,,,,,,,,,,,,,,,,,,,,,,,,,,,,,,,,,,,,,,,,,,,,,,,,,,,,,,,,,,,,,,,,,,,,,,,,,,,,,,,,,,,,,,,,,,,,,,,,,,,,,,,,,,,,,,,,,,,,,,,,,,,,,,,,,,,,,,,,,,,,,,,,,,,,,,,,,,,,,,,,,,,,,,,,,,,,,,,,,,,,,,,,,,,,,,,,,,,,,,,,,,,,,,,,,,,,,,,,,,,,,,,,,,,,,,,,,,,,,,,,,,,,,,,,,,,,,,,,,,,,,,,,,,,,,,,,,,,,,,,,,,,,,,,,,,,,,,,,,,,,,,,,,,,,,,,,,,,,,,,,,,,,,,,,,,,,,,,,,,,,,,,,,,,,,,,,,,,,,,,,,,,,,,,,,,,,,,,,,,,,,,,,,,,,,,,,,,,,,,,,,,,,,,,,,,,,,,,,,,,,,,,,,,,,,,,,,,,,,,,,,,,,,,,,,,,,,,,,,,,,,,,,,,,,,,,,,,,,,,,,,,,,,,,,,,,,,,,,,,,,,,,,,,,,,,,,,,,,,,,,,,,,,,,,,,,,,,,,,,,,,,,,,,,,,,,,,,,,,,,,,,,,,,,,,,,,,,,,,,,,,,,,,,,,,,,,,,,,,,,,,,,,,,,,,,,,,,,,,,,,,,,,,,,,,,,,,,,,,,,,,,,,,,,,,,,,,,,,,,,,,,,,,,,,,,,,,,,,,,,,,,,,,,,,,,,,,,,,,,,,,,,,,,,,,,,,,,,,,,,,,,,,,,,,,,,,,,,,,,,,,,,,,,,,,,,,,,,,,0,0,0,0,0,0,0,0,0,0,0,0,0,0,0,0,0
TX1012700,2021,Katy Police Department,Texas,25183,31,38,201,252,189,19,69,0,14,13,169,1,622,1,0,0,19,26,0,0,128,6,0,0,4,0,3,1,0,89,0,0,0,3,0,0,0,0,3,27,1,0,0,0,0,14,4,9,0,1,0,0,0,6,1,3,73,0,0,16,0,0,3,0,0,0,0,0,0,0,0,0,16,0,0,14,0,1,1,36,0,1,8,191,1,183,168,21,0,15,1,26,42,1,0,0,0,0,8,3,1,2,11,0,22,0,3,130,10,4,1,0,0,53,0,565,4,0,0,0,1,0,0,0,0,12,0,0,20,0,0,0,0,0,0,0,106,1,0,4,0,0,0,0,4,0,0,0,2,1,0,0,0,0,7,0,0,69,2,7,6,0,0,0,0,0,2,0,0,0,82,0,0,0,0,0,0,0,3,0,0,0,0,0,0,0,0,0,0,0,0,0,0,0,1,0,21,0,0,3,0,0,0,0,0,0,0,0,0,0,0,0,0,0,0,0,0,0,0,0,0,0,0,0,0,0,0,0,0,0,0,0,0,0,0,0,0,0,0,0,0,0,0,0,0,,0,0,0,0,0,0,0,0,0,0,0,,0,15,5,11,0,11,27,0,0,24,61,1,6,5,24,160,0,11,17,14,38,0,0,0,0,8,5,1,1,8,4,90,51,24,2,1,0,0,56,410,156,0,115,0,0,0,1,0,0,0,0,0,12,7,0,2,20,0,0,0,0,42,69,17,0,3,1,0,0,0,0,2,2,0,0,0,0,1,0,0,0,0,0,1,5,82,0,9,237,4,4,0,0,0,0,0,1,0,0,0,0,0,0,0,0,0,4,0,2,0,0,0,2,0,0,2,0,0,0,0,0,0,0,2,0,0,0,0,0,0,0,1,0,0,0,0,0,0,0,0,1,0,0,0,0,0,0,0,0,0,0,0,0,0,0,0,0,0,0,0,0,0,0,251,187,2,19,0,0,0,89,0,0,0,1,0,35,38,218,332,254,19,93,0,14,18,218,1,681,1,0,0,22,29,0,0,142,6,0,0,4,0,3,1,0,126,0,0,0,3,0,0,0,0,6,27,2,0,5,33,19,38,161,89,243,0,69,185,0,2,9,14,50,29,0,0,0,0,14,0,6,2,10,96,101,21,1,75,152,454,0,0,1,0,0,0,4,13,5,8,9,12,0,0,0,0,12,40,90,4,0,0,0,0,0,0,0,2,2,0,0,0,0,1,0,0,0,0,0,19,107,0,8,0,0,0,0,0,0,0,0,0,0,2,0,2,1,0,0,0,1,0,2,0,0,0,0,0,0,0,0,0,0,0,0,2,0,8,2,23,0,1,33,4,20,161,35,0,199,69,0,176,4,6,28,29,31,0,0,0,2,1,11,1,10,7,1,69,21,121,0,0,1,10,87,454,130,0,0,1,0,0,0,0,0,0,7,5,9,8,12,9,1,1,9,0,0,0,0,0,26,90,25,3,0,2,0,0,0,0,0,0,2,2,1,0,0,0,1,0,0,0,6,0,0,0,0,72,0,52,121,8,0,0,0,0,4,0,0,0,0,0,0,0,0,0,0,3,0,0,0,4,1,1,0,0,0,1,0,0,0,1,0,0,0,1,0,0,2,0,0,2,0,0,0,0,8,0,0,0,0,0,0,0,0,0,0,0,0,0,0,0,0,0,0,0,0,0,0,0,0,0,0,30,3,2,4,0,34,49,8,161,308,0,246,8,0,11,0,49,15,29,0,0,8,5,1,2,6,10,136,59,23,1,0,0,198,26,457,0,0,0,1,0,0,0,16,1,5,16,1,12,0,0,0,0,51,0,91,4,2,0,0,0,0,0,0,2,0,2,0,0,1,0,1,0,0,0,116,10,0,8,0,0,0,0,0,0,0,0,0,2,1,0,0,24,0,0,0,2,0,0,0,0,0,0,0,0,0,0,0,16,126,,1,0,90,159,,2,1,23,1,22,56,11,0,0,64,1,6,3,,0,0,5,1,0,0,62,0,0,4,0,0,0,19,0,0,0,0,0,0,0,0,0,0,0,0,14,15,111,,,1,0,0,20,70,44,115,,,1,1,1,0,21,0,1,13,9,18,38,2,9,2,0,0,0,0,0,50,2,1,4,2,,0,0,2,1,3,2,14,1,0,0,0,0,0,5,57,0,0,0,1,0,3,0,0,0,0,0,4,15,0,0,0,0,0,0,0,0,0,0,0,0,0,0,0,0,0,0,0,0,3,12,2,48,76,,,0,1,0,0,12,74,34,117,,,0,0,0,1,16,5,1,0,15,28,28,5,6,0,0,2,0,0,6,0,0,0,0,4,,,0,0,26,0,,2,1,,,0,0,4,2,0,2,3,36,0,,0,1,0,0,0,0,0,36,26,1,0,0,0,3,0,0,0,,0,1,0,0,0,0,0,0,0,1,0,0,0,11,8,0,0,0,0,0,0,0,0,0,0,,0,0,0,0,1,0,0,0,0,0,0,0,0,0,2,0,0,8,0,0,0,1,,0,0,0,0,0,0,0,0,0,0,0,0,,0,0,0,0,0,0,0,0,0,0,0,0,0,0,0,0,0,0,0,0,0,0,0,0,0,,0,0,0,1,,0,0,0,0,0,1,0,0,0,2,0,0,0,,0,0,0,0,0,0,1,0,0,0,73,,7,1,0,46,109,2,3,0,16,35,,44,1,20,0,6,43,5,3,0,39,0,,0,0,0,1,0,9,0,0,0,0,3,20,0,0,11,1,0,,53,2,49,1,1,0,0,5,18,0,0,6,1,0,0,0,0,0,0,0,,0,0,0,0,0,0,0,0,0,0,0,0,0,0,0,0,0,2,8,0,0,0,0,0,1,16,0,118,,1,0,0,90,156,3,,2,1,2,1,0,17,53,3,7,0,21,0,0,5,8,0,0,0,61,1,,5,3,4,,0,0,0,0,0,4,1,,0,0,0,0,0,0,0,58,4,0,0,0,3,1,0,0,0,,0,0,0,0,1,0,3,19,0,0,1,0,0,0,0,0,,,0,0,0,0,0,0,0,0,,0,0,0,0,0,0,0,0,0,0,0,0,0,0,0,14,2,120,3,,,1,0,0,0,89,0,153,5,,,1,1,1,0,23,1,0,19,3,54,1,11,0,0,0,0,0,62,1,6,2,,0,,0,5,0,1,0,0,0,0,61,0,0,0,3,1,0,2,0,0,0,3,0,0,1,,0,1,0,0,0,0,0,0,1,0,0,0,0,0,0,0,0,0,1,0,0,0,0,0,0,1,0,,0,0,0,0,0,0,,0,0,0,1,18,0,0,0,0,0,0,0,0,0,0,0,0,0,0,0,0,0,0,0,0,0,0,0,0,33,44,212,252,189,20,70,0,15,17,218,1,645,1,0,0,21,28,0,0,144,7,0,0,9,0,3,1,0,89,0,0,0,3,0,0,0,0,10,23,0,9,14,0,57,92,0,8,19,36,0,0,0,15,6,9,0,143,75,0,0,1,101,189,0,0,1,0,2,6,0,14,12,0,0,0,0,0,37,62,0,7,0,0,0,4,5,0,0,0,0,0,0,12,0,0,0,0,0,0,0,0,0,2,0,0,1,0,0,0,0,0,0,0,1,7,0,25,2,0,21,29,2,110,3,17,9,0,42,0,0,1,14,2,0,13,5,48,0,163,0,1,16,48,2,221,0,0,0,0,1,0,0,2,0,6,4,0,22,3,5,0,0,0,0,5,13,0,81,1,0,5,0,0,0,0,0,0,8,1,3,0,0,0,2,0,0,0,0,3,0,0,0,0,0,0,0,0,0,0,0,0,0,0,0,0,0,0,2,0,0,0,0,0,1,0,0,0,1,0,0,0,0,0,0,0,0,0,0,0,0,0,7,1,0,0,0,0,4,0,12,0,0,1,0,0,4,0,0,0,0,0,0,0,19,18,106,15,154,199,5,40,6,79,2,0,5,2,15,60,79,1,36,0,7,0,4,10,2,14,20,0,1,0,0,0,0,0,0,0,8,16,0,0,5,0,0,7,5,0,0,0,2,0,26,7,0,22,0,1,147,1,1,16,54,0,0,0,0,8,6,1,14,1,0,174,43,1,0,1,280,9,1,1,1,0,0,8,0,0,26,0,0,0,0,99,0,0,6,0,0,0,7,2,0,0,0,0,3,1,0,0,0,,0,1,0,0,0,3,0,0,0,0,0,0,0,0,0,0,0,0,8,7,4,11,2,13,87,131,0,1,0,7,0,9,18,0,3,0,0,0,0,0,0,0,0,0,,,9,7,9,5,3,20,132,0,1,24,0,0,0,0,1,2,8,4,0,0,0,1,1,13,49,19,83,28,39,1,0,0,261,0,0,1,2,13,0,0,77,4,2,1,0,0,0,1,0,0,6,2,0,0,5,10,4,0,0,0,0,0,0,4,0,1,2,0,7,3,2,0,8,0,0,3,0,1,20,0,21,0,0,0,1,5,2,0,1,0,0,19,0,0,2,0,0,0,2,0,0,0,0,0,0,0,0,1,0,0,0,5,0,0,12,0,1,0,0,0,0,0,0,0,0,1,,0,0,0,0,0,0,0,0,0,0,,0,0,0,0,0,0,0,0,0,0,0,0,0,0,0,0,0,0,,0,0,0,0,0,0,0,,0,,0,0,0,0,0,0,0,0,0,0,0,0,0,0,0,0,1,0,0,0,0,0,0,0,0,0,,0,0,0,0,0,0,0,0,23,0,0,0,0,0,0,0,0,0,0,0,0,,0,0,0,0,0,0,0,0,0,,0,,,0,0,0,0,0,0,0,0,0,0,0,0,0,0,0,,0,0,0,0,0,0,0,0,0,0,0,0,0,0,0,0,0,1,0,0,0,0,0,0,0,0,0,0,0,0,0,0,0,0,0,0,0,,0,0,0,0,0,0,0,0,0,0,0,0,0,0,0,0,0,0,0,0,0,0,0,0,0,0,0,,0,0,0,0,0,0,0,0,0,0,0,0,0,0,0,,0,0,,0,0,0,0,,,0,0,0,0,0,0,0,0,0,0,0,0,0,0,0,0,0,0,0,0,0,0,0,0,1,0,0,0,0,0,0,0,0,0,,0,0,0,0,0,,0,,0,0,0,0,,0,0,0,,0,0,0,0,,0,0,0,0,0,0,0,,,0,0,0,0,1,0,0,0,0,0,0,0,0,0,0,0,0,0,0,0,0,0,0,0,0,0,0,,,0,0,0,0,0,,0,0,0,0,0,0,0,0,0,,0,0,0,0,0,0,0,0,0,0,0,,,,,0,0,,0,0,0,0,0,0,0,0,0,0,0,0,0,0,0,0,,,,0,0,,0,0,0,0,0,0,,,0,,0,0,0,,0,,,,0,0,0,0,0,,,0,0,,0,0,0,,,0,,,,0,,0,,0,0,0,0,,,0,,,0,0,0,0,0,,0,0,0,0,0,0,0,0,0,0,0,0,0,0,0,0,0,0,0,0,0,0,0,0,0,0,0,0,0,0,0,0,0,0,0,0,0,0,0,0,0,0,0,0,0,0,0,0,0,0,0,0,,0,0,0,0,0,0,0,0,0,0,0,0,0,0,0,0,,0,0,0,0,0,0,0,0,0,0,0,0,0,0,0,0,0,0,0,0,0,0,0,0,0,0,0,0,0,0,0,0,0,0,0,0,0,0,0,0,0,0,0,0,0,0,0,0,0,0,0,0,0,0,0,0,0,0,0,0,0,0,0,0,0,0,0,0,0,0,0,0,0,0,0,0,0,0,0,0,0,0,0,0,0,0,0,0,0,0,0,0,0,0,0,0,0,0,0,0,0,0,0,0,0,0,0,0,0,0,0,0,0,0,0,0,0,0,0,0,0,0,0,0,0,0,0,0,0,0,0,,0,0,0,0,0,0,0,0,0,0,0,0,0,0,0,0,0,0,0,0,0,0,0,0,0,0,0,0,0,0,0,0,0,0,0,0,0,0,0,0,0,0,0,0,0,0,0,0,0,0,,0,0,0,0,0,0,0,0,0,0,0,0,0,,0,0,0,0,0,0,0,0,0,0,0,0,0,0,0,0,0,0,0,0,0,0,0,0,0,0,0,,0,,0,0,0,0,0,0,0,,0,,0,0,0,0,0,0,0,0,0,,0,0,,0,0,0,0,0,0,0,0,0,0,0,0,0,0,0,0,0,0,0,0,0,0,,,0,,,,,0,,0,0,0,0,0,0,0,0,0,0,0,0,0,0,0,0,0,0,0,0,0,0,0,0,0,0,0,0,0,0,0,0,0,0,0,0,0,0,0,0,0,0,0,0,0,0,0,0,0,0,0,0,0,0,0,0,0,0,0,0,0,0,0,0,0,0,0,0,0,0,0,0,0,0,0,0,0,0,0,0,0,0,0,0,0,0,0,0,0,0,0,0,0,0,0,0,0,0,0,0,0,0,0,0,0,0,0,0,0,0,0,0,0,0,0,0,0,0,0,0,0,0,0,0,0,0,0,0,0,,,,,,,,,,,,,,,,,,,,,,,,,,,,,,,,,,,,,,,,,,,,,,,,,,,,,,,,,,,,,,,,,,,,,,,,,,,,,,,,,,,,,,,,,,,,,,,,,,,,,,,,,,,,,,,,,,,,,,,,,,,,,,,,,,,,,,,,,,,,,,,,,,,,,,,,,,,,,,,,,,,,,,,,,,,,,,,,,,,,,,,,,,,,,,,,,,,,,,,,,,,,,,,,,,,,,,,,,,,,,,,,,,,,,,,,,,,,,,,,,,,,,,,,,,,,,,,,,,,,,,,,,,,,,,,,,,,,,,,,,,,,,,,,,,,,,,,,,,,,,,,,,,,,,,,,,,,,,,,,,,,,,,,,,,,,,,,,,,,,,,,,,,,,,,,,,,,,,,,,,,,,,,,,,,,,,,,,,,,,,,,,,,,,,,,,,,,,,,,,,,,,,,,,,,,,,,,,,,,,,,,,,,,,,,,,,,,,,,,,,,,,,,,,,,,,,,,,,,,,,,,,,,,,,,,,,,,,,,,,,,,,,,,,,,,,,,,,,,,,,,,,,,,,,,,,,,,,,,,,,,,,,,,,,,,,,,,,,,,,,,,,,,,,,,,,,,,,,,,,,,,,,,,,,,,,,,,,,,,,,,,,,,,,,,,,,,,,,,,,,,,,,,,,,,,,,,,,,,,,,,,,,,,,,,,,,,,,,,,,,,,,,,,,,,,,,,,,,,,,,,,,,,,,,,,,,,,,,,,,,,,,,,,,,,,,,,,,,,,,,,,,,,,,,,,,,,,,,,,,,,,,,,,,,,,,,,,,,,,,,,,,,,,,,,,,,,,,,,,,,,,,,,,,,,,,,,,,,,,,,,,,,,,,,,,,,,,,,,,,,,,,,,,,,,,,,,,,,,,,,,,,,,,,,,,,,,,,,,,,,,,,,,,,,,,,,,,,,,,,,,,,,,,,,,,,,,,,,,,,,,,,,,,,,,,,,,,,,,,,,,,,,,,,,,,,,,,,,,,,,,,,,,,,,,,,,,,,,,,,,,,,,,,,,,,,,,,,,,,,,,,,,,,,,,,,,,,,,,,,,,,,,,,,,,,,,,,,,,,,,,,,,,,,,,,,,,,,,,,,,,,,,,,,,,,,,,,,,,,,,,,,,,,,,,,,,,,,,,,,,,,,,,,,,,,,,,,,,,,,,,,,,,,,,,,,,,,,,,,,,,,,,,,,,,,,,,,,,,,,,,,,,,,,,,,,,,,,,,,,,,,,,,,,,,,,,,,,,,,,,,,,,,,,,,,,,,,,,,,,,,,,,,,,,,,,,,,,,,,,,,,,,,,,,,,,,,,,,,,,,,,,,,,,,,,,,,,,,,,,,,,,0,0,0,0,0,0,0,0,0,0,0,0,0,0,0,0,0
TX1012700,1999,Katy Police Department,Texas,10947,,,,,,,,,,,,,,,,,,,,,,,,,,,,,,,,,,,,,,,,,,,,,,,,,,,,,,,,,,,,,,,,,,,,,,,,,,,,,,,,,,,,,,,,,,,,,,,,,,,,,,,,,,,,,,,,,,,,,,,,,,,,,,,,,,,,,,,,,,,,,,,,,,,,,,,,,,,,,,,,,,,,,,,,,,,,,,,,,,,,,,,,,,,,,,,,,,,,,,,,,,,,,,,,,,,,,,,,,,,,,,,,,,,,,,,,,,,,,,,,,,,,,,,,,,,,,,,,,,,,,,,,,,,,,,,,,,,,,,,,,,,,,,,,,,,,,,,,,,,,,,,,,,,,,,,,,,,,,,,,,,,,,,,,,,,,,,,,,,,,,,,,,,,,,,,,,,,,,,,,,,,,,,,,,,,,,,,,,,,,,,,,,,,,,,,,,,,,,,,,,,,,,,,,,,,,,,,,,,,,,,,,,,,,,,,,,,,,,,,,,,,,,,,,,,,,,,,,,,,,,,,,,,,,,,,,,,,,,,,,,,,,,,,,,,,,,,,,,,,,,,,,,,,,,,,,,,,,,,,,,,,,,,,,,,,,,,,,,,,,,,,,,,,,,,,,,,,,,,,,,,,,,,,,,,,,,,,,,,,,,,,,,,,,,,,,,,,,,,,,,,,,,,,,,,,,,,,,,,,,,,,,,,,,,,,,,,,,,,,,,,,,,,,,,,,,,,,,,,,,,,,,,,,,,,,,,,,,,,,,,,,,,,,,,,,,,,,,,,,,,,,,,,,,,,,,,,,,,,,,,,,,,,,,,,,,,,,,,,,,,,,,,,,,,,,,,,,,,,,,,,,,,,,,,,,,,,,,,,,,,,,,,,,,,,,,,,,,,,,,,,,,,,,,,,,,,,,,,,,,,,,,,,,,,,,,,,,,,,,,,,,,,,,,,,,,,,,,,,,,,,,,,,,,,,,,,,,,,,,,,,,,,,,,,,,,,,,,,,,,,,,,,,,,,,,,,,,,,,,,,,,,,,,,,,,,,,,,,,,,,,,,,,,,,,,,,,,,,,,,,,,,,,,,,,,,,,,,,,,,,,,,,,,,,,,,,,,,,,,,,,,,,,,,,,,,,,,,,,,,,,,,,,,,,,,,,,,,,,,,,,,,,,,,,,,,,,,,,,,,,,,,,,,,,,,,,,,,,,,,,,,,,,,,,,,,,,,,,,,,,,,,,,,,,,,,,,,,,,,,,,,,,,,,,,,,,,,,,,,,,,,,,,,,,,,,,,,,,,,,,,,,,,,,,,,,,,,,,,,,,,,,,,,,,,,,,,,,,,,,,,,,,,,,,,,,,,,,,,,,,,,,,,,,,,,,,,,,,,,,,,,,,,,,,,,,,,,,,,,,,,,,,,,,,,,,,,,,,,,,,,,,,,,,,,,,,,,,,,,,,,,,,,,,,,,,,,,,,,,,,,,,,,,,,,,,,,,,,,,,,,,,,,,,,,,,,,,,,,,,,,,,,,,,,,,,,,,,,,,,,,,,,,,,,,,,,,,,,,,,,,,,,,,,,,,,,,,,,,,,,,,,,,,,,,,,,,,,,,,,,,,,,,,,,,,,,,,,,,,,,,,,,,,,,,,,,,,,,,,,,,,,,,,,,,,,,,,,,,,,,,,,,,,,,,,,,,,,,,,,,,,,,,,,,,,,,,,,,,,,,,,,,,,,,,,,,,,,,,,,,,,,,,,,,,,,,,,,,,,,,,,,,,,,,,,,,,,,,,,,,,,,,,,,,,,,,,,,,,,,,,,,,,,,,,,,,,,,,,,,,,,,,,,,,,,,,,,,,,,,,,,,,,,,,,,,,,,,,,,,,,,,,,,,,,,,,,,,,,,,,,,,,,,,,,,,,,,,,,,,,,,,,,,,,,,,,,,,,,,,,,,,,,,,,,,,,,,,,,,,,,,,,,,,,,,,,,,,,,,,,,,,,,,,,,,,,,,,,,,,,,,,,,,,,,,,,,,,,,,,,,,,,,,,,,,,,,,,,,,,,,,,,,,,,,,,,,,,,,,,,,,,,,,,,,,,,,,,,,,,,,,,,,,,,,,,,,,,,,,,,,,,,,,,,,,,,,,,,,,,,,,,,,,,,,,,,,,,,,,,,,,,,,,,,,,,,,,,,,,,,,,,,,,,,,,,,,,,,,,,,,,,,,,,,,,,,,,,,,,,,,,,,,,,,,,,,,,,,,,,,,,,,,,,,,,,,,,,,,,,,,,,,,,,,,,,,,,,,,,,,,,,,,,,,,,,,,,,,,,,,,,,,,,,,,,,,,,,,,,,,,,,,,,,,,,,,,,,,,,,,,,0,,,,,,,,,,,,,,,,,,,,,,,,,,,,,,,,,,,,,,,,,,,,,,,,,,,,,,,,,,,,,,,,,,,,,,,,,,,,,,,,,,,,,,,,,,,,,,,,,,,,,,,,,,,,,,,,,,,,,,,,,,,,,,,,,,,,,,,,,,,,,,,,,,,,,,,,,,,,,,,,,,,,,,,,,,,,,,,,,,,,,,,,,,,,,,,,,,,,,,,,,,,,,,,,,,,,,,,,,,,,,,,,,,,,,,,,,,,,,,,,,,,,,,,,,,,,,,,,,,,,,,,,,,,,,,,,,,,,,,,,,,,,,,,,,,,,,,,,,,,,,,,,,,,,,,,,,,,,,,,,,,,,,,,,,,,,,,,,,,,,,,,,,,,,,,,,,,,,,,,,,,,,,,,,,,,,,,,,,,,,,,,,,,,,,,,,,,,,,,,,,,,,,,,,,,,,,,,,,,,,,,,,,,,,,,,,,,,,,,,,,,,,,,,,,,,,,,,,,,,,,,,,,,,,,,,,,,,,,,,,,,,,,,,,,,,,,,,,,,,,,,,,,,,,,,,,,,,,,,,,,,,,,,,,,,,,,,,,,,,,,,,,,,,,,,,,,,,,,,,,,,,,,,,,,,,,,,,,,,,,,,,,,,,,,,,,,,,,,,,,,,,,,,,,,,,,,,,,,,,,,,,,,,,,,,,,,,,,,,,,,,,,,,,,,,,,,,,,,,,,,,,,,,,,,,,,,,,,,,,,,,,,,,,,,,,,,,,,,,,,,,,,,,0,,,,,0,,,,,,,,,,,,,,,,,,,,,,,,,,,,,,,,,,,,,,,,,,,,,,,,,,,,,,,,,,,,,,,,,,,,,,,,,,,,,,,,,,,,,,,,,,0,,,,,,,,,,,,,,,,,,,,,,16,11,8,6,10,15,0,25,2,87,0,24,4,2,1,0,23,8,16,14,8,24,8,4,8,6,1,0,0,5,5,0,0,0,0,0,0,0,0,0,0,0,10520,218,693,786,1259,3679,0,1075,1301,486,0,757,270,15,1298,0,1388,705,504,310,1783,0,527,0,133,720,8133,0,0,3131,2963,0,0,0,0,0,0,0,0,0,0,0,7320,153,40,528,813,573,0,325,1301,179,0,407,130,15,1298,0,569,366,136,305,1545,0,138,0,81,496,8133,0,0,3253,1627,0,0,0,0,0,0,0,0,0,0,0,36,0,0,2,0,0,0,37,0,0,0,0,0,16,0,0,4,0,2,1,0,0,0,0,6,9,1,3,0,0,6,0,0,0,0,0,0,0,0,0,0,0,555,0,0,81,0,0,0,382,0,0,0,0,0,2710,0,0,559,0,142,163,0,0,0,0,1607,217,325,6260,0,0,1313,0,0,0,0,0,0,0,0,0,0,0,366,0,0,81,0,0,0,163,0,0,0,0,0,325,0,0,224,0,142,163,0,0,0,0,244,211,325,2188,0,0,224,0,0,0,0,0,0,0,0,0,0,0,11,4,2,1,0,5,3,0,6,2,0,0,0,1,2,0,3,3,0,0,1,1,0,0,0,0,1,0,0,0,0,0,0,0,0,0,0,0,11014,107,14,325,0,1346,490,0,384,552,0,0,0,2603,317,0,271,941,0,0,4880,0,0,0,0,0,16,0,0,0,0,0,0,0,0,0,0,0,4880,127,14,325,0,234,325,0,261,552,0,0,0,2603,317,0,244,150,0,0,4880,0,0,0,0,0,16,0,0,0,0,0,0,0,0,0,0,0,1,75,0,29,0,0,7,0,3,2,0,0,0,3,0,0,0,0,0,1,0,0,0,0,0,0,0,0,0,0,5,0,0,53,0,0,12,0,702,1297,0,0,0,0,0,0,0,0,0,813,0,0,0,0,0,0,0,0,0,0,5,0,0,5,0,0,11,0,1013,1297,0,0,0,0,0,0,0,0,0,813,0,0,0,0,0,0,0,0,0,0,0,1,2,0,0,0,0,0,0,3,1,2,,0,0,0,0,0,0,0,0,,0,,0,0,0,,0,81,699,0,0,0,0,0,0,2187,0,0,,0,0,0,0,0,0,0,0,,0,,0,0,0,,0,81,699,0,0,0,0,0,0,1586,0,0,,0,0,0,0,0,0,0,0,,0,,0,0,0,,0,0,3,0,1,0,0,0,0,0,0,0,0,0,0,0,0,0,0,0,0,0,0,0,0,0,0,0,0,0,,,0,0,1827,0,8,0,0,0,0,0,0,0,0,0,0,0,0,0,0,0,0,0,0,0,0,0,0,0,0,0,,,0,0,325,0,8,0,0,0,0,0,0,0,0,0,0,0,0,0,0,0,0,0,0,0,0,0,0,0,0,0,,,1,12,57,0,1,1,0,9,2,2,1,0,1,0,1,0,0,0,0,0,0,0,0,0,0,0,0,0,0,0,0,0,0,0,0,0,0,0,0,0,0,0,0,,0,0,,0,0,,0,0,0,0,,0,0,0,,0,0,0,,0,1,,0,0,,0,0,,0,0,0,0,0,0,0,0,0,0,0,0,0,0,0,0,0,,,,0,0,0,,0,,0,,0,,,,0,0,0,0,0,0,0,0,0,0,0,0,0,1,0,0,8509,0,0,8509,0,,,,,,,,,,,,,,,,,,,,,,,,,,,,,,,,,,,,,,,,,,,,,,,,,,,,,,,,,,,,,,,,,,,,,,,,,,,,,,,,,,,,,,,,,,,,,,,,,,,,,,,,,,,,,,,,,,,,,,,,,,,,,,,,,,,,,,,,,,,,,,,,,,,,,,,,,,,,,,,,,,,,,,,,,,,,,,,,,,,,,,,,,,,,,,,,,,,,,,,,,,,,,,,,,,,,,,,,,,,,,,,,,,,,,,,,,,,,,,,,,,,,,,,,,,,,,,,,,,,,,,,,,,,,,,,,,,,,,,,,,,,,,,,,,,,,,,,,,,,,,,,,,,,,,,,,,,,,,,,,,,,,,,,,,,,,,,,,,,,,,,,,,,,,,,,,,,,,,,,,,,,,,,,,,,,,,,,,,,,,,,,,,,,,,,,,,,,,,,,,,,,,,,,,,,,,,,,,,,,,,,,,,,,,,,,,,,,,,,,,,,,,,,,,,,,,,,,,,,,,,,,,,,,,,,,,,,,,,,,,,,,0,0,0,0,0,0,0,0,0,0,0,0,0,0,0,0,0
TX1012700,2000,Katy Police Department,Texas,0,,,,,,,,,,,,,,,,,,,,,,,,,,,,,,,,,,,,,,,,,,,,,,,,,,,,,,,,,,,,,,,,,,,,,,,,,,,,,,,,,,,,,,,,,,,,,,,,,,,,,,,,,,,,,,,,,,,,,,,,,,,,,,,,,,,,,,,,,,,,,,,,,,,,,,,,,,,,,,,,,,,,,,,,,,,,,,,,,,,,,,,,,,,,,,,,,,,,,,,,,,,,,,,,,,,,,,,,,,,,,,,,,,,,,,,,,,,,,,,,,,,,,,,,,,,,,,,,,,,,,,,,,,,,,,,,,,,,,,,,,,,,,,,,,,,,,,,,,,,,,,,,,,,,,,,,,,,,,,,,,,,,,,,,,,,,,,,,,,,,,,,,,,,,,,,,,,,,,,,,,,,,,,,,,,,,,,,,,,,,,,,,,,,,,,,,,,,,,,,,,,,,,,,,,,,,,,,,,,,,,,,,,,,,,,,,,,,,,,,,,,,,,,,,,,,,,,,,,,,,,,,,,,,,,,,,,,,,,,,,,,,,,,,,,,,,,,,,,,,,,,,,,,,,,,,,,,,,,,,,,,,,,,,,,,,,,,,,,,,,,,,,,,,,,,,,,,,,,,,,,,,,,,,,,,,,,,,,,,,,,,,,,,,,,,,,,,,,,,,,,,,,,,,,,,,,,,,,,,,,,,,,,,,,,,,,,,,,,,,,,,,,,,,,,,,,,,,,,,,,,,,,,,,,,,,,,,,,,,,,,,,,,,,,,,,,,,,,,,,,,,,,,,,,,,,,,,,,,,,,,,,,,,,,,,,,,,,,,,,,,,,,,,,,,,,,,,,,,,,,,,,,,,,,,,,,,,,,,,,,,,,,,,,,,,,,,,,,,,,,,,,,,,,,,,,,,,,,,,,,,,,,,,,,,,,,,,,,,,,,,,,,,,,,,,,,,,,,,,,,,,,,,,,,,,,,,,,,,,,,,,,,,,,,,,,,,,,,,,,,,,,,,,,,,,,,,,,,,,,,,,,,,,,,,,,,,,,,,,,,,,,,,,,,,,,,,,,,,,,,,,,,,,,,,,,,,,,,,,,,,,,,,,,,,,,,,,,,,,,,,,,,,,,,,,,,,,,,,,,,,,,,,,,,,,,,,,,,,,,,,,,,,,,,,,,,,,,,,,,,,,,,,,,,,,,,,,,,,,,,,,,,,,,,,,,,,,,,,,,,,,,,,,,,,,,,,,,,,,,,,,,,,,,,,,,,,,,,,,,,,,,,,,,,,,,,,,,,,,,,,,,,,,,,,,,,,,,,,,,,,,,,,,,,,,,,,,,,,,,,,,,,,,,,,,,,,,,,,,,,,,,,,,,,,,,,,,,,,,,,,,,,,,,,,,,,,,,,,,,,,,,,,,,,,,,,,,,,,,,,,,,,,,,,,,,,,,,,,,,,,,,,,,,,,,,,,,,,,,,,,,,,,,,,,,,,,,,,,,,,,,,,,,,,,,,,,,,,,,,,,,,,,,,,,,,,,,,,,,,,,,,,,,,,,,,,,,,,,,,,,,,,,,,,,,,,,,,,,,,,,,,,,,,,,,,,,,,,,,,,,,,,,,,,,,,,,,,,,,,,,,,,,,,,,,,,,,,,,,,,,,,,,,,,,,,,,,,,,,,,,,,,,,,,,,,,,,,,,,,,,,,,,,,,,,,,,,,,,,,,,,,,,,,,,,,,,,,,,,,,,,,,,,,,,,,,,,,,,,,,,,,,,,,,,,,,,,,,,,,,,,,,,,,,,,,,,,,,,,,,,,,,,,,,,,,,,,,,,,,,,,,,,,,,,,,,,,,,,,,,,,,,,,,,,,,,,,,,,,,,,,,,,,,,,,,,,,,,,,,,,,,,,,,,,,,,,,,,,,,,,,,,,,,,,,,,,,,,,,,,,,,,,,,,,,,,,,,,,,,,,,,,,,,,,,,,,,,,,,,,,,,,,,,,,,,,,,,,,,,,,,,,,,,,,,,,,,,,,,,,,,,,,,,,,,,,,,,,,,,,,,,,,,,,,,,,,,,,,,,,,,,,,,,,,,,,,,,,,,,,,,,,,,,,,,,,,,,,,,,,,,,,,,,,,,,,,,,,,,,,,,,,,,,,,,,,,,,,,,,,,,,,,,,,,,,,,,,,,,,,,,,,,,,,,,,,,,,,,,,,,,,,,,,,,,,,,,,,,,,,,,,,,,,,,,,,,,,,,,,,,,,,,,,,,,,,,,,,,,,,,,,,,,,,,,,,,,,,,,,,,,,,,,,,,,,,,,,,,,,,,,,,,,,,,,,,,,,,,,,,,,,,,,,,,,,,,,,,,,,,,,,0,,,,,,,,,,,,,,,,,,,,,,,,,,,,,,,,,,,,,,,,,,,,,,,,,,,,,,,,,,,,,,,,,,,,,,,,,,,,,,,,,,,,,,,,,,,,,,,,,,,,,,,,,,,,,,,,,,,,,,,,,,,,,,,,,,,,,,,,,,,,,,,,,,,,,,,,,,,,,,,,,,,,,,,,,,,,,,,,,,,,,,,,,,,,,,,,,,,,,,,,,,,,,,,,,,,,,,,,,,,,,,,,,,,,,,,,,,,,,,,,,,,,,,,,,,,,,,,,,,,,,,,,,,,,,,,,,,,,,,,,,,,,,,,,,,,,,,,,,,,,,,,,,,,,,,,,,,,,,,,,,,,,,,,,,,,,,,,,,,,,,,,,,,,,,,,,,,,,,,,,,,,,,,,,,,,,,,,,,,,,,,,,,,,,,,,,,,,,,,,,,,,,,,,,,,,,,,,,,,,,,,,,,,,,,,,,,,,,,,,,,,,,,,,,,,,,,,,,,,,,,,,,,,,,,,,,,,,,,,,,,,,,,,,,,,,,,,,,,,,,,,,,,,,,,,,,,,,,,,,,,,,,,,,,,,,,,,,,,,,,,,,,,,,,,,,,,,,,,,,,,,,,,,,,,,,,,,,,,,,,,,,,,,,,,,,,,,,,,,,,,,,,,,,,,,,,,,,,,,,,,,,,,,,,,,,,,,,,,,,,,,,,,,,,,,,,,,,,,,,,,,,,,,,,,,,,,,,,,,,,,,,,,,,,,,,,,,,,,,,,,,,,,,0,,,,,0,,,,,,,,,,,,,,,,,,,,,,,,,,,,,,,,,,,,,,,,,,,,,,,,,,,,,,,,,,,,,,,,,,,,,,,,,,,,,,,,,,,,,,,,,,0,,,,,,,,,,,,,,,,,,,,,,25,80,13,4,11,40,0,62,2,102,0,36,0,2,1,1,15,12,40,12,7,33,11,5,28,20,0,0,3,4,8,0,0,0,0,0,0,0,0,0,0,0,12891,664,228,445,1157,2820,0,1163,39498,605,0,644,0,14,4721,2360,2464,877,982,296,1564,0,1410,0,217,1059,0,0,68190,9715,7422,0,0,0,0,0,0,0,0,0,0,0,12589,253,71,417,1073,307,0,472,39498,173,0,472,0,14,4721,2360,472,433,77,228,944,0,795,0,43,472,0,0,39341,4878,6688,0,0,0,0,0,0,0,0,0,0,0,54,1,0,2,0,0,2,39,1,0,0,0,0,13,0,0,13,1,3,0,1,0,0,0,12,14,0,0,0,0,5,0,0,0,0,0,0,0,0,0,0,0,1672,116,0,2537,0,0,157,432,16,0,0,0,0,695,0,0,403,157,766,0,16,0,0,0,373,444,0,0,0,0,277,0,0,0,0,0,0,0,0,0,0,0,472,116,0,2537,0,0,157,205,16,0,0,0,0,157,0,0,315,157,865,0,16,0,0,0,236,425,0,0,0,0,315,0,0,0,0,0,0,0,0,0,0,0,9,52,2,0,2,16,7,0,13,4,0,0,0,0,0,1,2,25,5,0,0,1,3,1,2,1,3,0,2,0,0,0,0,0,0,0,0,0,8882,630,199,0,1087,611,1759,0,378,336,0,0,0,0,0,11,629,370,922,0,0,0,2260,4721,238,0,89,0,86549,0,0,0,0,0,0,0,0,0,7081,199,199,0,1087,29,220,0,110,294,0,0,0,0,0,11,629,46,244,0,0,0,425,4721,238,0,61,0,86549,0,0,0,0,0,0,0,0,0,2,83,1,34,0,0,8,0,3,1,0,0,0,1,1,0,0,0,0,3,0,0,0,0,0,0,0,0,0,0,116,0,236,13,0,0,9,0,760,1161,0,0,0,0,77,0,0,0,0,572,0,0,0,0,0,0,0,0,0,0,116,0,236,9,0,0,8,0,219,1161,0,0,0,0,77,0,0,0,0,236,0,0,0,0,0,0,0,0,0,0,0,10,1,0,0,0,0,0,0,27,0,3,0,0,0,0,0,0,0,0,0,,,0,0,0,0,0,0,132,0,0,0,0,0,0,0,1836,0,0,0,0,0,0,0,0,0,0,0,,,0,0,0,0,0,0,157,0,0,0,0,0,0,0,743,0,0,0,0,0,0,0,0,0,0,0,,,0,0,0,0,0,0,0,0,1,0,0,0,0,0,0,0,0,0,0,0,0,0,0,0,0,0,0,0,0,0,0,0,0,0,0,0,0,0,0,0,31473,0,0,0,0,0,0,0,0,0,0,0,0,0,0,0,0,0,0,0,0,0,0,0,0,0,0,0,0,0,0,0,31473,0,0,0,0,0,0,0,0,0,0,0,0,0,0,0,0,0,0,0,0,0,0,0,0,0,0,0,0,2,11,59,0,3,0,2,10,2,1,1,2,0,0,1,0,0,0,,0,,0,0,,0,,0,0,,0,,0,0,0,0,0,0,0,0,0,0,0,0,0,,0,0,,0,0,,0,0,0,0,0,0,0,0,0,0,0,0,0,0,,0,0,,0,0,,0,0,0,0,0,0,0,0,0,0,0,0,0,0,0,0,0,,,,0,0,0,0,0,0,0,0,0,0,0,0,0,0,0,0,0,0,0,0,0,,,,,0,0,,0,0,,0,0,0,0,0,,,,,,,,,,,,,,,,,,,,,,,,,,,,,,,,,,,,,,,,,,,,,,,,,,,,,,,,,,,,,,,,,,,,,,,,,,,,,,,,,,,,,,,,,,,,,,,,,,,,,,,,,,,,,,,,,,,,,,,,,,,,,,,,,,,,,,,,,,,,,,,,,,,,,,,,,,,,,,,,,,,,,,,,,,,,,,,,,,,,,,,,,,,,,,,,,,,,,,,,,,,,,,,,,,,,,,,,,,,,,,,,,,,,,,,,,,,,,,,,,,,,,,,,,,,,,,,,,,,,,,,,,,,,,,,,,,,,,,,,,,,,,,,,,,,,,,,,,,,,,,,,,,,,,,,,,,,,,,,,,,,,,,,,,,,,,,,,,,,,,,,,,,,,,,,,,,,,,,,,,,,,,,,,,,,,,,,,,,,,,,,,,,,,,,,,,,,,,,,,,,,,,,,,,,,,,,,,,,,,,,,,,,,,,,,,,,,,,,,,,,,,,,,,,,,,,,,,,,,,,,,,,,,,,,,,,,,,,,,,0,0,0,0,0,0,0,0,0,0,0,0,0,0,0,0,0
TX1012700,2001,Katy Police Department,Texas,12042,,,,,,,,,,,,,,,,,,,,,,,,,,,,,,,,,,,,,,,,,,,,,,,,,,,,,,,,,,,,,,,,,,,,,,,,,,,,,,,,,,,,,,,,,,,,,,,,,,,,,,,,,,,,,,,,,,,,,,,,,,,,,,,,,,,,,,,,,,,,,,,,,,,,,,,,,,,,,,,,,,,,,,,,,,,,,,,,,,,,,,,,,,,,,,,,,,,,,,,,,,,,,,,,,,,,,,,,,,,,,,,,,,,,,,,,,,,,,,,,,,,,,,,,,,,,,,,,,,,,,,,,,,,,,,,,,,,,,,,,,,,,,,,,,,,,,,,,,,,,,,,,,,,,,,,,,,,,,,,,,,,,,,,,,,,,,,,,,,,,,,,,,,,,,,,,,,,,,,,,,,,,,,,,,,,,,,,,,,,,,,,,,,,,,,,,,,,,,,,,,,,,,,,,,,,,,,,,,,,,,,,,,,,,,,,,,,,,,,,,,,,,,,,,,,,,,,,,,,,,,,,,,,,,,,,,,,,,,,,,,,,,,,,,,,,,,,,,,,,,,,,,,,,,,,,,,,,,,,,,,,,,,,,,,,,,,,,,,,,,,,,,,,,,,,,,,,,,,,,,,,,,,,,,,,,,,,,,,,,,,,,,,,,,,,,,,,,,,,,,,,,,,,,,,,,,,,,,,,,,,,,,,,,,,,,,,,,,,,,,,,,,,,,,,,,,,,,,,,,,,,,,,,,,,,,,,,,,,,,,,,,,,,,,,,,,,,,,,,,,,,,,,,,,,,,,,,,,,,,,,,,,,,,,,,,,,,,,,,,,,,,,,,,,,,,,,,,,,,,,,,,,,,,,,,,,,,,,,,,,,,,,,,,,,,,,,,,,,,,,,,,,,,,,,,,,,,,,,,,,,,,,,,,,,,,,,,,,,,,,,,,,,,,,,,,,,,,,,,,,,,,,,,,,,,,,,,,,,,,,,,,,,,,,,,,,,,,,,,,,,,,,,,,,,,,,,,,,,,,,,,,,,,,,,,,,,,,,,,,,,,,,,,,,,,,,,,,,,,,,,,,,,,,,,,,,,,,,,,,,,,,,,,,,,,,,,,,,,,,,,,,,,,,,,,,,,,,,,,,,,,,,,,,,,,,,,,,,,,,,,,,,,,,,,,,,,,,,,,,,,,,,,,,,,,,,,,,,,,,,,,,,,,,,,,,,,,,,,,,,,,,,,,,,,,,,,,,,,,,,,,,,,,,,,,,,,,,,,,,,,,,,,,,,,,,,,,,,,,,,,,,,,,,,,,,,,,,,,,,,,,,,,,,,,,,,,,,,,,,,,,,,,,,,,,,,,,,,,,,,,,,,,,,,,,,,,,,,,,,,,,,,,,,,,,,,,,,,,,,,,,,,,,,,,,,,,,,,,,,,,,,,,,,,,,,,,,,,,,,,,,,,,,,,,,,,,,,,,,,,,,,,,,,,,,,,,,,,,,,,,,,,,,,,,,,,,,,,,,,,,,,,,,,,,,,,,,,,,,,,,,,,,,,,,,,,,,,,,,,,,,,,,,,,,,,,,,,,,,,,,,,,,,,,,,,,,,,,,,,,,,,,,,,,,,,,,,,,,,,,,,,,,,,,,,,,,,,,,,,,,,,,,,,,,,,,,,,,,,,,,,,,,,,,,,,,,,,,,,,,,,,,,,,,,,,,,,,,,,,,,,,,,,,,,,,,,,,,,,,,,,,,,,,,,,,,,,,,,,,,,,,,,,,,,,,,,,,,,,,,,,,,,,,,,,,,,,,,,,,,,,,,,,,,,,,,,,,,,,,,,,,,,,,,,,,,,,,,,,,,,,,,,,,,,,,,,,,,,,,,,,,,,,,,,,,,,,,,,,,,,,,,,,,,,,,,,,,,,,,,,,,,,,,,,,,,,,,,,,,,,,,,,,,,,,,,,,,,,,,,,,,,,,,,,,,,,,,,,,,,,,,,,,,,,,,,,,,,,,,,,,,,,,,,,,,,,,,,,,,,,,,,,,,,,,,,,,,,,,,,,,,,,,,,,,,,,,,,,,,,,,,,,,,,,,,,,,,,,,,,,,,,,,,,,,,,,,,,,,,,,,,,,,,,,,,,,,,,,,,,,,,,,,,,,,,,,,,,,,,,,,,,,,,,,,,,,,,,,,,,,,,,,,,,,,,,,,,,,,,,,,,,,,,,,,,,,,,,,,,,,,,,,,,,,,,,,,,,,,,,,,,,,,,,,,,,,,,,,,,,,,,,,,,,,,,,,,,,,,,,,,,,,,,,,,,,,,,,,,,,,,,,,,,,,,,,,,,,,,,,,,,,,,,,,,,,,,,,,,,,,,,0,,,,,,,,,,,,,,,,,,,,,,,,,,,,,,,,,,,,,,,,,,,,,,,,,,,,,,,,,,,,,,,,,,,,,,,,,,,,,,,,,,,,,,,,,,,,,,,,,,,,,,,,,,,,,,,,,,,,,,,,,,,,,,,,,,,,,,,,,,,,,,,,,,,,,,,,,,,,,,,,,,,,,,,,,,,,,,,,,,,,,,,,,,,,,,,,,,,,,,,,,,,,,,,,,,,,,,,,,,,,,,,,,,,,,,,,,,,,,,,,,,,,,,,,,,,,,,,,,,,,,,,,,,,,,,,,,,,,,,,,,,,,,,,,,,,,,,,,,,,,,,,,,,,,,,,,,,,,,,,,,,,,,,,,,,,,,,,,,,,,,,,,,,,,,,,,,,,,,,,,,,,,,,,,,,,,,,,,,,,,,,,,,,,,,,,,,,,,,,,,,,,,,,,,,,,,,,,,,,,,,,,,,,,,,,,,,,,,,,,,,,,,,,,,,,,,,,,,,,,,,,,,,,,,,,,,,,,,,,,,,,,,,,,,,,,,,,,,,,,,,,,,,,,,,,,,,,,,,,,,,,,,,,,,,,,,,,,,,,,,,,,,,,,,,,,,,,,,,,,,,,,,,,,,,,,,,,,,,,,,,,,,,,,,,,,,,,,,,,,,,,,,,,,,,,,,,,,,,,,,,,,,,,,,,,,,,,,,,,,,,,,,,,,,,,,,,,,,,,,,,,,,,,,,,,,,,,,,,,,,,,,,,,,,,,,,,,,,,,,,,,,,,,0,,,,,0,,,,,,,,,,,,,,,,,,,,,,,,,,,,,,,,,,,,,,,,,,,,,,,,,,,,,,,,,,,,,,,,,,,,,,,,,,,,,,,,,,,,,,,,,,0,,,,,,,,,,,,,,,,,,,,,,37,95,23,8,9,36,0,71,2,148,0,33,3,6,0,1,16,13,96,8,11,41,20,6,34,16,0,1,5,2,7,0,0,4,0,0,0,1,0,0,0,0,18747,495,91,1035,741,2064,0,3368,65,749,0,639,752,88,0,30610,2674,1131,197,429,2714,0,1201,0,96,205,0,31,44701,2602,8518,0,0,241,0,0,0,2965,0,0,0,0,12244,145,28,505,306,30,0,357,65,107,0,481,37,38,0,30610,643,842,61,383,2908,0,663,0,46,137,0,31,22958,2602,5357,0,0,172,0,0,0,2965,0,0,0,0,70,0,1,2,0,0,0,67,1,0,0,0,0,6,2,0,7,2,3,1,1,0,0,0,15,21,0,1,1,0,5,0,0,0,0,0,0,0,0,0,0,0,2805,0,0,1741,0,0,0,496,383,0,0,0,0,765,38,0,1092,3176,347,31,153,0,0,0,1037,397,0,612,765,0,826,0,0,0,0,0,0,0,0,0,0,0,459,0,0,1741,0,0,0,230,383,0,0,0,0,536,38,0,459,3176,383,31,153,0,0,0,459,306,0,612,765,0,765,0,0,0,0,0,0,0,0,0,0,0,12,13,3,0,0,3,2,0,10,2,0,0,1,0,1,1,0,13,1,0,0,0,0,0,0,0,1,0,1,0,0,0,0,0,0,0,0,0,19897,259,355,0,0,81,191,0,170,1023,0,0,30610,0,383,29,0,83,18,0,0,0,0,0,0,0,31,0,22958,0,0,0,0,0,0,0,0,0,15305,182,11,0,0,9,191,0,86,1023,0,0,30610,0,383,29,0,69,18,0,0,0,0,0,0,0,31,0,22958,0,0,0,0,0,0,0,0,0,0,70,0,21,0,0,19,0,2,13,3,0,0,2,0,0,1,0,0,0,0,0,0,0,2,0,0,1,0,0,0,0,0,46,0,0,17,0,188,1019,28,0,0,0,0,0,4512,0,0,0,0,0,0,0,0,0,0,240,0,0,0,0,0,15,0,0,9,0,188,465,15,0,0,0,0,0,4512,0,0,0,0,0,0,0,0,0,0,240,0,0,0,5,0,0,1,0,0,0,0,12,1,3,,0,0,0,0,0,0,0,0,0,,0,0,0,0,0,0,92,0,0,879,0,0,0,0,1806,0,0,,0,0,0,0,0,0,0,0,0,,0,0,0,0,0,0,122,0,0,879,0,0,0,0,1224,0,0,,0,0,0,0,0,0,0,0,0,,0,0,0,0,0,0,0,1,0,0,0,1,0,0,0,0,0,0,0,0,0,0,0,0,0,0,0,0,0,0,0,0,0,0,0,0,0,0,0,15,0,0,0,15,0,0,0,0,0,0,0,0,0,0,0,0,0,0,0,0,0,0,0,0,0,0,0,0,0,0,0,15,0,0,0,15,0,0,0,0,0,0,0,0,0,0,0,0,0,0,0,0,0,0,0,0,0,0,0,0,0,0,5,50,0,2,1,0,7,1,4,3,0,0,0,2,0,1,0,0,0,0,12,0,0,0,0,12,0,0,0,0,0,0,0,0,0,0,0,0,0,0,0,0,0,0,0,0,0,0,0,0,0,0,0,,0,0,0,,0,0,0,,0,0,0,0,0,0,0,0,0,0,0,0,0,0,0,0,0,0,0,0,0,0,0,0,0,0,,,,0,0,0,0,0,0,0,0,0,0,0,0,0,0,0,0,0,0,0,0,0,,,,,0,0,,0,0,,0,0,,,,0,0,0,0,0,0,,,,,,,,,,,,,,,,,,,,,,,,,,,,,,,,,,,,,,,,,,,,,,,,,,,,,,,,,,,,,,,,,,,,,,,,,,,,,,,,,,,,,,,,,,,,,,,,,,,,,,,,,,,,,,,,,,,,,,,,,,,,,,,,,,,,,,,,,,,,,,,,,,,,,,,,,,,,,,,,,,,,,,,,,,,,,,,,,,,,,,,,,,,,,,,,,,,,,,,,,,,,,,,,,,,,,,,,,,,,,,,,,,,,,,,,,,,,,,,,,,,,,,,,,,,,,,,,,,,,,,,,,,,,,,,,,,,,,,,,,,,,,,,,,,,,,,,,,,,,,,,,,,,,,,,,,,,,,,,,,,,,,,,,,,,,,,,,,,,,,,,,,,,,,,,,,,,,,,,,,,,,,,,,,,,,,,,,,,,,,,,,,,,,,,,,,,,,,,,,,,,,,,,,,,,,,,,,,,,,,,,,,,,,,,,,,,,,,,,,,,,,,,,,,,,,,,,,,,,,,,,,,,,,,,,,,,0,0,0,0,0,0,0,0,0,0,0,0,0,0,0,0,0
TX1012700,2002,Katy Police Department,Texas,12299,,,,,,,,,,,,,,,,,,,,,,,,,,,,,,,,,,,,,,,,,,,,,,,,,,,,,,,,,,,,,,,,,,,,,,,,,,,,,,,,,,,,,,,,,,,,,,,,,,,,,,,,,,,,,,,,,,,,,,,,,,,,,,,,,,,,,,,,,,,,,,,,,,,,,,,,,,,,,,,,,,,,,,,,,,,,,,,,,,,,,,,,,,,,,,,,,,,,,,,,,,,,,,,,,,,,,,,,,,,,,,,,,,,,,,,,,,,,,,,,,,,,,,,,,,,,,,,,,,,,,,,,,,,,,,,,,,,,,,,,,,,,,,,,,,,,,,,,,,,,,,,,,,,,,,,,,,,,,,,,,,,,,,,,,,,,,,,,,,,,,,,,,,,,,,,,,,,,,,,,,,,,,,,,,,,,,,,,,,,,,,,,,,,,,,,,,,,,,,,,,,,,,,,,,,,,,,,,,,,,,,,,,,,,,,,,,,,,,,,,,,,,,,,,,,,,,,,,,,,,,,,,,,,,,,,,,,,,,,,,,,,,,,,,,,,,,,,,,,,,,,,,,,,,,,,,,,,,,,,,,,,,,,,,,,,,,,,,,,,,,,,,,,,,,,,,,,,,,,,,,,,,,,,,,,,,,,,,,,,,,,,,,,,,,,,,,,,,,,,,,,,,,,,,,,,,,,,,,,,,,,,,,,,,,,,,,,,,,,,,,,,,,,,,,,,,,,,,,,,,,,,,,,,,,,,,,,,,,,,,,,,,,,,,,,,,,,,,,,,,,,,,,,,,,,,,,,,,,,,,,,,,,,,,,,,,,,,,,,,,,,,,,,,,,,,,,,,,,,,,,,,,,,,,,,,,,,,,,,,,,,,,,,,,,,,,,,,,,,,,,,,,,,,,,,,,,,,,,,,,,,,,,,,,,,,,,,,,,,,,,,,,,,,,,,,,,,,,,,,,,,,,,,,,,,,,,,,,,,,,,,,,,,,,,,,,,,,,,,,,,,,,,,,,,,,,,,,,,,,,,,,,,,,,,,,,,,,,,,,,,,,,,,,,,,,,,,,,,,,,,,,,,,,,,,,,,,,,,,,,,,,,,,,,,,,,,,,,,,,,,,,,,,,,,,,,,,,,,,,,,,,,,,,,,,,,,,,,,,,,,,,,,,,,,,,,,,,,,,,,,,,,,,,,,,,,,,,,,,,,,,,,,,,,,,,,,,,,,,,,,,,,,,,,,,,,,,,,,,,,,,,,,,,,,,,,,,,,,,,,,,,,,,,,,,,,,,,,,,,,,,,,,,,,,,,,,,,,,,,,,,,,,,,,,,,,,,,,,,,,,,,,,,,,,,,,,,,,,,,,,,,,,,,,,,,,,,,,,,,,,,,,,,,,,,,,,,,,,,,,,,,,,,,,,,,,,,,,,,,,,,,,,,,,,,,,,,,,,,,,,,,,,,,,,,,,,,,,,,,,,,,,,,,,,,,,,,,,,,,,,,,,,,,,,,,,,,,,,,,,,,,,,,,,,,,,,,,,,,,,,,,,,,,,,,,,,,,,,,,,,,,,,,,,,,,,,,,,,,,,,,,,,,,,,,,,,,,,,,,,,,,,,,,,,,,,,,,,,,,,,,,,,,,,,,,,,,,,,,,,,,,,,,,,,,,,,,,,,,,,,,,,,,,,,,,,,,,,,,,,,,,,,,,,,,,,,,,,,,,,,,,,,,,,,,,,,,,,,,,,,,,,,,,,,,,,,,,,,,,,,,,,,,,,,,,,,,,,,,,,,,,,,,,,,,,,,,,,,,,,,,,,,,,,,,,,,,,,,,,,,,,,,,,,,,,,,,,,,,,,,,,,,,,,,,,,,,,,,,,,,,,,,,,,,,,,,,,,,,,,,,,,,,,,,,,,,,,,,,,,,,,,,,,,,,,,,,,,,,,,,,,,,,,,,,,,,,,,,,,,,,,,,,,,,,,,,,,,,,,,,,,,,,,,,,,,,,,,,,,,,,,,,,,,,,,,,,,,,,,,,,,,,,,,,,,,,,,,,,,,,,,,,,,,,,,,,,,,,,,,,,,,,,,,,,,,,,,,,,,,,,,,,,,,,,,,,,,,,,,,,,,,,,,,,,,,,,,,,,,,,,,,,,,,,,,,,,,,,,,,,,,,,,,,,,,,,,,,,,,,,,,,,,,,,,,,,,,,,,,,,,,,,,,,,,,,,,,,,,,,,,,,,,,,,,,,,,,,,,,,,,,,,,,,,,,,,,,,,,,,,,,,,,,,,,,,,,,,,,,,,,,,,,,,,,,,,,,,,,,,,,,,,,,,,,,,,,,,,,,,,,,,,,,,,,,,,,,,,,,,,,,0,,,,,,,,,,,,,,,,,,,,,,,,,,,,,,,,,,,,,,,,,,,,,,,,,,,,,,,,,,,,,,,,,,,,,,,,,,,,,,,,,,,,,,,,,,,,,,,,,,,,,,,,,,,,,,,,,,,,,,,,,,,,,,,,,,,,,,,,,,,,,,,,,,,,,,,,,,,,,,,,,,,,,,,,,,,,,,,,,,,,,,,,,,,,,,,,,,,,,,,,,,,,,,,,,,,,,,,,,,,,,,,,,,,,,,,,,,,,,,,,,,,,,,,,,,,,,,,,,,,,,,,,,,,,,,,,,,,,,,,,,,,,,,,,,,,,,,,,,,,,,,,,,,,,,,,,,,,,,,,,,,,,,,,,,,,,,,,,,,,,,,,,,,,,,,,,,,,,,,,,,,,,,,,,,,,,,,,,,,,,,,,,,,,,,,,,,,,,,,,,,,,,,,,,,,,,,,,,,,,,,,,,,,,,,,,,,,,,,,,,,,,,,,,,,,,,,,,,,,,,,,,,,,,,,,,,,,,,,,,,,,,,,,,,,,,,,,,,,,,,,,,,,,,,,,,,,,,,,,,,,,,,,,,,,,,,,,,,,,,,,,,,,,,,,,,,,,,,,,,,,,,,,,,,,,,,,,,,,,,,,,,,,,,,,,,,,,,,,,,,,,,,,,,,,,,,,,,,,,,,,,,,,,,,,,,,,,,,,,,,,,,,,,,,,,,,,,,,,,,,,,,,,,,,,,,,,,,,,,,,,,,,,,,,,,,,,,,,,,,,,,,,,,0,,,,,0,,,,,,,,,,,,,,,,,,,,,,,,,,,,,,,,,,,,,,,,,,,,,,,,,,,,,,,,,,,,,,,,,,,,,,,,,,,,,,,,,,,,,,,,,,0,,,,,,,,,,,,,,,,,,,,,,33,121,29,3,4,24,0,67,2,158,0,42,1,2,5,1,15,11,68,17,22,38,11,8,37,19,0,0,1,0,2,1,0,3,0,1,0,0,0,0,0,0,14254,314,143,550,1836,1402,0,1607,53,903,0,676,95,44,8474,39922,2721,757,264,209,1891,0,1302,0,145,523,0,0,9039,0,197349,25610,0,703,0,31826,0,0,0,0,0,0,9039,124,68,482,1838,339,0,377,53,151,0,441,95,44,3013,39922,655,753,78,181,1299,0,600,0,75,84,0,0,9039,0,197349,25610,0,753,0,31826,0,0,0,0,0,0,58,1,2,0,0,0,1,52,1,0,0,0,0,17,1,0,4,3,0,0,1,1,1,0,6,14,0,0,0,1,1,0,1,4,0,0,0,0,0,0,0,0,1105,249,98,0,0,0,640,757,829,0,0,0,0,522,30,0,282,20453,0,0,75,301,753,0,873,495,0,0,0,527,753,0,105,2552,0,0,0,0,0,0,0,0,753,249,98,0,0,0,640,196,829,0,0,0,0,226,30,0,136,8286,0,0,75,301,753,0,603,377,0,0,0,527,753,0,105,1186,0,0,0,0,0,0,0,0,4,0,3,0,0,1,0,0,2,0,0,0,0,0,0,0,0,0,0,0,0,0,0,0,0,0,1,0,0,0,0,0,0,0,0,0,0,0,20337,0,78,0,0,678,0,0,559,0,0,0,0,0,0,0,0,0,0,0,0,0,0,0,0,0,1430,0,0,0,0,0,0,0,0,0,0,0,19584,0,65,0,0,678,0,0,559,0,0,0,0,0,0,0,0,0,0,0,0,0,0,0,0,0,1430,0,0,0,0,0,0,0,0,0,0,0,0,91,0,30,0,0,47,0,1,1,0,0,0,1,1,0,0,0,0,0,0,0,0,0,2,0,0,0,0,0,0,0,0,56,0,0,20,0,3766,26,0,0,0,0,30,0,0,0,0,0,0,0,0,0,0,0,0,0,0,0,0,0,0,8,0,0,15,0,3766,26,0,0,0,0,30,0,0,0,0,0,0,0,0,0,0,0,0,0,0,0,0,6,7,0,0,0,0,0,0,46,2,9,0,0,0,0,0,0,0,0,0,0,,0,0,0,0,0,0,25,576,0,0,0,0,0,0,2027,0,0,0,0,0,0,0,0,0,0,0,0,,0,0,0,0,0,0,30,247,0,0,0,0,0,0,612,0,0,0,0,0,0,0,0,0,0,0,0,,0,0,0,0,0,0,2,0,0,0,0,0,0,0,0,0,0,0,0,0,0,0,0,0,0,0,0,0,0,0,0,0,0,,0,0,0,0,19208,0,0,0,0,0,0,0,0,0,0,0,0,0,0,0,0,0,0,0,0,0,0,0,0,0,0,,0,0,0,0,19208,0,0,0,0,0,0,0,0,0,0,0,0,0,0,0,0,0,0,0,0,0,0,0,0,0,0,,0,0,0,2,10,63,0,6,2,0,9,1,3,5,0,0,0,2,0,0,0,0,0,0,0,0,0,0,0,0,0,0,0,0,0,0,0,0,0,0,0,0,0,0,0,0,0,0,0,0,0,0,0,0,0,0,0,,0,0,0,,0,0,0,,0,0,0,0,0,0,0,0,0,0,0,0,0,0,0,0,0,0,0,0,0,0,0,0,0,0,,,,0,0,0,0,0,0,0,0,0,0,0,0,0,0,0,0,0,0,0,0,0,0,0,0,,,0,,,0,,,0,,,,0,0,0,0,0,0,0,0,0,,,,,,,,,,,,,,,,,,,,,,,,,,,,,,,,,,,,,,,,,,,,,,,,,,,,,,,,,,,,,,,,,,,,,,,,,,,,,,,,,,,,,,,,,,,,,,,,,,,,,,,,,,,,,,,,,,,,,,,,,,,,,,,,,,,,,,,,,,,,,,,,,,,,,,,,,,,,,,,,,,,,,,,,,,,,,,,,,,,,,,,,,,,,,,,,,,,,,,,,,,,,,,,,,,,,,,,,,,,,,,,,,,,,,,,,,,,,,,,,,,,,,,,,,,,,,,,,,,,,,,,,,,,,,,,,,,,,,,,,,,,,,,,,,,,,,,,,,,,,,,,,,,,,,,,,,,,,,,,,,,,,,,,,,,,,,,,,,,,,,,,,,,,,,,,,,,,,,,,,,,,,,,,,,,,,,,,,,,,,,,,,,,,,,,,,,,,,,,,,,,,,,,,,,,,,,,,,,,,,,,,,,,,,,,,,,,,,,,,,,,,,,,,,,,,,,,,,,,,,,,,,,,,,,,,0,0,0,0,0,0,0,0,0,0,0,0,0,0,0,0,0
TX1012700,2003,Katy Police Department,Texas,12623,,,,,,,,,,,,,,,,,,,,,,,,,,,,,,,,,,,,,,,,,,,,,,,,,,,,,,,,,,,,,,,,,,,,,,,,,,,,,,,,,,,,,,,,,,,,,,,,,,,,,,,,,,,,,,,,,,,,,,,,,,,,,,,,,,,,,,,,,,,,,,,,,,,,,,,,,,,,,,,,,,,,,,,,,,,,,,,,,,,,,,,,,,,,,,,,,,,,,,,,,,,,,,,,,,,,,,,,,,,,,,,,,,,,,,,,,,,,,,,,,,,,,,,,,,,,,,,,,,,,,,,,,,,,,,,,,,,,,,,,,,,,,,,,,,,,,,,,,,,,,,,,,,,,,,,,,,,,,,,,,,,,,,,,,,,,,,,,,,,,,,,,,,,,,,,,,,,,,,,,,,,,,,,,,,,,,,,,,,,,,,,,,,,,,,,,,,,,,,,,,,,,,,,,,,,,,,,,,,,,,,,,,,,,,,,,,,,,,,,,,,,,,,,,,,,,,,,,,,,,,,,,,,,,,,,,,,,,,,,,,,,,,,,,,,,,,,,,,,,,,,,,,,,,,,,,,,,,,,,,,,,,,,,,,,,,,,,,,,,,,,,,,,,,,,,,,,,,,,,,,,,,,,,,,,,,,,,,,,,,,,,,,,,,,,,,,,,,,,,,,,,,,,,,,,,,,,,,,,,,,,,,,,,,,,,,,,,,,,,,,,,,,,,,,,,,,,,,,,,,,,,,,,,,,,,,,,,,,,,,,,,,,,,,,,,,,,,,,,,,,,,,,,,,,,,,,,,,,,,,,,,,,,,,,,,,,,,,,,,,,,,,,,,,,,,,,,,,,,,,,,,,,,,,,,,,,,,,,,,,,,,,,,,,,,,,,,,,,,,,,,,,,,,,,,,,,,,,,,,,,,,,,,,,,,,,,,,,,,,,,,,,,,,,,,,,,,,,,,,,,,,,,,,,,,,,,,,,,,,,,,,,,,,,,,,,,,,,,,,,,,,,,,,,,,,,,,,,,,,,,,,,,,,,,,,,,,,,,,,,,,,,,,,,,,,,,,,,,,,,,,,,,,,,,,,,,,,,,,,,,,,,,,,,,,,,,,,,,,,,,,,,,,,,,,,,,,,,,,,,,,,,,,,,,,,,,,,,,,,,,,,,,,,,,,,,,,,,,,,,,,,,,,,,,,,,,,,,,,,,,,,,,,,,,,,,,,,,,,,,,,,,,,,,,,,,,,,,,,,,,,,,,,,,,,,,,,,,,,,,,,,,,,,,,,,,,,,,,,,,,,,,,,,,,,,,,,,,,,,,,,,,,,,,,,,,,,,,,,,,,,,,,,,,,,,,,,,,,,,,,,,,,,,,,,,,,,,,,,,,,,,,,,,,,,,,,,,,,,,,,,,,,,,,,,,,,,,,,,,,,,,,,,,,,,,,,,,,,,,,,,,,,,,,,,,,,,,,,,,,,,,,,,,,,,,,,,,,,,,,,,,,,,,,,,,,,,,,,,,,,,,,,,,,,,,,,,,,,,,,,,,,,,,,,,,,,,,,,,,,,,,,,,,,,,,,,,,,,,,,,,,,,,,,,,,,,,,,,,,,,,,,,,,,,,,,,,,,,,,,,,,,,,,,,,,,,,,,,,,,,,,,,,,,,,,,,,,,,,,,,,,,,,,,,,,,,,,,,,,,,,,,,,,,,,,,,,,,,,,,,,,,,,,,,,,,,,,,,,,,,,,,,,,,,,,,,,,,,,,,,,,,,,,,,,,,,,,,,,,,,,,,,,,,,,,,,,,,,,,,,,,,,,,,,,,,,,,,,,,,,,,,,,,,,,,,,,,,,,,,,,,,,,,,,,,,,,,,,,,,,,,,,,,,,,,,,,,,,,,,,,,,,,,,,,,,,,,,,,,,,,,,,,,,,,,,,,,,,,,,,,,,,,,,,,,,,,,,,,,,,,,,,,,,,,,,,,,,,,,,,,,,,,,,,,,,,,,,,,,,,,,,,,,,,,,,,,,,,,,,,,,,,,,,,,,,,,,,,,,,,,,,,,,,,,,,,,,,,,,,,,,,,,,,,,,,,,,,,,,,,,,,,,,,,,,,,,,,,,,,,,,,,,,,,,,,,,,,,,,,,,,,,,,,,,,,,,,,,,,,,,,,,,,,,,,,,,,,,,,,,,,,,,,,,,,,,,,,,,,,,,,,,,,,,,,,,,,,,,,,,,,,,,,,,,,,,,,,,,,,,,,,,,,,,,,,,,,,,,,,,,,,,,,,,,,,,,,,,,,,,,,,,,,,,,,,,,,,,,,,,,,,,,,,,,,,,,,,,,,,,,,,,,,,,,,,,,,,,,,,,,,0,,,,,,,,,,,,,,,,,,,,,,,,,,,,,,,,,,,,,,,,,,,,,,,,,,,,,,,,,,,,,,,,,,,,,,,,,,,,,,,,,,,,,,,,,,,,,,,,,,,,,,,,,,,,,,,,,,,,,,,,,,,,,,,,,,,,,,,,,,,,,,,,,,,,,,,,,,,,,,,,,,,,,,,,,,,,,,,,,,,,,,,,,,,,,,,,,,,,,,,,,,,,,,,,,,,,,,,,,,,,,,,,,,,,,,,,,,,,,,,,,,,,,,,,,,,,,,,,,,,,,,,,,,,,,,,,,,,,,,,,,,,,,,,,,,,,,,,,,,,,,,,,,,,,,,,,,,,,,,,,,,,,,,,,,,,,,,,,,,,,,,,,,,,,,,,,,,,,,,,,,,,,,,,,,,,,,,,,,,,,,,,,,,,,,,,,,,,,,,,,,,,,,,,,,,,,,,,,,,,,,,,,,,,,,,,,,,,,,,,,,,,,,,,,,,,,,,,,,,,,,,,,,,,,,,,,,,,,,,,,,,,,,,,,,,,,,,,,,,,,,,,,,,,,,,,,,,,,,,,,,,,,,,,,,,,,,,,,,,,,,,,,,,,,,,,,,,,,,,,,,,,,,,,,,,,,,,,,,,,,,,,,,,,,,,,,,,,,,,,,,,,,,,,,,,,,,,,,,,,,,,,,,,,,,,,,,,,,,,,,,,,,,,,,,,,,,,,,,,,,,,,,,,,,,,,,,,,,,,,,,,,,,,,,,,,,,,,,,,,,,,,,,,0,,,,,0,,,,,,,,,,,,,,,,,,,,,,,,,,,,,,,,,,,,,,,,,,,,,,,,,,,,,,,,,,,,,,,,,,,,,,,,,,,,,,,,,,,,,,,,,,0,,,,,,,,,,,,,,,,,,,,,,19,93,37,7,4,75,0,51,3,206,1,41,0,3,1,0,35,10,86,23,21,25,9,8,41,12,0,0,0,0,5,0,0,0,0,0,1,1,0,0,0,0,17411,200,93,1827,738,1492,0,468,400,693,0,744,0,35,2356,0,869,978,178,357,1910,0,672,0,198,358,0,0,0,0,2174,0,0,0,0,0,295,52,0,0,0,0,11781,85,21,898,276,19,0,147,420,88,0,442,0,35,2356,0,627,589,38,161,442,0,408,0,59,96,0,0,0,0,1948,0,0,0,0,0,295,52,0,0,0,0,75,1,0,5,0,0,1,77,2,0,1,0,0,12,4,0,9,6,5,0,3,0,3,0,10,11,0,0,1,1,2,0,0,0,0,0,0,0,0,0,0,0,1092,37,0,2381,0,0,442,531,295,0,74,0,0,695,387,0,2247,12346,286,0,71,0,609,0,458,495,0,0,324,442,1399,0,0,0,0,0,0,0,0,0,0,0,663,37,0,1178,0,0,442,147,295,0,74,0,0,177,331,0,368,202,295,0,71,0,295,0,184,295,0,0,324,442,1399,0,0,0,0,0,0,0,0,0,0,0,13,13,3,0,0,3,0,0,12,2,0,0,0,1,1,0,2,9,1,0,0,0,3,0,0,0,0,0,0,0,0,0,0,0,0,0,0,0,12087,105,40,0,0,23,0,0,79,1325,0,0,0,1473,1104,0,214,97,110,0,0,0,66,0,0,0,0,0,0,0,0,0,0,0,0,0,0,0,8689,57,13,0,0,15,0,0,32,1325,0,0,0,1473,1104,0,214,59,110,0,0,0,69,0,0,0,0,0,0,0,0,0,0,0,0,0,0,0,0,68,1,20,0,0,47,0,0,0,1,0,0,0,0,0,0,0,0,0,0,0,0,0,0,0,0,0,0,0,0,0,295,23,0,0,24,0,0,0,29,0,0,0,0,0,0,0,0,0,0,0,0,0,0,0,0,0,0,0,0,0,295,15,0,0,12,0,0,0,29,0,0,0,0,0,0,0,0,0,0,0,0,0,0,0,0,0,0,0,0,3,4,0,1,0,0,0,0,46,3,12,0,0,0,0,0,0,0,0,0,0,0,0,0,0,0,0,0,69,1927,0,147,0,0,0,0,2155,0,0,0,0,0,0,0,0,0,0,0,0,0,0,0,0,0,0,0,31,1620,0,147,0,0,0,0,1137,0,0,0,0,0,0,0,0,0,0,0,0,0,0,0,0,0,0,0,0,0,0,0,0,0,0,0,0,0,0,1,0,0,0,0,0,0,0,0,0,0,0,0,0,0,0,0,0,,0,0,0,0,0,0,0,0,0,0,0,0,0,1473,0,0,0,0,0,0,0,0,0,0,0,0,0,0,0,0,0,,0,0,0,0,0,0,0,0,0,0,0,0,0,1473,0,0,0,0,0,0,0,0,0,0,0,0,0,0,0,0,0,,0,2,4,50,0,2,3,0,6,0,6,7,0,0,0,3,0,0,0,0,0,0,0,0,0,0,0,0,0,0,0,0,0,0,0,0,0,0,0,0,0,0,0,0,0,0,0,0,0,0,0,0,0,0,0,0,0,0,0,0,0,0,0,0,0,1,,0,1,,0,10320,,0,10320,0,0,0,0,0,0,0,0,0,0,0,0,0,0,0,,,,0,0,0,0,0,0,0,0,0,0,0,0,0,0,0,0,0,0,0,0,0,0,0,0,0,0,0,0,0,0,0,0,0,,,,0,0,0,0,0,0,,,,,,,,,,,,,,,,,,,,,,,,,,,,,,,,,,,,,,,,,,,,,,,,,,,,,,,,,,,,,,,,,,,,,,,,,,,,,,,,,,,,,,,,,,,,,,,,,,,,,,,,,,,,,,,,,,,,,,,,,,,,,,,,,,,,,,,,,,,,,,,,,,,,,,,,,,,,,,,,,,,,,,,,,,,,,,,,,,,,,,,,,,,,,,,,,,,,,,,,,,,,,,,,,,,,,,,,,,,,,,,,,,,,,,,,,,,,,,,,,,,,,,,,,,,,,,,,,,,,,,,,,,,,,,,,,,,,,,,,,,,,,,,,,,,,,,,,,,,,,,,,,,,,,,,,,,,,,,,,,,,,,,,,,,,,,,,,,,,,,,,,,,,,,,,,,,,,,,,,,,,,,,,,,,,,,,,,,,,,,,,,,,,,,,,,,,,,,,,,,,,,,,,,,,,,,,,,,,,,,,,,,,,,,,,,,,,,,,,,,,,,,,,,,,,,,,,,,,,,,,,,,,,,,,,,,,0,0,0,0,0,0,0,0,0,0,0,0,0,0,0,0,0
TX1012700,2004,Katy Police Department,Texas,12940,,,,,,,,,,,,,,,,,,,,,,,,,,,,,,,,,,,,,,,,,,,,,,,,,,,,,,,,,,,,,,,,,,,,,,,,,,,,,,,,,,,,,,,,,,,,,,,,,,,,,,,,,,,,,,,,,,,,,,,,,,,,,,,,,,,,,,,,,,,,,,,,,,,,,,,,,,,,,,,,,,,,,,,,,,,,,,,,,,,,,,,,,,,,,,,,,,,,,,,,,,,,,,,,,,,,,,,,,,,,,,,,,,,,,,,,,,,,,,,,,,,,,,,,,,,,,,,,,,,,,,,,,,,,,,,,,,,,,,,,,,,,,,,,,,,,,,,,,,,,,,,,,,,,,,,,,,,,,,,,,,,,,,,,,,,,,,,,,,,,,,,,,,,,,,,,,,,,,,,,,,,,,,,,,,,,,,,,,,,,,,,,,,,,,,,,,,,,,,,,,,,,,,,,,,,,,,,,,,,,,,,,,,,,,,,,,,,,,,,,,,,,,,,,,,,,,,,,,,,,,,,,,,,,,,,,,,,,,,,,,,,,,,,,,,,,,,,,,,,,,,,,,,,,,,,,,,,,,,,,,,,,,,,,,,,,,,,,,,,,,,,,,,,,,,,,,,,,,,,,,,,,,,,,,,,,,,,,,,,,,,,,,,,,,,,,,,,,,,,,,,,,,,,,,,,,,,,,,,,,,,,,,,,,,,,,,,,,,,,,,,,,,,,,,,,,,,,,,,,,,,,,,,,,,,,,,,,,,,,,,,,,,,,,,,,,,,,,,,,,,,,,,,,,,,,,,,,,,,,,,,,,,,,,,,,,,,,,,,,,,,,,,,,,,,,,,,,,,,,,,,,,,,,,,,,,,,,,,,,,,,,,,,,,,,,,,,,,,,,,,,,,,,,,,,,,,,,,,,,,,,,,,,,,,,,,,,,,,,,,,,,,,,,,,,,,,,,,,,,,,,,,,,,,,,,,,,,,,,,,,,,,,,,,,,,,,,,,,,,,,,,,,,,,,,,,,,,,,,,,,,,,,,,,,,,,,,,,,,,,,,,,,,,,,,,,,,,,,,,,,,,,,,,,,,,,,,,,,,,,,,,,,,,,,,,,,,,,,,,,,,,,,,,,,,,,,,,,,,,,,,,,,,,,,,,,,,,,,,,,,,,,,,,,,,,,,,,,,,,,,,,,,,,,,,,,,,,,,,,,,,,,,,,,,,,,,,,,,,,,,,,,,,,,,,,,,,,,,,,,,,,,,,,,,,,,,,,,,,,,,,,,,,,,,,,,,,,,,,,,,,,,,,,,,,,,,,,,,,,,,,,,,,,,,,,,,,,,,,,,,,,,,,,,,,,,,,,,,,,,,,,,,,,,,,,,,,,,,,,,,,,,,,,,,,,,,,,,,,,,,,,,,,,,,,,,,,,,,,,,,,,,,,,,,,,,,,,,,,,,,,,,,,,,,,,,,,,,,,,,,,,,,,,,,,,,,,,,,,,,,,,,,,,,,,,,,,,,,,,,,,,,,,,,,,,,,,,,,,,,,,,,,,,,,,,,,,,,,,,,,,,,,,,,,,,,,,,,,,,,,,,,,,,,,,,,,,,,,,,,,,,,,,,,,,,,,,,,,,,,,,,,,,,,,,,,,,,,,,,,,,,,,,,,,,,,,,,,,,,,,,,,,,,,,,,,,,,,,,,,,,,,,,,,,,,,,,,,,,,,,,,,,,,,,,,,,,,,,,,,,,,,,,,,,,,,,,,,,,,,,,,,,,,,,,,,,,,,,,,,,,,,,,,,,,,,,,,,,,,,,,,,,,,,,,,,,,,,,,,,,,,,,,,,,,,,,,,,,,,,,,,,,,,,,,,,,,,,,,,,,,,,,,,,,,,,,,,,,,,,,,,,,,,,,,,,,,,,,,,,,,,,,,,,,,,,,,,,,,,,,,,,,,,,,,,,,,,,,,,,,,,,,,,,,,,,,,,,,,,,,,,,,,,,,,,,,,,,,,,,,,,,,,,,,,,,,,,,,,,,,,,,,,,,,,,,,,,,,,,,,,,,,,,,,,,,,,,,,,,,,,,,,,,,,,,,,,,,,,,,,,,,,,,,,,,,,,,,,,,,,,,,,,,,,,,,,,,,,,,,,,,,,,,,,,,,,,,,,,,,,,,,,,,,,,,,,,,,,,,,,,,,,,,,,,,,,,,,,,,,,,,,,,,,,,,,,,,,,,,,,,,,,,,,,,,,,,,,,,,,,,,,,,,,,,,,,,,,,,,,,,,,,,,,,,,,,,,,,,,,,,,,,,,,,,,,,,,,,,,,,,,,,,,,,,,,,,,,,,,,,,,,,,,,,,,,,,,,,,,,,,,0,,,,,,,,,,,,,,,,,,,,,,,,,,,,,,,,,,,,,,,,,,,,,,,,,,,,,,,,,,,,,,,,,,,,,,,,,,,,,,,,,,,,,,,,,,,,,,,,,,,,,,,,,,,,,,,,,,,,,,,,,,,,,,,,,,,,,,,,,,,,,,,,,,,,,,,,,,,,,,,,,,,,,,,,,,,,,,,,,,,,,,,,,,,,,,,,,,,,,,,,,,,,,,,,,,,,,,,,,,,,,,,,,,,,,,,,,,,,,,,,,,,,,,,,,,,,,,,,,,,,,,,,,,,,,,,,,,,,,,,,,,,,,,,,,,,,,,,,,,,,,,,,,,,,,,,,,,,,,,,,,,,,,,,,,,,,,,,,,,,,,,,,,,,,,,,,,,,,,,,,,,,,,,,,,,,,,,,,,,,,,,,,,,,,,,,,,,,,,,,,,,,,,,,,,,,,,,,,,,,,,,,,,,,,,,,,,,,,,,,,,,,,,,,,,,,,,,,,,,,,,,,,,,,,,,,,,,,,,,,,,,,,,,,,,,,,,,,,,,,,,,,,,,,,,,,,,,,,,,,,,,,,,,,,,,,,,,,,,,,,,,,,,,,,,,,,,,,,,,,,,,,,,,,,,,,,,,,,,,,,,,,,,,,,,,,,,,,,,,,,,,,,,,,,,,,,,,,,,,,,,,,,,,,,,,,,,,,,,,,,,,,,,,,,,,,,,,,,,,,,,,,,,,,,,,,,,,,,,,,,,,,,,,,,,,,,,,,,,,,,,,,,,,0,,,,,0,,,,,,,,,,,,,,,,,,,,,,,,,,,,,,,,,,,,,,,,,,,,,,,,,,,,,,,,,,,,,,,,,,,,,,,,,,,,,,,,,,,,,,,,,,0,,,,,,,,,,,,,,,,,,,,,,16,76,23,11,7,91,0,67,1,187,0,45,1,7,1,5,24,20,105,17,12,28,6,10,35,32,0,0,2,0,6,0,0,3,0,0,0,2,0,0,0,0,37392,387,104,595,1305,2037,0,2913,287,1248,0,472,16,81,6618,18083,2271,845,286,336,1616,0,204,0,105,703,0,0,47677,0,1538,0,0,80,0,0,0,965,0,0,0,0,17930,95,43,574,1110,24,0,201,287,110,0,287,16,23,6618,9754,940,215,47,143,1865,0,14,0,65,351,0,0,47677,0,1650,0,0,112,0,0,0,965,0,0,0,0,83,0,1,1,1,0,1,55,0,0,0,0,0,11,3,0,9,3,0,0,0,0,1,0,11,29,0,1,0,0,0,0,0,0,0,0,0,0,0,0,0,0,746,0,26,2152,574,0,62,762,0,0,0,0,0,235,163,0,2482,24050,0,0,0,0,1434,0,2403,379,0,1951,0,0,0,0,0,0,0,0,0,0,0,0,0,0,430,0,26,2152,574,0,62,262,0,0,0,0,0,143,143,0,789,394,0,0,0,0,1434,0,717,287,0,1951,0,0,0,0,0,0,0,0,0,0,0,0,0,0,9,37,7,1,2,30,2,0,38,3,0,0,0,0,1,2,5,38,8,0,0,0,2,0,0,0,1,0,1,1,0,1,0,0,0,0,0,0,27094,287,87,215,45,220,49,0,178,313,0,0,0,0,861,0,608,143,295,0,0,0,42,0,0,0,27,0,14344,429,0,11,0,0,0,0,0,0,25819,76,27,215,45,16,49,0,70,284,0,0,0,0,861,0,215,56,149,0,0,0,42,0,0,0,27,0,14344,429,0,11,0,0,0,0,0,0,1,125,2,24,2,0,54,0,3,0,1,0,0,0,0,0,0,0,0,0,0,0,0,0,0,0,0,0,0,0,55,0,86,14,143,0,21,0,1955,0,4,0,0,0,0,0,0,0,0,0,0,0,0,0,0,0,0,0,0,0,55,0,86,14,143,0,14,0,2344,0,4,0,0,0,0,0,0,0,0,0,0,0,0,0,0,0,0,0,0,0,0,7,11,0,0,0,1,0,0,39,4,5,0,0,0,0,0,0,0,0,0,0,0,0,0,0,0,0,0,598,539,0,0,0,143,0,0,2000,0,0,0,0,0,0,0,0,0,0,0,0,0,0,0,0,0,0,0,143,143,0,0,0,143,0,0,1166,0,0,0,0,0,0,0,0,0,0,0,0,0,0,0,0,0,0,0,1,1,0,0,0,0,0,0,0,0,0,0,0,0,0,0,0,0,0,0,0,0,0,0,0,0,0,0,0,,0,0,12909,287,0,0,0,0,0,0,0,0,0,0,0,0,0,0,0,0,0,0,0,0,0,0,0,0,0,0,0,,0,0,12909,287,0,0,0,0,0,0,0,0,0,0,0,0,0,0,0,0,0,0,0,0,0,0,0,0,0,0,0,,0,2,21,79,0,20,1,3,6,0,13,11,0,1,0,2,0,1,0,0,0,0,3,0,0,0,0,3,0,0,0,0,0,0,0,0,0,0,0,0,0,0,0,0,0,0,0,0,0,0,0,0,0,0,0,,0,0,0,,0,0,0,,0,0,0,0,0,0,0,0,0,0,0,0,0,0,0,0,0,0,0,0,0,0,0,0,0,0,0,0,0,0,0,0,,0,,0,,0,0,0,0,0,0,0,0,0,0,0,0,0,0,0,0,,0,0,,0,0,,0,0,,,,,0,,0,,0,,,,,,,,,,,,,,,,,,,,,,,,,,,,,,,,,,,,,,,,,,,,,,,,,,,,,,,,,,,,,,,,,,,,,,,,,,,,,,,,,,,,,,,,,,,,,,,,,,,,,,,,,,,,,,,,,,,,,,,,,,,,,,,,,,,,,,,,,,,,,,,,,,,,,,,,,,,,,,,,,,,,,,,,,,,,,,,,,,,,,,,,,,,,,,,,,,,,,,,,,,,,,,,,,,,,,,,,,,,,,,,,,,,,,,,,,,,,,,,,,,,,,,,,,,,,,,,,,,,,,,,,,,,,,,,,,,,,,,,,,,,,,,,,,,,,,,,,,,,,,,,,,,,,,,,,,,,,,,,,,,,,,,,,,,,,,,,,,,,,,,,,,,,,,,,,,,,,,,,,,,,,,,,,,,,,,,,,,,,,,,,,,,,,,,,,,,,,,,,,,,,,,,,,,,,,,,,,,,,,,,,,,,,,,,,,,,,,,,,,,,,,,,,,,,,,,,,,,,,,,,,,,,,,,,,,,,0,0,0,0,0,0,0,0,0,0,0,0,0,0,0,0,0
TX1012700,2005,Katy Police Department,Texas,13226,,,,,,,,,,,,,,,,,,,,,,,,,,,,,,,,,,,,,,,,,,,,,,,,,,,,,,,,,,,,,,,,,,,,,,,,,,,,,,,,,,,,,,,,,,,,,,,,,,,,,,,,,,,,,,,,,,,,,,,,,,,,,,,,,,,,,,,,,,,,,,,,,,,,,,,,,,,,,,,,,,,,,,,,,,,,,,,,,,,,,,,,,,,,,,,,,,,,,,,,,,,,,,,,,,,,,,,,,,,,,,,,,,,,,,,,,,,,,,,,,,,,,,,,,,,,,,,,,,,,,,,,,,,,,,,,,,,,,,,,,,,,,,,,,,,,,,,,,,,,,,,,,,,,,,,,,,,,,,,,,,,,,,,,,,,,,,,,,,,,,,,,,,,,,,,,,,,,,,,,,,,,,,,,,,,,,,,,,,,,,,,,,,,,,,,,,,,,,,,,,,,,,,,,,,,,,,,,,,,,,,,,,,,,,,,,,,,,,,,,,,,,,,,,,,,,,,,,,,,,,,,,,,,,,,,,,,,,,,,,,,,,,,,,,,,,,,,,,,,,,,,,,,,,,,,,,,,,,,,,,,,,,,,,,,,,,,,,,,,,,,,,,,,,,,,,,,,,,,,,,,,,,,,,,,,,,,,,,,,,,,,,,,,,,,,,,,,,,,,,,,,,,,,,,,,,,,,,,,,,,,,,,,,,,,,,,,,,,,,,,,,,,,,,,,,,,,,,,,,,,,,,,,,,,,,,,,,,,,,,,,,,,,,,,,,,,,,,,,,,,,,,,,,,,,,,,,,,,,,,,,,,,,,,,,,,,,,,,,,,,,,,,,,,,,,,,,,,,,,,,,,,,,,,,,,,,,,,,,,,,,,,,,,,,,,,,,,,,,,,,,,,,,,,,,,,,,,,,,,,,,,,,,,,,,,,,,,,,,,,,,,,,,,,,,,,,,,,,,,,,,,,,,,,,,,,,,,,,,,,,,,,,,,,,,,,,,,,,,,,,,,,,,,,,,,,,,,,,,,,,,,,,,,,,,,,,,,,,,,,,,,,,,,,,,,,,,,,,,,,,,,,,,,,,,,,,,,,,,,,,,,,,,,,,,,,,,,,,,,,,,,,,,,,,,,,,,,,,,,,,,,,,,,,,,,,,,,,,,,,,,,,,,,,,,,,,,,,,,,,,,,,,,,,,,,,,,,,,,,,,,,,,,,,,,,,,,,,,,,,,,,,,,,,,,,,,,,,,,,,,,,,,,,,,,,,,,,,,,,,,,,,,,,,,,,,,,,,,,,,,,,,,,,,,,,,,,,,,,,,,,,,,,,,,,,,,,,,,,,,,,,,,,,,,,,,,,,,,,,,,,,,,,,,,,,,,,,,,,,,,,,,,,,,,,,,,,,,,,,,,,,,,,,,,,,,,,,,,,,,,,,,,,,,,,,,,,,,,,,,,,,,,,,,,,,,,,,,,,,,,,,,,,,,,,,,,,,,,,,,,,,,,,,,,,,,,,,,,,,,,,,,,,,,,,,,,,,,,,,,,,,,,,,,,,,,,,,,,,,,,,,,,,,,,,,,,,,,,,,,,,,,,,,,,,,,,,,,,,,,,,,,,,,,,,,,,,,,,,,,,,,,,,,,,,,,,,,,,,,,,,,,,,,,,,,,,,,,,,,,,,,,,,,,,,,,,,,,,,,,,,,,,,,,,,,,,,,,,,,,,,,,,,,,,,,,,,,,,,,,,,,,,,,,,,,,,,,,,,,,,,,,,,,,,,,,,,,,,,,,,,,,,,,,,,,,,,,,,,,,,,,,,,,,,,,,,,,,,,,,,,,,,,,,,,,,,,,,,,,,,,,,,,,,,,,,,,,,,,,,,,,,,,,,,,,,,,,,,,,,,,,,,,,,,,,,,,,,,,,,,,,,,,,,,,,,,,,,,,,,,,,,,,,,,,,,,,,,,,,,,,,,,,,,,,,,,,,,,,,,,,,,,,,,,,,,,,,,,,,,,,,,,,,,,,,,,,,,,,,,,,,,,,,,,,,,,,,,,,,,,,,,,,,,,,,,,,,,,,,,,,,,,,,,,,,,,,,,,,,,,,,,,,,,,,,,,,,,,,,,,,,,,,,,,,,,,,,,,,,,,,,,,,,,,,,,,,,,,,,,,,,,,,,,,,,,,,,,,,,,,,,,,,,,,,,,,,,,,,,,,,,,,,,,,,,,,,,,,,,,,,,,,,,,,,,,,,,,,,,,,,,,,,,,,,,,,,,,,,,,,,,,,,,,,,,,,,,,,,,,,,,,,,,,,,,,,,,,,,,,,,,,,,,,,,,,,,,,,,,,,,,,,,,,,,,,,,,,,,,,,,,0,,,,,,,,,,,,,,,,,,,,,,,,,,,,,,,,,,,,,,,,,,,,,,,,,,,,,,,,,,,,,,,,,,,,,,,,,,,,,,,,,,,,,,,,,,,,,,,,,,,,,,,,,,,,,,,,,,,,,,,,,,,,,,,,,,,,,,,,,,,,,,,,,,,,,,,,,,,,,,,,,,,,,,,,,,,,,,,,,,,,,,,,,,,,,,,,,,,,,,,,,,,,,,,,,,,,,,,,,,,,,,,,,,,,,,,,,,,,,,,,,,,,,,,,,,,,,,,,,,,,,,,,,,,,,,,,,,,,,,,,,,,,,,,,,,,,,,,,,,,,,,,,,,,,,,,,,,,,,,,,,,,,,,,,,,,,,,,,,,,,,,,,,,,,,,,,,,,,,,,,,,,,,,,,,,,,,,,,,,,,,,,,,,,,,,,,,,,,,,,,,,,,,,,,,,,,,,,,,,,,,,,,,,,,,,,,,,,,,,,,,,,,,,,,,,,,,,,,,,,,,,,,,,,,,,,,,,,,,,,,,,,,,,,,,,,,,,,,,,,,,,,,,,,,,,,,,,,,,,,,,,,,,,,,,,,,,,,,,,,,,,,,,,,,,,,,,,,,,,,,,,,,,,,,,,,,,,,,,,,,,,,,,,,,,,,,,,,,,,,,,,,,,,,,,,,,,,,,,,,,,,,,,,,,,,,,,,,,,,,,,,,,,,,,,,,,,,,,,,,,,,,,,,,,,,,,,,,,,,,,,,,,,,,,,,,,,,,,,,,,,,,,,,0,,,,,0,,,,,,,,,,,,,,,,,,,,,,,,,,,,,,,,,,,,,,,,,,,,,,,,,,,,,,,,,,,,,,,,,,,,,,,,,,,,,,,,,,,,,,,,,,0,,,,,,,,,,,,,,,,,,,,,,21,84,23,15,12,51,0,78,1,216,0,46,0,3,1,5,20,15,62,16,26,33,14,10,47,13,1,1,1,1,4,0,0,0,0,0,0,0,0,0,0,0,22607,763,173,1233,910,3800,0,1174,3659,1662,0,616,0,229,1388,14695,1994,587,162,572,1722,0,939,0,823,2000,14848,960,138767,3469,185464,0,0,0,0,0,0,0,0,0,0,0,16652,184,28,902,529,194,0,194,3659,160,0,333,0,56,1388,9436,382,278,58,278,1778,0,86,0,90,223,14848,960,138767,3469,23923,0,0,0,0,0,0,0,0,0,0,0,91,1,1,1,0,0,1,82,1,0,0,0,0,14,2,0,15,6,3,0,1,1,2,0,17,30,0,1,0,1,1,0,0,1,0,0,0,0,0,0,0,0,2391,56,0,347,0,0,416,706,833,0,0,0,0,818,83,0,483,1155,254,0,1665,278,3955,0,563,515,0,139,0,69,2082,0,0,278,0,0,0,0,0,0,0,0,624,56,0,347,0,0,416,278,833,0,0,0,0,208,83,0,208,1110,278,0,1665,278,3955,0,642,278,0,139,0,69,2082,0,0,278,0,0,0,0,0,0,0,0,18,34,5,2,2,21,2,0,39,5,0,0,3,1,0,0,1,27,1,0,0,4,3,0,1,2,9,0,1,0,0,0,0,0,0,0,0,0,11695,248,54,957,12,483,97,0,319,414,0,0,20815,139,0,0,416,132,1041,0,0,0,494,0,14,0,429,0,138767,0,0,0,0,0,0,0,0,0,9020,117,33,957,12,51,97,0,96,275,0,0,14571,139,0,0,416,33,1041,0,0,0,54,0,14,0,58,0,138767,0,0,0,0,0,0,0,0,0,0,118,1,25,1,0,43,0,0,0,0,0,0,1,0,0,0,0,0,0,0,0,0,0,0,0,0,0,1,0,0,0,278,18,278,0,16,0,0,0,0,0,0,0,0,0,0,0,0,0,0,0,0,0,0,0,0,0,139,0,0,0,278,7,278,0,7,0,0,0,0,0,0,0,0,0,0,0,0,0,0,0,0,0,0,0,0,0,139,0,0,7,9,0,0,0,0,0,0,25,0,10,,0,0,0,0,0,0,0,0,0,,0,0,0,0,0,0,241,524,0,0,0,0,0,0,4051,0,0,,0,0,0,0,0,0,0,0,0,,0,0,0,0,0,0,139,522,0,0,0,0,0,0,1578,0,0,,0,0,0,0,0,0,0,0,0,,0,0,0,0,0,0,0,0,0,0,0,0,0,0,0,0,0,0,0,0,0,0,0,0,1,0,0,0,0,0,0,0,0,0,0,,0,0,0,0,0,0,0,0,0,0,0,0,0,0,0,0,0,0,0,0,11795,0,0,0,0,0,0,0,0,0,0,,0,0,0,0,0,0,0,0,0,0,0,0,0,0,0,0,0,0,0,0,11795,0,0,0,0,0,0,0,0,0,0,,0,2,11,77,0,18,3,0,11,0,10,11,0,0,0,0,0,0,0,0,0,0,0,0,0,0,0,0,0,0,0,0,0,0,0,0,0,0,0,0,0,0,0,0,0,0,0,0,0,0,0,0,0,0,0,,0,0,0,,0,0,0,,0,0,0,0,0,0,0,0,0,0,0,0,0,0,0,0,0,0,0,0,0,0,0,0,0,0,0,0,0,0,0,0,0,0,0,0,0,0,0,0,0,0,0,0,0,0,0,0,0,0,0,0,0,0,0,0,0,0,0,0,0,0,0,0,0,0,0,0,0,0,0,,,,,,,,,,,,,,,,,,,,,,,,,,,,,,,,,,,,,,,,,,,,,,,,,,,,,,,,,,,,,,,,,,,,,,,,,,,,,,,,,,,,,,,,,,,,,,,,,,,,,,,,,,,,,,,,,,,,,,,,,,,,,,,,,,,,,,,,,,,,,,,,,,,,,,,,,,,,,,,,,,,,,,,,,,,,,,,,,,,,,,,,,,,,,,,,,,,,,,,,,,,,,,,,,,,,,,,,,,,,,,,,,,,,,,,,,,,,,,,,,,,,,,,,,,,,,,,,,,,,,,,,,,,,,,,,,,,,,,,,,,,,,,,,,,,,,,,,,,,,,,,,,,,,,,,,,,,,,,,,,,,,,,,,,,,,,,,,,,,,,,,,,,,,,,,,,,,,,,,,,,,,,,,,,,,,,,,,,,,,,,,,,,,,,,,,,,,,,,,,,,,,,,,,,,,,,,,,,,,,,,,,,,,,,,,,,,,,,,,,,,,,,,,,,,,,,,,,,,,,,,,,,,,,,,,,,,0,0,0,0,0,0,0,0,0,0,0,0,0,0,0,0,0
TX1012700,2006,Katy Police Department,Texas,13631,,,,,,,,,,,,,,,,,,,,,,,,,,,,,,,,,,,,,,,,,,,,,,,,,,,,,,,,,,,,,,,,,,,,,,,,,,,,,,,,,,,,,,,,,,,,,,,,,,,,,,,,,,,,,,,,,,,,,,,,,,,,,,,,,,,,,,,,,,,,,,,,,,,,,,,,,,,,,,,,,,,,,,,,,,,,,,,,,,,,,,,,,,,,,,,,,,,,,,,,,,,,,,,,,,,,,,,,,,,,,,,,,,,,,,,,,,,,,,,,,,,,,,,,,,,,,,,,,,,,,,,,,,,,,,,,,,,,,,,,,,,,,,,,,,,,,,,,,,,,,,,,,,,,,,,,,,,,,,,,,,,,,,,,,,,,,,,,,,,,,,,,,,,,,,,,,,,,,,,,,,,,,,,,,,,,,,,,,,,,,,,,,,,,,,,,,,,,,,,,,,,,,,,,,,,,,,,,,,,,,,,,,,,,,,,,,,,,,,,,,,,,,,,,,,,,,,,,,,,,,,,,,,,,,,,,,,,,,,,,,,,,,,,,,,,,,,,,,,,,,,,,,,,,,,,,,,,,,,,,,,,,,,,,,,,,,,,,,,,,,,,,,,,,,,,,,,,,,,,,,,,,,,,,,,,,,,,,,,,,,,,,,,,,,,,,,,,,,,,,,,,,,,,,,,,,,,,,,,,,,,,,,,,,,,,,,,,,,,,,,,,,,,,,,,,,,,,,,,,,,,,,,,,,,,,,,,,,,,,,,,,,,,,,,,,,,,,,,,,,,,,,,,,,,,,,,,,,,,,,,,,,,,,,,,,,,,,,,,,,,,,,,,,,,,,,,,,,,,,,,,,,,,,,,,,,,,,,,,,,,,,,,,,,,,,,,,,,,,,,,,,,,,,,,,,,,,,,,,,,,,,,,,,,,,,,,,,,,,,,,,,,,,,,,,,,,,,,,,,,,,,,,,,,,,,,,,,,,,,,,,,,,,,,,,,,,,,,,,,,,,,,,,,,,,,,,,,,,,,,,,,,,,,,,,,,,,,,,,,,,,,,,,,,,,,,,,,,,,,,,,,,,,,,,,,,,,,,,,,,,,,,,,,,,,,,,,,,,,,,,,,,,,,,,,,,,,,,,,,,,,,,,,,,,,,,,,,,,,,,,,,,,,,,,,,,,,,,,,,,,,,,,,,,,,,,,,,,,,,,,,,,,,,,,,,,,,,,,,,,,,,,,,,,,,,,,,,,,,,,,,,,,,,,,,,,,,,,,,,,,,,,,,,,,,,,,,,,,,,,,,,,,,,,,,,,,,,,,,,,,,,,,,,,,,,,,,,,,,,,,,,,,,,,,,,,,,,,,,,,,,,,,,,,,,,,,,,,,,,,,,,,,,,,,,,,,,,,,,,,,,,,,,,,,,,,,,,,,,,,,,,,,,,,,,,,,,,,,,,,,,,,,,,,,,,,,,,,,,,,,,,,,,,,,,,,,,,,,,,,,,,,,,,,,,,,,,,,,,,,,,,,,,,,,,,,,,,,,,,,,,,,,,,,,,,,,,,,,,,,,,,,,,,,,,,,,,,,,,,,,,,,,,,,,,,,,,,,,,,,,,,,,,,,,,,,,,,,,,,,,,,,,,,,,,,,,,,,,,,,,,,,,,,,,,,,,,,,,,,,,,,,,,,,,,,,,,,,,,,,,,,,,,,,,,,,,,,,,,,,,,,,,,,,,,,,,,,,,,,,,,,,,,,,,,,,,,,,,,,,,,,,,,,,,,,,,,,,,,,,,,,,,,,,,,,,,,,,,,,,,,,,,,,,,,,,,,,,,,,,,,,,,,,,,,,,,,,,,,,,,,,,,,,,,,,,,,,,,,,,,,,,,,,,,,,,,,,,,,,,,,,,,,,,,,,,,,,,,,,,,,,,,,,,,,,,,,,,,,,,,,,,,,,,,,,,,,,,,,,,,,,,,,,,,,,,,,,,,,,,,,,,,,,,,,,,,,,,,,,,,,,,,,,,,,,,,,,,,,,,,,,,,,,,,,,,,,,,,,,,,,,,,,,,,,,,,,,,,,,,,,,,,,,,,,,,,,,,,,,,,,,,,,,,,,,,,,,,,,,,,,,,,,,,,,,,,,,,,,,,,,,,,,,,,,,,,,,,,,,,,,,,,,,,,,,,,,,,,,,,,,,,,,,,,,,,,,,,,,,,,,,,,,,,,,,,,,,,,,,,,,,,,,,,,,,,,,,,,,,,,,,,,,,,,,,,,,,,,,,,,,,,,,,,,,,,,,,,,,,,,,,,,,,,,,,,,,,,,,,,,,,,,,,,,,,,,,,,,,,,,,,,,,,,,,,,,,,,,,,,,,,0,,,,,,,,,,,,,,,,,,,,,,,,,,,,,,,,,,,,,,,,,,,,,,,,,,,,,,,,,,,,,,,,,,,,,,,,,,,,,,,,,,,,,,,,,,,,,,,,,,,,,,,,,,,,,,,,,,,,,,,,,,,,,,,,,,,,,,,,,,,,,,,,,,,,,,,,,,,,,,,,,,,,,,,,,,,,,,,,,,,,,,,,,,,,,,,,,,,,,,,,,,,,,,,,,,,,,,,,,,,,,,,,,,,,,,,,,,,,,,,,,,,,,,,,,,,,,,,,,,,,,,,,,,,,,,,,,,,,,,,,,,,,,,,,,,,,,,,,,,,,,,,,,,,,,,,,,,,,,,,,,,,,,,,,,,,,,,,,,,,,,,,,,,,,,,,,,,,,,,,,,,,,,,,,,,,,,,,,,,,,,,,,,,,,,,,,,,,,,,,,,,,,,,,,,,,,,,,,,,,,,,,,,,,,,,,,,,,,,,,,,,,,,,,,,,,,,,,,,,,,,,,,,,,,,,,,,,,,,,,,,,,,,,,,,,,,,,,,,,,,,,,,,,,,,,,,,,,,,,,,,,,,,,,,,,,,,,,,,,,,,,,,,,,,,,,,,,,,,,,,,,,,,,,,,,,,,,,,,,,,,,,,,,,,,,,,,,,,,,,,,,,,,,,,,,,,,,,,,,,,,,,,,,,,,,,,,,,,,,,,,,,,,,,,,,,,,,,,,,,,,,,,,,,,,,,,,,,,,,,,,,,,,,,,,,,,,,,,,,,,,,,,,,0,,,,,0,,,,,,,,,,,,,,,,,,,,,,,,,,,,,,,,,,,,,,,,,,,,,,,,,,,,,,,,,,,,,,,,,,,,,,,,,,,,,,,,,,,,,,,,,,0,,,,,,,,,,,,,,,,,,,,,,37,61,22,12,14,36,0,60,3,174,0,29,0,4,1,1,17,11,69,8,30,32,7,8,50,9,1,0,0,0,8,0,0,0,0,0,0,0,1,0,0,0,22273,203,502,907,1427,1873,0,1212,860,586,0,9722,0,878,3361,8066,725,516,242,648,1774,0,155,0,255,797,24198,0,0,0,22625,0,0,0,0,0,0,0,4026,0,0,0,16132,101,91,891,538,54,0,403,336,134,0,403,0,77,3361,8066,350,403,67,168,1210,0,159,0,67,336,24198,0,0,0,14590,0,0,0,0,0,0,0,4026,0,0,0,101,1,0,2,0,0,1,89,3,0,0,0,0,35,1,0,7,4,4,0,1,0,0,0,17,28,0,1,0,1,2,0,0,1,0,0,0,0,0,0,0,0,887,13444,0,423,0,0,27,611,211,0,0,0,0,1463,323,0,982,61679,595,0,101,0,0,0,844,378,0,101,0,34,94,0,0,20,0,0,0,0,0,0,0,0,370,13444,0,423,0,0,27,202,269,0,0,0,0,202,323,0,336,2339,168,0,101,0,0,0,269,302,0,101,0,34,94,0,0,20,0,0,0,0,0,0,0,0,30,28,5,1,2,18,2,0,31,2,0,0,0,0,3,0,1,30,1,0,0,3,3,2,1,1,6,0,0,0,0,0,0,0,0,0,0,0,26600,148,104,1613,757,98,348,0,116,450,0,0,0,0,393,0,66,71,343,0,0,0,833,17950,13,0,123,0,0,0,0,0,0,0,0,0,0,0,16132,101,80,1613,757,35,348,0,36,450,0,0,0,0,475,0,66,44,343,0,0,0,134,17950,13,0,135,0,0,0,0,0,0,0,0,0,0,0,0,113,0,16,0,0,45,0,3,2,0,0,0,0,0,0,0,0,0,0,0,0,0,0,0,0,0,0,0,0,0,0,0,35,0,0,8,0,13134,3913,0,0,0,0,0,0,0,0,0,0,0,0,0,0,0,0,0,0,0,0,0,0,0,11,0,0,7,0,15026,3913,0,0,0,0,0,0,0,0,0,0,0,0,0,0,0,0,0,0,0,0,0,3,6,0,1,0,0,0,0,12,4,11,,0,0,0,0,0,0,0,0,0,,0,0,0,0,0,0,233,1720,0,32613,0,0,0,0,1633,0,0,,0,0,0,0,0,0,0,0,0,,0,0,0,0,0,0,134,630,0,32613,0,0,0,0,1311,0,0,,0,0,0,0,0,0,0,0,0,,0,0,0,0,0,0,2,1,0,0,0,0,0,0,0,0,0,0,0,1,0,0,0,0,0,0,0,0,0,0,0,0,0,0,0,,0,0,43691,1143,0,0,0,0,0,0,0,0,0,0,0,3092,0,0,0,0,0,0,0,0,0,0,0,0,0,0,0,,0,0,43691,1143,0,0,0,0,0,0,0,0,0,0,0,3092,0,0,0,0,0,0,0,0,0,0,0,0,0,0,0,,0,2,21,67,0,12,0,0,17,0,14,9,1,1,0,5,0,0,0,0,0,0,0,0,0,0,0,0,0,0,0,0,0,0,0,0,0,0,0,0,0,0,0,0,0,0,0,0,0,0,0,0,0,0,0,0,0,0,0,0,0,0,0,0,0,0,0,0,0,0,0,0,0,0,0,0,0,0,0,0,0,0,0,0,0,0,0,0,0,0,,,,0,0,0,0,0,0,0,0,0,0,0,0,0,0,0,0,0,0,,,,0,0,0,0,0,0,0,0,0,0,0,0,,,,0,0,0,0,0,0,,,,,,,,,,,,,,,,,,,,,,,,,,,,,,,,,,,,,,,,,,,,,,,,,,,,,,,,,,,,,,,,,,,,,,,,,,,,,,,,,,,,,,,,,,,,,,,,,,,,,,,,,,,,,,,,,,,,,,,,,,,,,,,,,,,,,,,,,,,,,,,,,,,,,,,,,,,,,,,,,,,,,,,,,,,,,,,,,,,,,,,,,,,,,,,,,,,,,,,,,,,,,,,,,,,,,,,,,,,,,,,,,,,,,,,,,,,,,,,,,,,,,,,,,,,,,,,,,,,,,,,,,,,,,,,,,,,,,,,,,,,,,,,,,,,,,,,,,,,,,,,,,,,,,,,,,,,,,,,,,,,,,,,,,,,,,,,,,,,,,,,,,,,,,,,,,,,,,,,,,,,,,,,,,,,,,,,,,,,,,,,,,,,,,,,,,,,,,,,,,,,,,,,,,,,,,,,,,,,,,,,,,,,,,,,,,,,,,,,,,,,,,,,,,,,,,,,,,,,,,,,,,,,,,,,,,,0,0,0,0,0,0,0,0,0,0,0,0,0,0,0,0,0
TX1012700,2007,Katy Police Department,Texas,13830,,,,,,,,,,,,,,,,,,,,,,,,,,,,,,,,,,,,,,,,,,,,,,,,,,,,,,,,,,,,,,,,,,,,,,,,,,,,,,,,,,,,,,,,,,,,,,,,,,,,,,,,,,,,,,,,,,,,,,,,,,,,,,,,,,,,,,,,,,,,,,,,,,,,,,,,,,,,,,,,,,,,,,,,,,,,,,,,,,,,,,,,,,,,,,,,,,,,,,,,,,,,,,,,,,,,,,,,,,,,,,,,,,,,,,,,,,,,,,,,,,,,,,,,,,,,,,,,,,,,,,,,,,,,,,,,,,,,,,,,,,,,,,,,,,,,,,,,,,,,,,,,,,,,,,,,,,,,,,,,,,,,,,,,,,,,,,,,,,,,,,,,,,,,,,,,,,,,,,,,,,,,,,,,,,,,,,,,,,,,,,,,,,,,,,,,,,,,,,,,,,,,,,,,,,,,,,,,,,,,,,,,,,,,,,,,,,,,,,,,,,,,,,,,,,,,,,,,,,,,,,,,,,,,,,,,,,,,,,,,,,,,,,,,,,,,,,,,,,,,,,,,,,,,,,,,,,,,,,,,,,,,,,,,,,,,,,,,,,,,,,,,,,,,,,,,,,,,,,,,,,,,,,,,,,,,,,,,,,,,,,,,,,,,,,,,,,,,,,,,,,,,,,,,,,,,,,,,,,,,,,,,,,,,,,,,,,,,,,,,,,,,,,,,,,,,,,,,,,,,,,,,,,,,,,,,,,,,,,,,,,,,,,,,,,,,,,,,,,,,,,,,,,,,,,,,,,,,,,,,,,,,,,,,,,,,,,,,,,,,,,,,,,,,,,,,,,,,,,,,,,,,,,,,,,,,,,,,,,,,,,,,,,,,,,,,,,,,,,,,,,,,,,,,,,,,,,,,,,,,,,,,,,,,,,,,,,,,,,,,,,,,,,,,,,,,,,,,,,,,,,,,,,,,,,,,,,,,,,,,,,,,,,,,,,,,,,,,,,,,,,,,,,,,,,,,,,,,,,,,,,,,,,,,,,,,,,,,,,,,,,,,,,,,,,,,,,,,,,,,,,,,,,,,,,,,,,,,,,,,,,,,,,,,,,,,,,,,,,,,,,,,,,,,,,,,,,,,,,,,,,,,,,,,,,,,,,,,,,,,,,,,,,,,,,,,,,,,,,,,,,,,,,,,,,,,,,,,,,,,,,,,,,,,,,,,,,,,,,,,,,,,,,,,,,,,,,,,,,,,,,,,,,,,,,,,,,,,,,,,,,,,,,,,,,,,,,,,,,,,,,,,,,,,,,,,,,,,,,,,,,,,,,,,,,,,,,,,,,,,,,,,,,,,,,,,,,,,,,,,,,,,,,,,,,,,,,,,,,,,,,,,,,,,,,,,,,,,,,,,,,,,,,,,,,,,,,,,,,,,,,,,,,,,,,,,,,,,,,,,,,,,,,,,,,,,,,,,,,,,,,,,,,,,,,,,,,,,,,,,,,,,,,,,,,,,,,,,,,,,,,,,,,,,,,,,,,,,,,,,,,,,,,,,,,,,,,,,,,,,,,,,,,,,,,,,,,,,,,,,,,,,,,,,,,,,,,,,,,,,,,,,,,,,,,,,,,,,,,,,,,,,,,,,,,,,,,,,,,,,,,,,,,,,,,,,,,,,,,,,,,,,,,,,,,,,,,,,,,,,,,,,,,,,,,,,,,,,,,,,,,,,,,,,,,,,,,,,,,,,,,,,,,,,,,,,,,,,,,,,,,,,,,,,,,,,,,,,,,,,,,,,,,,,,,,,,,,,,,,,,,,,,,,,,,,,,,,,,,,,,,,,,,,,,,,,,,,,,,,,,,,,,,,,,,,,,,,,,,,,,,,,,,,,,,,,,,,,,,,,,,,,,,,,,,,,,,,,,,,,,,,,,,,,,,,,,,,,,,,,,,,,,,,,,,,,,,,,,,,,,,,,,,,,,,,,,,,,,,,,,,,,,,,,,,,,,,,,,,,,,,,,,,,,,,,,,,,,,,,,,,,,,,,,,,,,,,,,,,,,,,,,,,,,,,,,,,,,,,,,,,,,,,,,,,,,,,,,,,,,,,,,,,,,,,,,,,,,,,,,,,,,,,,,,,,,,,,,,,,,,,,,,,,,,,,,,,,,,,,,,,,,,,,,,,,,,,,,,,,,,,,,,,,,,,,,,,,,,,,,,,,,,,,,,,,,,,,,,,,,,,,,,,,,,,,,,,,,,,,,,,,,,,,,,,,,,,,,,,,,,,,,,,,,,,,,,,,,,,,,,,,,,,,,,,,,,,,,,,,,,,,,,,,,,,,,,,,,,,,,,,,,,,,,,,,,,,,,,,,,,,,0,,,,,,,,,,,,,,,,,,,,,,,,,,,,,,,,,,,,,,,,,,,,,,,,,,,,,,,,,,,,,,,,,,,,,,,,,,,,,,,,,,,,,,,,,,,,,,,,,,,,,,,,,,,,,,,,,,,,,,,,,,,,,,,,,,,,,,,,,,,,,,,,,,,,,,,,,,,,,,,,,,,,,,,,,,,,,,,,,,,,,,,,,,,,,,,,,,,,,,,,,,,,,,,,,,,,,,,,,,,,,,,,,,,,,,,,,,,,,,,,,,,,,,,,,,,,,,,,,,,,,,,,,,,,,,,,,,,,,,,,,,,,,,,,,,,,,,,,,,,,,,,,,,,,,,,,,,,,,,,,,,,,,,,,,,,,,,,,,,,,,,,,,,,,,,,,,,,,,,,,,,,,,,,,,,,,,,,,,,,,,,,,,,,,,,,,,,,,,,,,,,,,,,,,,,,,,,,,,,,,,,,,,,,,,,,,,,,,,,,,,,,,,,,,,,,,,,,,,,,,,,,,,,,,,,,,,,,,,,,,,,,,,,,,,,,,,,,,,,,,,,,,,,,,,,,,,,,,,,,,,,,,,,,,,,,,,,,,,,,,,,,,,,,,,,,,,,,,,,,,,,,,,,,,,,,,,,,,,,,,,,,,,,,,,,,,,,,,,,,,,,,,,,,,,,,,,,,,,,,,,,,,,,,,,,,,,,,,,,,,,,,,,,,,,,,,,,,,,,,,,,,,,,,,,,,,,,,,,,,,,,,,,,,,,,,,,,,,,,,,,,,,,,0,,,,,0,,,,,,,,,,,,,,,,,,,,,,,,,,,,,,,,,,,,,,,,,,,,,,,,,,,,,,,,,,,,,,,,,,,,,,,,,,,,,,,,,,,,,,,,,,0,,,,,,,,,,,,,,,,,,,,,,27,123,39,18,8,51,1,85,7,218,0,60,0,3,0,0,21,18,96,12,44,33,11,12,46,25,3,1,1,0,3,0,0,0,0,0,0,0,0,0,0,0,36066,215,262,2760,3303,3414,78,1029,1009,964,0,825,0,37,0,0,1567,693,813,432,1983,0,1119,0,150,520,7272,1307,52274,0,9331,0,0,0,0,0,0,0,0,0,0,0,6534,113,51,882,980,131,78,235,183,196,0,441,0,8,0,0,353,261,91,261,1372,0,157,0,65,131,3395,1307,52274,0,1019,0,0,0,0,0,0,0,0,0,0,0,111,2,2,5,0,0,1,81,2,0,0,1,0,21,0,2,6,5,6,0,1,0,4,0,11,35,0,1,0,0,3,0,0,1,0,0,0,0,0,0,0,0,928,61,42,1192,0,0,0,627,1503,0,0,0,0,518,0,196,502,8108,313,0,11762,0,359,0,3300,346,0,65,0,0,501,0,0,261,0,0,0,0,0,0,0,0,392,61,42,1045,0,0,0,217,1503,0,0,0,0,261,0,196,261,261,163,0,11762,0,294,0,653,261,0,65,0,0,523,0,0,261,0,0,0,0,0,0,0,0,17,80,15,1,2,17,1,0,43,2,1,0,1,0,3,0,2,47,8,0,0,1,2,0,2,2,5,0,0,0,0,0,0,0,0,0,0,0,28644,142,66,1196,93,30,34,0,86,404,77,0,6534,0,295,0,653,211,141,0,0,0,1097,0,11,0,518,0,0,0,0,0,0,0,0,0,0,0,6600,91,51,1196,93,21,34,0,42,404,77,0,6534,0,162,0,653,82,48,0,0,0,1097,0,11,0,39,0,0,0,0,0,0,0,0,0,0,0,0,84,1,11,0,0,47,0,4,0,0,0,0,0,0,0,0,0,0,0,0,0,0,0,0,0,0,0,0,0,0,0,0,5,0,0,8,0,49906,0,0,0,0,0,0,0,0,0,0,0,0,0,0,0,0,0,0,0,0,0,0,0,0,3,0,0,7,0,10750,0,0,0,0,0,0,0,0,0,0,0,0,0,0,0,0,0,0,0,0,0,0,4,5,0,0,0,0,0,0,20,3,10,,0,0,0,0,0,0,0,0,0,,0,0,0,0,0,0,6087,871,0,0,0,0,0,0,2159,0,0,,0,0,0,0,0,0,0,0,0,,0,0,0,0,0,0,78,388,0,0,0,0,0,0,768,0,0,,0,0,0,0,0,0,0,0,0,,0,0,0,0,0,0,2,0,0,0,0,0,0,0,0,0,0,0,0,0,0,0,0,0,0,0,0,0,0,0,0,0,0,0,0,0,0,0,3921,0,0,0,0,0,0,0,0,0,0,0,0,0,0,0,0,0,0,0,0,0,0,0,0,0,0,0,0,0,0,0,3921,0,0,0,0,0,0,0,0,0,0,0,0,0,0,0,0,0,0,0,0,0,0,0,0,0,0,0,0,0,0,2,15,46,0,8,0,1,16,2,9,5,0,0,0,0,2,0,0,0,0,0,0,0,0,0,0,0,0,0,0,0,0,0,0,0,0,0,0,0,0,0,0,0,,0,0,,0,0,,0,0,0,0,,0,0,0,,0,0,0,,0,0,0,0,0,0,0,0,0,0,0,0,0,0,0,0,0,0,0,0,0,0,0,0,0,0,0,0,0,0,0,0,0,0,0,0,0,0,0,0,0,0,0,0,0,0,0,,,,,,,0,0,0,0,0,0,0,0,0,0,0,0,0,0,0,0,0,0,,,,,,,,,,,,,,,,,,,,,,,,,,,,,,,,,,,,,,,,,,,,,,,,,,,,,,,,,,,,,,,,,,,,,,,,,,,,,,,,,,,,,,,,,,,,,,,,,,,,,,,,,,,,,,,,,,,,,,,,,,,,,,,,,,,,,,,,,,,,,,,,,,,,,,,,,,,,,,,,,,,,,,,,,,,,,,,,,,,,,,,,,,,,,,,,,,,,,,,,,,,,,,,,,,,,,,,,,,,,,,,,,,,,,,,,,,,,,,,,,,,,,,,,,,,,,,,,,,,,,,,,,,,,,,,,,,,,,,,,,,,,,,,,,,,,,,,,,,,,,,,,,,,,,,,,,,,,,,,,,,,,,,,,,,,,,,,,,,,,,,,,,,,,,,,,,,,,,,,,,,,,,,,,,,,,,,,,,,,,,,,,,,,,,,,,,,,,,,,,,,,,,,,,,,,,,,,,,,,,,,,,,,,,,,,,,,,,,,,,,,,,,,,,,,,,,,,,,,,,,,,,,,,,,,,,,,0,0,0,0,0,0,0,0,0,0,0,0,0,0,0,0,0
TX1012700,2008,Katy Police Department,Texas,14106,,,,,,,,,,,,,,,,,,,,,,,,,,,,,,,,,,,,,,,,,,,,,,,,,,,,,,,,,,,,,,,,,,,,,,,,,,,,,,,,,,,,,,,,,,,,,,,,,,,,,,,,,,,,,,,,,,,,,,,,,,,,,,,,,,,,,,,,,,,,,,,,,,,,,,,,,,,,,,,,,,,,,,,,,,,,,,,,,,,,,,,,,,,,,,,,,,,,,,,,,,,,,,,,,,,,,,,,,,,,,,,,,,,,,,,,,,,,,,,,,,,,,,,,,,,,,,,,,,,,,,,,,,,,,,,,,,,,,,,,,,,,,,,,,,,,,,,,,,,,,,,,,,,,,,,,,,,,,,,,,,,,,,,,,,,,,,,,,,,,,,,,,,,,,,,,,,,,,,,,,,,,,,,,,,,,,,,,,,,,,,,,,,,,,,,,,,,,,,,,,,,,,,,,,,,,,,,,,,,,,,,,,,,,,,,,,,,,,,,,,,,,,,,,,,,,,,,,,,,,,,,,,,,,,,,,,,,,,,,,,,,,,,,,,,,,,,,,,,,,,,,,,,,,,,,,,,,,,,,,,,,,,,,,,,,,,,,,,,,,,,,,,,,,,,,,,,,,,,,,,,,,,,,,,,,,,,,,,,,,,,,,,,,,,,,,,,,,,,,,,,,,,,,,,,,,,,,,,,,,,,,,,,,,,,,,,,,,,,,,,,,,,,,,,,,,,,,,,,,,,,,,,,,,,,,,,,,,,,,,,,,,,,,,,,,,,,,,,,,,,,,,,,,,,,,,,,,,,,,,,,,,,,,,,,,,,,,,,,,,,,,,,,,,,,,,,,,,,,,,,,,,,,,,,,,,,,,,,,,,,,,,,,,,,,,,,,,,,,,,,,,,,,,,,,,,,,,,,,,,,,,,,,,,,,,,,,,,,,,,,,,,,,,,,,,,,,,,,,,,,,,,,,,,,,,,,,,,,,,,,,,,,,,,,,,,,,,,,,,,,,,,,,,,,,,,,,,,,,,,,,,,,,,,,,,,,,,,,,,,,,,,,,,,,,,,,,,,,,,,,,,,,,,,,,,,,,,,,,,,,,,,,,,,,,,,,,,,,,,,,,,,,,,,,,,,,,,,,,,,,,,,,,,,,,,,,,,,,,,,,,,,,,,,,,,,,,,,,,,,,,,,,,,,,,,,,,,,,,,,,,,,,,,,,,,,,,,,,,,,,,,,,,,,,,,,,,,,,,,,,,,,,,,,,,,,,,,,,,,,,,,,,,,,,,,,,,,,,,,,,,,,,,,,,,,,,,,,,,,,,,,,,,,,,,,,,,,,,,,,,,,,,,,,,,,,,,,,,,,,,,,,,,,,,,,,,,,,,,,,,,,,,,,,,,,,,,,,,,,,,,,,,,,,,,,,,,,,,,,,,,,,,,,,,,,,,,,,,,,,,,,,,,,,,,,,,,,,,,,,,,,,,,,,,,,,,,,,,,,,,,,,,,,,,,,,,,,,,,,,,,,,,,,,,,,,,,,,,,,,,,,,,,,,,,,,,,,,,,,,,,,,,,,,,,,,,,,,,,,,,,,,,,,,,,,,,,,,,,,,,,,,,,,,,,,,,,,,,,,,,,,,,,,,,,,,,,,,,,,,,,,,,,,,,,,,,,,,,,,,,,,,,,,,,,,,,,,,,,,,,,,,,,,,,,,,,,,,,,,,,,,,,,,,,,,,,,,,,,,,,,,,,,,,,,,,,,,,,,,,,,,,,,,,,,,,,,,,,,,,,,,,,,,,,,,,,,,,,,,,,,,,,,,,,,,,,,,,,,,,,,,,,,,,,,,,,,,,,,,,,,,,,,,,,,,,,,,,,,,,,,,,,,,,,,,,,,,,,,,,,,,,,,,,,,,,,,,,,,,,,,,,,,,,,,,,,,,,,,,,,,,,,,,,,,,,,,,,,,,,,,,,,,,,,,,,,,,,,,,,,,,,,,,,,,,,,,,,,,,,,,,,,,,,,,,,,,,,,,,,,,,,,,,,,,,,,,,,,,,,,,,,,,,,,,,,,,,,,,,,,,,,,,,,,,,,,,,,,,,,,,,,,,,,,,,,,,,,,,,,,,,,,,,,,,,,,,,,,,,,,,,,,,,,,,,,,,,,,,,,,,,,,,,,,,,,,,,,,,,,,,,,,,,,,,,,,,,,,,,,,,,,,,,,,,,,,,,,,,,,,,,,,,,,,,,,,,,,,,,,,,,,,,,,,,,,,,,,,,,,,,,,,,,,,,,,,,,,,,,,,,,,,,,,,,,,,,,,,,,,,,,,,,,,,,,,,,,,,,,,,,,,,,,,,,,,,,,,,,,,,,,0,,,,,,,,,,,,,,,,,,,,,,,,,,,,,,,,,,,,,,,,,,,,,,,,,,,,,,,,,,,,,,,,,,,,,,,,,,,,,,,,,,,,,,,,,,,,,,,,,,,,,,,,,,,,,,,,,,,,,,,,,,,,,,,,,,,,,,,,,,,,,,,,,,,,,,,,,,,,,,,,,,,,,,,,,,,,,,,,,,,,,,,,,,,,,,,,,,,,,,,,,,,,,,,,,,,,,,,,,,,,,,,,,,,,,,,,,,,,,,,,,,,,,,,,,,,,,,,,,,,,,,,,,,,,,,,,,,,,,,,,,,,,,,,,,,,,,,,,,,,,,,,,,,,,,,,,,,,,,,,,,,,,,,,,,,,,,,,,,,,,,,,,,,,,,,,,,,,,,,,,,,,,,,,,,,,,,,,,,,,,,,,,,,,,,,,,,,,,,,,,,,,,,,,,,,,,,,,,,,,,,,,,,,,,,,,,,,,,,,,,,,,,,,,,,,,,,,,,,,,,,,,,,,,,,,,,,,,,,,,,,,,,,,,,,,,,,,,,,,,,,,,,,,,,,,,,,,,,,,,,,,,,,,,,,,,,,,,,,,,,,,,,,,,,,,,,,,,,,,,,,,,,,,,,,,,,,,,,,,,,,,,,,,,,,,,,,,,,,,,,,,,,,,,,,,,,,,,,,,,,,,,,,,,,,,,,,,,,,,,,,,,,,,,,,,,,,,,,,,,,,,,,,,,,,,,,,,,,,,,,,,,,,,,,,,,,,,,,,,,,,,,,,,0,,,,,0,,,,,,,,,,,,,,,,,,,,,,,,,,,,,,,,,,,,,,,,,,,,,,,,,,,,,,,,,,,,,,,,,,,,,,,,,,,,,,,,,,,,,,,,,,0,,,,,,,,,,,,,,,,,,,,,,36,110,43,15,5,26,0,62,3,212,0,61,0,2,1,2,19,13,61,13,33,29,9,11,29,20,2,0,0,1,7,0,0,0,0,0,0,1,0,0,0,0,19284,440,186,928,3958,1228,0,1949,126,1105,0,1210,0,28,327,11329,529,1449,545,398,1414,0,4115,0,140,443,21151,0,0,126,15587,0,0,0,0,0,0,0,0,0,0,0,13847,133,86,818,4494,189,0,387,127,227,0,378,0,28,327,11329,277,504,132,189,881,0,390,0,50,376,21151,0,0,126,6923,0,0,0,0,0,0,0,0,0,0,0,107,2,0,2,0,0,0,46,2,0,0,0,0,20,0,1,10,4,9,0,1,1,0,0,9,26,1,0,0,0,0,0,1,1,0,0,0,1,0,0,0,0,1007,98,0,227,0,0,0,7322,1259,0,0,0,0,17788,0,504,1681,1920,1098,0,88,3776,0,0,650,448,7553,0,0,0,0,0,378,189,0,0,0,0,0,0,0,0,441,98,0,227,0,0,0,315,1259,0,0,0,0,189,0,504,346,629,566,0,88,3776,0,0,252,346,7553,0,0,0,0,0,378,189,0,0,0,0,0,0,0,0,18,73,17,4,0,10,1,1,31,3,0,0,0,0,2,0,0,36,2,0,0,0,2,0,0,0,3,0,0,0,0,1,0,0,0,0,0,0,14995,483,129,576,0,174,126,127,651,271,0,0,0,0,784,0,0,349,0,0,0,0,673,0,0,0,179,0,0,0,0,0,0,0,0,0,0,0,11329,101,113,441,0,21,126,127,123,277,0,0,0,0,784,0,0,130,0,0,0,0,673,0,0,0,63,0,0,0,0,0,0,0,0,0,0,0,0,104,1,23,0,0,73,0,2,0,0,0,0,0,0,1,0,0,0,0,0,0,0,0,0,0,0,0,0,0,0,0,629,9,0,0,6,0,4566,0,0,0,0,0,0,31470,0,0,0,0,0,0,0,0,0,0,0,0,0,0,0,0,629,5,0,0,4,0,4566,0,0,0,0,0,0,31470,0,0,0,0,0,0,0,0,0,0,0,0,0,0,0,2,6,0,0,0,0,0,0,13,1,3,,0,0,,0,0,0,0,0,,,0,0,1,0,0,0,86,5668,0,0,0,0,0,0,3404,0,0,,0,0,,0,0,0,0,0,,,0,0,1226,0,0,0,86,4085,0,0,0,0,0,0,1448,0,0,,0,0,,0,0,0,0,0,,,0,0,1226,0,0,0,0,0,1,0,0,1,0,0,0,0,0,0,0,0,0,0,0,0,0,0,0,0,0,0,0,0,0,0,0,0,0,0,0,0,2518,0,0,0,0,0,0,0,0,0,0,0,0,0,0,0,0,0,0,0,0,0,0,0,0,0,0,0,0,0,0,0,2518,0,0,0,0,0,0,0,0,0,0,0,0,0,0,0,0,0,0,0,0,0,0,0,0,0,0,0,0,1,12,58,0,5,0,0,26,0,7,3,1,0,0,3,0,0,0,0,0,0,0,0,0,0,0,0,0,0,0,0,0,0,0,0,0,0,0,0,0,0,0,0,0,0,0,0,0,0,0,0,0,0,0,0,0,0,0,0,0,0,0,0,0,0,0,0,0,0,0,0,0,0,0,0,0,0,0,0,0,0,0,0,0,0,0,0,0,0,,,,0,0,0,0,0,0,0,0,0,0,0,0,0,0,0,0,0,0,0,0,0,0,0,0,0,0,0,0,0,0,0,0,0,0,0,0,0,0,0,0,0,0,,,,,,,,,,,,,,,,,,,,,,,,,,,,,,,,,,,,,,,,,,,,,,,,,,,,,,,,,,,,,,,,,,,,,,,,,,,,,,,,,,,,,,,,,,,,,,,,,,,,,,,,,,,,,,,,,,,,,,,,,,,,,,,,,,,,,,,,,,,,,,,,,,,,,,,,,,,,,,,,,,,,,,,,,,,,,,,,,,,,,,,,,,,,,,,,,,,,,,,,,,,,,,,,,,,,,,,,,,,,,,,,,,,,,,,,,,,,,,,,,,,,,,,,,,,,,,,,,,,,,,,,,,,,,,,,,,,,,,,,,,,,,,,,,,,,,,,,,,,,,,,,,,,,,,,,,,,,,,,,,,,,,,,,,,,,,,,,,,,,,,,,,,,,,,,,,,,,,,,,,,,,,,,,,,,,,,,,,,,,,,,,,,,,,,,,,,,,,,,,,,,,,,,,,,,,,,,,,,,,,,,,,,,,,,,,,,,,,,,,,,,,,,,,,,,,,,,,,,,,,,,,,,,,,,,,,,0,0,0,0,0,0,0,0,0,0,0,0,0,0,0,0,0
TX1012700,2009,Katy Police Department,Texas,14166,,,,,,,,,,,,,,,,,,,,,,,,,,,,,,,,,,,,,,,,,,,,,,,,,,,,,,,,,,,,,,,,,,,,,,,,,,,,,,,,,,,,,,,,,,,,,,,,,,,,,,,,,,,,,,,,,,,,,,,,,,,,,,,,,,,,,,,,,,,,,,,,,,,,,,,,,,,,,,,,,,,,,,,,,,,,,,,,,,,,,,,,,,,,,,,,,,,,,,,,,,,,,,,,,,,,,,,,,,,,,,,,,,,,,,,,,,,,,,,,,,,,,,,,,,,,,,,,,,,,,,,,,,,,,,,,,,,,,,,,,,,,,,,,,,,,,,,,,,,,,,,,,,,,,,,,,,,,,,,,,,,,,,,,,,,,,,,,,,,,,,,,,,,,,,,,,,,,,,,,,,,,,,,,,,,,,,,,,,,,,,,,,,,,,,,,,,,,,,,,,,,,,,,,,,,,,,,,,,,,,,,,,,,,,,,,,,,,,,,,,,,,,,,,,,,,,,,,,,,,,,,,,,,,,,,,,,,,,,,,,,,,,,,,,,,,,,,,,,,,,,,,,,,,,,,,,,,,,,,,,,,,,,,,,,,,,,,,,,,,,,,,,,,,,,,,,,,,,,,,,,,,,,,,,,,,,,,,,,,,,,,,,,,,,,,,,,,,,,,,,,,,,,,,,,,,,,,,,,,,,,,,,,,,,,,,,,,,,,,,,,,,,,,,,,,,,,,,,,,,,,,,,,,,,,,,,,,,,,,,,,,,,,,,,,,,,,,,,,,,,,,,,,,,,,,,,,,,,,,,,,,,,,,,,,,,,,,,,,,,,,,,,,,,,,,,,,,,,,,,,,,,,,,,,,,,,,,,,,,,,,,,,,,,,,,,,,,,,,,,,,,,,,,,,,,,,,,,,,,,,,,,,,,,,,,,,,,,,,,,,,,,,,,,,,,,,,,,,,,,,,,,,,,,,,,,,,,,,,,,,,,,,,,,,,,,,,,,,,,,,,,,,,,,,,,,,,,,,,,,,,,,,,,,,,,,,,,,,,,,,,,,,,,,,,,,,,,,,,,,,,,,,,,,,,,,,,,,,,,,,,,,,,,,,,,,,,,,,,,,,,,,,,,,,,,,,,,,,,,,,,,,,,,,,,,,,,,,,,,,,,,,,,,,,,,,,,,,,,,,,,,,,,,,,,,,,,,,,,,,,,,,,,,,,,,,,,,,,,,,,,,,,,,,,,,,,,,,,,,,,,,,,,,,,,,,,,,,,,,,,,,,,,,,,,,,,,,,,,,,,,,,,,,,,,,,,,,,,,,,,,,,,,,,,,,,,,,,,,,,,,,,,,,,,,,,,,,,,,,,,,,,,,,,,,,,,,,,,,,,,,,,,,,,,,,,,,,,,,,,,,,,,,,,,,,,,,,,,,,,,,,,,,,,,,,,,,,,,,,,,,,,,,,,,,,,,,,,,,,,,,,,,,,,,,,,,,,,,,,,,,,,,,,,,,,,,,,,,,,,,,,,,,,,,,,,,,,,,,,,,,,,,,,,,,,,,,,,,,,,,,,,,,,,,,,,,,,,,,,,,,,,,,,,,,,,,,,,,,,,,,,,,,,,,,,,,,,,,,,,,,,,,,,,,,,,,,,,,,,,,,,,,,,,,,,,,,,,,,,,,,,,,,,,,,,,,,,,,,,,,,,,,,,,,,,,,,,,,,,,,,,,,,,,,,,,,,,,,,,,,,,,,,,,,,,,,,,,,,,,,,,,,,,,,,,,,,,,,,,,,,,,,,,,,,,,,,,,,,,,,,,,,,,,,,,,,,,,,,,,,,,,,,,,,,,,,,,,,,,,,,,,,,,,,,,,,,,,,,,,,,,,,,,,,,,,,,,,,,,,,,,,,,,,,,,,,,,,,,,,,,,,,,,,,,,,,,,,,,,,,,,,,,,,,,,,,,,,,,,,,,,,,,,,,,,,,,,,,,,,,,,,,,,,,,,,,,,,,,,,,,,,,,,,,,,,,,,,,,,,,,,,,,,,,,,,,,,,,,,,,,,,,,,,,,,,,,,,,,,,,,,,,,,,,,,,,,,,,,,,,,,,,,,,,,,,,,,,,,,,,,,,,,,,,,,,,,,,,,,,,,,,,,,,,,,,,,,,,,,,,,,,,,,,,,,,,,,,,,,,,,,,,,,,,,,,,,,,,,,,,,,,,,,,,,,,,,,,,,,,,,,,,,,,,,,,,,,,,,,,,,,,,,,,,,,,,,,,,,,,,,,,,,,,,,,,,,,,,,,,,,,,,,,,,,,,,,,,,,,,,,,,,,,,,,,,,,,,,,,,,,,,,,,,,,,,,,,,,,,,,,,0,,,,,,,,,,,,,,,,,,,,,,,,,,,,,,,,,,,,,,,,,,,,,,,,,,,,,,,,,,,,,,,,,,,,,,,,,,,,,,,,,,,,,,,,,,,,,,,,,,,,,,,,,,,,,,,,,,,,,,,,,,,,,,,,,,,,,,,,,,,,,,,,,,,,,,,,,,,,,,,,,,,,,,,,,,,,,,,,,,,,,,,,,,,,,,,,,,,,,,,,,,,,,,,,,,,,,,,,,,,,,,,,,,,,,,,,,,,,,,,,,,,,,,,,,,,,,,,,,,,,,,,,,,,,,,,,,,,,,,,,,,,,,,,,,,,,,,,,,,,,,,,,,,,,,,,,,,,,,,,,,,,,,,,,,,,,,,,,,,,,,,,,,,,,,,,,,,,,,,,,,,,,,,,,,,,,,,,,,,,,,,,,,,,,,,,,,,,,,,,,,,,,,,,,,,,,,,,,,,,,,,,,,,,,,,,,,,,,,,,,,,,,,,,,,,,,,,,,,,,,,,,,,,,,,,,,,,,,,,,,,,,,,,,,,,,,,,,,,,,,,,,,,,,,,,,,,,,,,,,,,,,,,,,,,,,,,,,,,,,,,,,,,,,,,,,,,,,,,,,,,,,,,,,,,,,,,,,,,,,,,,,,,,,,,,,,,,,,,,,,,,,,,,,,,,,,,,,,,,,,,,,,,,,,,,,,,,,,,,,,,,,,,,,,,,,,,,,,,,,,,,,,,,,,,,,,,,,,,,,,,,,,,,,,,,,,,,,,,,,,,,,,,,0,,,,,0,,,,,,,,,,,,,,,,,,,,,,,,,,,,,,,,,,,,,,,,,,,,,,,,,,,,,,,,,,,,,,,,,,,,,,,,,,,,,,,,,,,,,,,,,,0,,,,,,,,,,,,,,,,,,,,,,25,152,62,12,4,27,0,65,5,199,0,44,0,3,1,1,19,21,82,14,32,25,4,6,44,14,0,0,0,0,4,0,0,0,0,0,0,1,0,0,1,0,24593,312,566,645,103,2054,0,1924,117,877,0,1589,0,26,12376,8587,1397,372,453,239,1316,0,8777,0,153,301,0,0,0,0,21935,0,0,0,0,0,0,10,0,0,7066,0,12629,85,69,631,111,884,0,354,63,253,0,505,0,25,12376,8587,631,202,117,189,783,0,8777,0,63,127,0,0,0,0,5113,0,0,0,0,0,0,10,0,0,7066,0,125,1,2,0,0,0,1,71,2,0,0,0,0,8,4,0,9,0,1,0,2,0,0,0,8,41,0,1,1,0,0,1,1,0,0,0,0,0,0,0,0,0,2013,557,1023,0,0,0,189,683,1957,0,0,0,0,163,1831,0,438,0,1263,0,44,0,0,0,1468,424,0,568,253,0,0,126,884,0,0,0,0,0,0,0,0,0,568,557,1023,0,0,0,189,253,1957,0,0,0,0,79,442,0,126,0,1263,0,44,0,0,0,758,379,0,568,253,0,0,126,884,0,0,0,0,0,0,0,0,0,9,85,27,4,1,7,2,1,28,5,0,0,0,0,3,0,4,38,4,0,0,1,2,1,0,0,3,0,0,0,0,0,0,0,0,0,0,0,37781,352,114,325,62,147,695,8,317,972,0,0,0,0,197,0,153,239,203,0,0,0,302,75772,0,0,138,0,0,0,0,0,0,0,0,0,0,0,12629,68,44,379,62,18,695,8,80,947,0,0,0,0,11,0,158,108,83,0,0,0,302,75772,0,0,138,0,0,0,0,0,0,0,0,0,0,0,1,109,0,19,0,0,59,0,0,0,0,0,0,0,0,0,0,0,0,0,0,0,0,0,0,0,0,0,0,0,0,0,0,7,0,0,7,0,0,0,0,0,0,0,0,0,0,0,0,0,0,0,0,0,0,0,0,0,0,0,0,0,0,5,0,0,4,0,0,0,0,0,0,0,0,0,0,0,0,0,0,0,0,0,0,0,0,0,0,0,0,11,11,0,0,0,0,0,0,12,2,6,,0,0,0,0,0,1,0,0,0,0,0,0,0,0,0,0,665,1720,0,0,0,0,0,0,4022,0,0,,0,0,0,0,0,379,0,0,0,0,0,0,0,0,0,0,126,1074,0,0,0,0,0,0,936,0,0,,0,0,0,0,0,379,0,0,0,0,0,0,0,0,0,0,0,0,0,0,0,0,0,0,0,0,0,0,0,0,0,0,0,0,0,0,0,0,0,0,0,0,0,0,0,0,0,0,0,0,0,0,0,0,0,0,0,0,0,0,0,0,0,0,0,0,0,0,0,0,0,0,0,0,0,0,0,0,0,0,0,0,0,0,0,0,0,0,0,0,0,0,0,0,0,0,0,0,0,0,0,0,0,0,0,0,0,0,0,0,0,0,9,80,0,3,2,0,13,0,15,1,0,0,0,2,1,0,0,0,0,0,0,0,0,0,0,0,0,0,0,0,0,0,0,0,0,0,0,0,0,0,0,0,,0,0,,0,0,,0,0,,0,0,0,,0,0,0,,0,0,0,0,0,0,0,0,0,0,0,0,0,0,0,,0,0,0,,0,0,0,,0,0,0,0,,,,0,0,0,0,0,0,0,0,0,0,0,0,0,0,0,0,0,0,0,0,0,0,0,0,,0,0,,0,0,,0,0,0,0,0,0,0,0,0,0,0,,,,0,0,0,0,0,0,0,0,0,0,0,0,0,0,0,0,0,0,0,0,0,0,0,0,0,0,0,0,0,0,0,0,0,0,0,0,0,0,0,0,0,0,0,0,0,0,0,0,0,0,0,0,0,0,0,0,0,0,0,0,0,0,0,0,0,0,0,0,0,0,0,0,0,0,0,0,0,0,0,0,0,0,0,0,0,0,0,0,0,0,0,0,0,0,0,0,0,0,0,0,0,0,0,0,0,0,0,0,0,0,0,0,0,0,0,0,0,0,0,0,0,0,0,0,0,0,0,0,0,0,0,0,0,0,0,0,0,0,0,0,0,0,0,0,0,0,0,,,,,,,,,,,,,,,,,,,,,,,,,,,,,,,,,,,,,,,,,,,,,,,,,,,,,,,,,,,,,,,,,,,,,,,,,,,,,,,,,,,,,,,,,,,,,,,,,,,,,,,,,,,,,,,,,,,,,,,,,,,,,,,,,,,,,,,,,,,,,,,,,,,,,,,,,,,,,,,,,,,,,,,,,,,,,,,,,,,,,,,,,,,,,,,,,,,,,,,,,,,,,,,,,,,,,,,,,,,,,,,,,,,,,,,,,,,,,,,,,,,,,,,,,,,,,,,,,,,,,,,,,,,,,,,,,,,,,,,,,,,,,,,,,,,,,,,,,,,,,,,,,,,,,,,,,,,,,,,,,,,,0,0,0,0,0,0,0,0,0,0,0,0,0,0,0,0,0
TX1012700,2010,Katy Police Department,Texas,14070,,,,,,,,,,,,,,,,,,,,,,,,,,,,,,,,,,,,,,,,,,,,,,,,,,,,,,,,,,,,,,,,,,,,,,,,,,,,,,,,,,,,,,,,,,,,,,,,,,,,,,,,,,,,,,,,,,,,,,,,,,,,,,,,,,,,,,,,,,,,,,,,,,,,,,,,,,,,,,,,,,,,,,,,,,,,,,,,,,,,,,,,,,,,,,,,,,,,,,,,,,,,,,,,,,,,,,,,,,,,,,,,,,,,,,,,,,,,,,,,,,,,,,,,,,,,,,,,,,,,,,,,,,,,,,,,,,,,,,,,,,,,,,,,,,,,,,,,,,,,,,,,,,,,,,,,,,,,,,,,,,,,,,,,,,,,,,,,,,,,,,,,,,,,,,,,,,,,,,,,,,,,,,,,,,,,,,,,,,,,,,,,,,,,,,,,,,,,,,,,,,,,,,,,,,,,,,,,,,,,,,,,,,,,,,,,,,,,,,,,,,,,,,,,,,,,,,,,,,,,,,,,,,,,,,,,,,,,,,,,,,,,,,,,,,,,,,,,,,,,,,,,,,,,,,,,,,,,,,,,,,,,,,,,,,,,,,,,,,,,,,,,,,,,,,,,,,,,,,,,,,,,,,,,,,,,,,,,,,,,,,,,,,,,,,,,,,,,,,,,,,,,,,,,,,,,,,,,,,,,,,,,,,,,,,,,,,,,,,,,,,,,,,,,,,,,,,,,,,,,,,,,,,,,,,,,,,,,,,,,,,,,,,,,,,,,,,,,,,,,,,,,,,,,,,,,,,,,,,,,,,,,,,,,,,,,,,,,,,,,,,,,,,,,,,,,,,,,,,,,,,,,,,,,,,,,,,,,,,,,,,,,,,,,,,,,,,,,,,,,,,,,,,,,,,,,,,,,,,,,,,,,,,,,,,,,,,,,,,,,,,,,,,,,,,,,,,,,,,,,,,,,,,,,,,,,,,,,,,,,,,,,,,,,,,,,,,,,,,,,,,,,,,,,,,,,,,,,,,,,,,,,,,,,,,,,,,,,,,,,,,,,,,,,,,,,,,,,,,,,,,,,,,,,,,,,,,,,,,,,,,,,,,,,,,,,,,,,,,,,,,,,,,,,,,,,,,,,,,,,,,,,,,,,,,,,,,,,,,,,,,,,,,,,,,,,,,,,,,,,,,,,,,,,,,,,,,,,,,,,,,,,,,,,,,,,,,,,,,,,,,,,,,,,,,,,,,,,,,,,,,,,,,,,,,,,,,,,,,,,,,,,,,,,,,,,,,,,,,,,,,,,,,,,,,,,,,,,,,,,,,,,,,,,,,,,,,,,,,,,,,,,,,,,,,,,,,,,,,,,,,,,,,,,,,,,,,,,,,,,,,,,,,,,,,,,,,,,,,,,,,,,,,,,,,,,,,,,,,,,,,,,,,,,,,,,,,,,,,,,,,,,,,,,,,,,,,,,,,,,,,,,,,,,,,,,,,,,,,,,,,,,,,,,,,,,,,,,,,,,,,,,,,,,,,,,,,,,,,,,,,,,,,,,,,,,,,,,,,,,,,,,,,,,,,,,,,,,,,,,,,,,,,,,,,,,,,,,,,,,,,,,,,,,,,,,,,,,,,,,,,,,,,,,,,,,,,,,,,,,,,,,,,,,,,,,,,,,,,,,,,,,,,,,,,,,,,,,,,,,,,,,,,,,,,,,,,,,,,,,,,,,,,,,,,,,,,,,,,,,,,,,,,,,,,,,,,,,,,,,,,,,,,,,,,,,,,,,,,,,,,,,,,,,,,,,,,,,,,,,,,,,,,,,,,,,,,,,,,,,,,,,,,,,,,,,,,,,,,,,,,,,,,,,,,,,,,,,,,,,,,,,,,,,,,,,,,,,,,,,,,,,,,,,,,,,,,,,,,,,,,,,,,,,,,,,,,,,,,,,,,,,,,,,,,,,,,,,,,,,,,,,,,,,,,,,,,,,,,,,,,,,,,,,,,,,,,,,,,,,,,,,,,,,,,,,,,,,,,,,,,,,,,,,,,,,,,,,,,,,,,,,,,,,,,,,,,,,,,,,,,,,,,,,,,,,,,,,,,,,,,,,,,,,,,,,,,,,,,,,,,,,,,,,,,,,,,,,,,,,,,,,,,,,,,,,,,,,,,,,,,,,,,,,,,,,,,,,,,,,,,,,,,,,,,,,,,,,,,,,,,,,,,,,,,,,,,,,,,,,,,,,,,,,,,,,,,,,,,,,,,,,,,,,,,,,,,,,,,,,,,,,,,,,,,,,,,,,,,,,,,,,,,,,,,,,,,,,,,,,,,,,,,,,,,,,,,,,,,,,,,,,,,,,,,,,,,,,,,,,,,,0,,,,,,,,,,,,,,,,,,,,,,,,,,,,,,,,,,,,,,,,,,,,,,,,,,,,,,,,,,,,,,,,,,,,,,,,,,,,,,,,,,,,,,,,,,,,,,,,,,,,,,,,,,,,,,,,,,,,,,,,,,,,,,,,,,,,,,,,,,,,,,,,,,,,,,,,,,,,,,,,,,,,,,,,,,,,,,,,,,,,,,,,,,,,,,,,,,,,,,,,,,,,,,,,,,,,,,,,,,,,,,,,,,,,,,,,,,,,,,,,,,,,,,,,,,,,,,,,,,,,,,,,,,,,,,,,,,,,,,,,,,,,,,,,,,,,,,,,,,,,,,,,,,,,,,,,,,,,,,,,,,,,,,,,,,,,,,,,,,,,,,,,,,,,,,,,,,,,,,,,,,,,,,,,,,,,,,,,,,,,,,,,,,,,,,,,,,,,,,,,,,,,,,,,,,,,,,,,,,,,,,,,,,,,,,,,,,,,,,,,,,,,,,,,,,,,,,,,,,,,,,,,,,,,,,,,,,,,,,,,,,,,,,,,,,,,,,,,,,,,,,,,,,,,,,,,,,,,,,,,,,,,,,,,,,,,,,,,,,,,,,,,,,,,,,,,,,,,,,,,,,,,,,,,,,,,,,,,,,,,,,,,,,,,,,,,,,,,,,,,,,,,,,,,,,,,,,,,,,,,,,,,,,,,,,,,,,,,,,,,,,,,,,,,,,,,,,,,,,,,,,,,,,,,,,,,,,,,,,,,,,,,,,,,,,,,,,,,,,,,,,,,,,0,,,,,0,,,,,,,,,,,,,,,,,,,,,,,,,,,,,,,,,,,,,,,,,,,,,,,,,,,,,,,,,,,,,,,,,,,,,,,,,,,,,,,,,,,,,,,,,,0,,,,,,,,,,,,,,,,,,,,,,20,141,49,14,9,43,0,77,2,186,0,48,0,3,4,2,26,23,44,9,59,38,7,15,66,15,1,0,0,0,6,0,0,3,0,0,0,0,1,0,0,0,13773,381,278,1114,304,1466,0,6335,217,1123,0,769,0,10,11646,2174,1995,923,418,476,1031,0,1791,0,213,767,1553,0,0,0,9447,0,0,128,0,0,0,0,5591,0,0,0,12425,86,93,516,230,55,0,199,217,227,0,410,0,4,4722,2174,503,249,98,311,639,0,918,0,62,311,1553,0,0,0,3066,0,0,124,0,0,0,0,5591,0,0,0,99,2,1,3,0,0,0,72,3,0,0,0,0,16,0,0,8,1,0,1,1,0,1,0,6,22,0,0,2,0,0,0,0,1,0,0,0,0,0,0,0,0,850,68,25,226,0,0,0,277,207,0,0,0,0,1963,0,0,352,621,0,12,62,0,1553,0,499,510,0,0,451,0,0,0,0,435,0,0,0,0,0,0,0,0,373,68,25,249,0,0,0,205,186,0,0,0,0,124,0,0,280,621,0,12,62,0,1553,0,249,497,0,0,451,0,0,0,0,435,0,0,0,0,0,0,0,0,15,74,18,1,2,20,2,0,26,6,0,0,0,0,3,0,0,18,2,0,0,1,11,1,1,1,6,0,0,1,0,0,0,0,0,0,0,0,13419,137,114,497,314,73,623,0,129,1394,0,0,0,0,221,0,0,87,94,0,0,0,512,3616,5900,0,193,0,0,249,0,0,0,0,0,0,0,0,9940,81,40,497,314,29,623,0,56,994,0,0,0,0,280,0,0,70,94,0,0,0,435,3616,5900,0,113,0,0,249,0,0,0,0,0,0,0,0,0,75,0,18,0,0,67,0,0,0,0,0,0,0,0,0,0,0,0,0,0,0,0,0,0,0,0,0,0,0,0,0,0,3,0,0,9,0,0,0,0,0,0,0,0,0,0,0,0,0,0,0,0,0,0,0,0,0,0,0,0,0,0,2,0,0,2,0,0,0,0,0,0,0,0,0,0,0,0,0,0,0,0,0,0,0,0,0,0,0,0,13,3,0,0,0,0,0,0,15,0,4,0,0,0,,0,0,0,0,0,,,0,0,1,0,0,0,106,3820,0,0,0,0,0,0,2728,0,0,0,0,0,,0,0,0,0,0,,,0,0,349,0,0,0,124,249,0,0,0,0,0,0,1108,0,0,0,0,0,,0,0,0,0,0,,,0,0,349,0,0,0,1,0,0,0,0,0,0,0,0,0,0,0,0,0,0,0,0,0,0,0,0,0,0,0,0,0,0,0,0,0,0,0,15532,0,0,0,0,0,0,0,0,0,0,0,0,0,0,0,0,0,0,0,0,0,0,0,0,0,0,0,0,0,0,0,15532,0,0,0,0,0,0,0,0,0,0,0,0,0,0,0,0,0,0,0,0,0,0,0,0,0,0,0,0,0,0,1,9,51,0,5,0,1,6,0,9,3,0,0,0,3,0,0,0,0,0,0,0,0,0,0,0,0,0,0,0,0,0,0,0,0,0,0,0,0,0,0,0,0,0,0,0,0,0,0,0,0,0,0,0,0,0,0,0,0,0,0,0,0,0,0,0,0,0,0,0,0,0,0,0,0,0,0,0,0,0,0,0,0,0,0,0,0,0,0,,,,0,0,0,0,0,0,0,0,0,0,0,0,0,0,0,0,0,0,0,0,0,0,0,0,,0,0,,0,0,,0,0,0,0,0,0,0,0,0,0,0,,,,0,0,0,0,0,0,0,0,0,0,0,0,0,0,0,0,0,0,0,0,0,0,0,0,0,0,0,0,0,0,0,0,0,0,0,0,0,0,0,0,0,0,0,0,0,0,0,0,0,0,0,0,0,0,0,0,0,0,0,0,0,0,0,0,0,0,0,0,0,0,0,0,0,0,0,0,0,0,0,0,0,0,0,0,0,0,0,0,0,0,0,0,0,0,0,0,0,0,0,0,0,0,0,0,0,0,0,0,0,0,0,0,0,0,0,0,0,0,0,0,0,0,0,0,0,0,0,0,0,0,0,0,0,0,0,0,0,0,0,0,0,0,0,0,0,0,0,0,0,0,0,0,0,0,0,0,0,0,0,0,0,0,0,0,0,0,0,0,0,0,0,0,0,0,0,0,0,0,0,0,0,0,0,0,0,0,0,0,0,0,0,0,0,0,0,0,0,0,0,0,0,0,0,0,0,0,0,0,0,0,0,0,0,0,0,0,0,0,0,0,0,0,0,0,0,0,0,0,0,0,0,0,0,0,0,0,0,0,0,0,0,0,0,0,0,0,0,0,0,0,0,0,0,0,0,0,0,0,0,0,0,0,0,0,0,0,0,0,0,0,0,0,0,0,0,0,0,0,0,0,0,0,0,0,0,0,0,0,0,0,0,0,0,0,0,0,0,0,0,0,0,0,0,0,0,0,0,0,0,0,0,0,,,,,,,,,,,,,,,,,,,,,,,,,,,,,,,,,,,,,,,,,,,,,,,,,,,,,,,,,,,,,,,,,,,,,,,,,,,,,,,,,,,,,,,,,,,,,,,,,,,,,,,,,,,,,,,,,,,,,,,,,,,,,,,,,,,,,,,,,,,,,,,,,,,,,,,,,,,,,,,0,0,0,0,0,0,0,0,0,0,0,0,0,0,0,0,0
TX1012700,2011,Katy Police Department,Texas,14399,,,,,,,,,,,,,,,,,,,,,,,,,,,,,,,,,,,,,,,,,,,,,,,,,,,,,,,,,,,,,,,,,,,,,,,,,,,,,,,,,,,,,,,,,,,,,,,,,,,,,,,,,,,,,,,,,,,,,,,,,,,,,,,,,,,,,,,,,,,,,,,,,,,,,,,,,,,,,,,,,,,,,,,,,,,,,,,,,,,,,,,,,,,,,,,,,,,,,,,,,,,,,,,,,,,,,,,,,,,,,,,,,,,,,,,,,,,,,,,,,,,,,,,,,,,,,,,,,,,,,,,,,,,,,,,,,,,,,,,,,,,,,,,,,,,,,,,,,,,,,,,,,,,,,,,,,,,,,,,,,,,,,,,,,,,,,,,,,,,,,,,,,,,,,,,,,,,,,,,,,,,,,,,,,,,,,,,,,,,,,,,,,,,,,,,,,,,,,,,,,,,,,,,,,,,,,,,,,,,,,,,,,,,,,,,,,,,,,,,,,,,,,,,,,,,,,,,,,,,,,,,,,,,,,,,,,,,,,,,,,,,,,,,,,,,,,,,,,,,,,,,,,,,,,,,,,,,,,,,,,,,,,,,,,,,,,,,,,,,,,,,,,,,,,,,,,,,,,,,,,,,,,,,,,,,,,,,,,,,,,,,,,,,,,,,,,,,,,,,,,,,,,,,,,,,,,,,,,,,,,,,,,,,,,,,,,,,,,,,,,,,,,,,,,,,,,,,,,,,,,,,,,,,,,,,,,,,,,,,,,,,,,,,,,,,,,,,,,,,,,,,,,,,,,,,,,,,,,,,,,,,,,,,,,,,,,,,,,,,,,,,,,,,,,,,,,,,,,,,,,,,,,,,,,,,,,,,,,,,,,,,,,,,,,,,,,,,,,,,,,,,,,,,,,,,,,,,,,,,,,,,,,,,,,,,,,,,,,,,,,,,,,,,,,,,,,,,,,,,,,,,,,,,,,,,,,,,,,,,,,,,,,,,,,,,,,,,,,,,,,,,,,,,,,,,,,,,,,,,,,,,,,,,,,,,,,,,,,,,,,,,,,,,,,,,,,,,,,,,,,,,,,,,,,,,,,,,,,,,,,,,,,,,,,,,,,,,,,,,,,,,,,,,,,,,,,,,,,,,,,,,,,,,,,,,,,,,,,,,,,,,,,,,,,,,,,,,,,,,,,,,,,,,,,,,,,,,,,,,,,,,,,,,,,,,,,,,,,,,,,,,,,,,,,,,,,,,,,,,,,,,,,,,,,,,,,,,,,,,,,,,,,,,,,,,,,,,,,,,,,,,,,,,,,,,,,,,,,,,,,,,,,,,,,,,,,,,,,,,,,,,,,,,,,,,,,,,,,,,,,,,,,,,,,,,,,,,,,,,,,,,,,,,,,,,,,,,,,,,,,,,,,,,,,,,,,,,,,,,,,,,,,,,,,,,,,,,,,,,,,,,,,,,,,,,,,,,,,,,,,,,,,,,,,,,,,,,,,,,,,,,,,,,,,,,,,,,,,,,,,,,,,,,,,,,,,,,,,,,,,,,,,,,,,,,,,,,,,,,,,,,,,,,,,,,,,,,,,,,,,,,,,,,,,,,,,,,,,,,,,,,,,,,,,,,,,,,,,,,,,,,,,,,,,,,,,,,,,,,,,,,,,,,,,,,,,,,,,,,,,,,,,,,,,,,,,,,,,,,,,,,,,,,,,,,,,,,,,,,,,,,,,,,,,,,,,,,,,,,,,,,,,,,,,,,,,,,,,,,,,,,,,,,,,,,,,,,,,,,,,,,,,,,,,,,,,,,,,,,,,,,,,,,,,,,,,,,,,,,,,,,,,,,,,,,,,,,,,,,,,,,,,,,,,,,,,,,,,,,,,,,,,,,,,,,,,,,,,,,,,,,,,,,,,,,,,,,,,,,,,,,,,,,,,,,,,,,,,,,,,,,,,,,,,,,,,,,,,,,,,,,,,,,,,,,,,,,,,,,,,,,,,,,,,,,,,,,,,,,,,,,,,,,,,,,,,,,,,,,,,,,,,,,,,,,,,,,,,,,,,,,,,,,,,,,,,,,,,,,,,,,,,,,,,,,,,,,,,,,,,,,,,,,,,,,,,,,,,,,,,,,,,,,,,,,,,,,,,,,,,,,,,,,,,,,,,,,,,,,,,,,,,,,,,,,,,,,,,,,,,,,,,,,,,,,,,,,,,,,,,,,,,,,,,,,,,,,,,,,,,,,,,,,,,,,,,,,,,,,,,,,,,,,,,,,,,,,,,,,,,,,,,,,,,,,,,,,,,,,,,,,,,,,,,,,,,,,,,,,,,,,,,,,,,,,,,,,,,,,,,,,,,,,,,,,,,,,,,,,,,,,0,,,,,,,,,,,,,,,,,,,,,,,,,,,,,,,,,,,,,,,,,,,,,,,,,,,,,,,,,,,,,,,,,,,,,,,,,,,,,,,,,,,,,,,,,,,,,,,,,,,,,,,,,,,,,,,,,,,,,,,,,,,,,,,,,,,,,,,,,,,,,,,,,,,,,,,,,,,,,,,,,,,,,,,,,,,,,,,,,,,,,,,,,,,,,,,,,,,,,,,,,,,,,,,,,,,,,,,,,,,,,,,,,,,,,,,,,,,,,,,,,,,,,,,,,,,,,,,,,,,,,,,,,,,,,,,,,,,,,,,,,,,,,,,,,,,,,,,,,,,,,,,,,,,,,,,,,,,,,,,,,,,,,,,,,,,,,,,,,,,,,,,,,,,,,,,,,,,,,,,,,,,,,,,,,,,,,,,,,,,,,,,,,,,,,,,,,,,,,,,,,,,,,,,,,,,,,,,,,,,,,,,,,,,,,,,,,,,,,,,,,,,,,,,,,,,,,,,,,,,,,,,,,,,,,,,,,,,,,,,,,,,,,,,,,,,,,,,,,,,,,,,,,,,,,,,,,,,,,,,,,,,,,,,,,,,,,,,,,,,,,,,,,,,,,,,,,,,,,,,,,,,,,,,,,,,,,,,,,,,,,,,,,,,,,,,,,,,,,,,,,,,,,,,,,,,,,,,,,,,,,,,,,,,,,,,,,,,,,,,,,,,,,,,,,,,,,,,,,,,,,,,,,,,,,,,,,,,,,,,,,,,,,,,,,,,,,,,,,,,,,,,,,,0,,,,,0,,,,,,,,,,,,,,,,,,,,,,,,,,,,,,,,,,,,,,,,,,,,,,,,,,,,,,,,,,,,,,,,,,,,,,,,,,,,,,,,,,,,,,,,,,0,,,,,,,,,,,,,,,,,,,,,,26,68,37,23,9,30,0,62,6,240,0,56,0,2,2,2,26,27,55,8,52,30,4,11,44,10,1,0,1,2,4,0,0,1,0,0,0,0,0,0,0,0,14343,305,102,1082,921,5831,0,3685,722,4678,0,733,0,82,5387,9638,908,842,162,239,1666,0,720,0,209,1307,15902,0,21685,12951,8120,0,0,361,0,0,0,0,0,0,0,0,12047,65,47,723,153,1702,0,239,431,247,0,361,0,82,5387,9638,482,334,83,242,723,0,720,0,60,482,15902,0,21685,12951,3795,0,0,361,0,0,0,0,0,0,0,0,111,0,1,3,1,0,1,69,1,0,0,0,0,12,2,0,4,3,1,0,1,3,3,0,4,28,1,0,2,0,0,0,0,0,0,0,0,0,0,0,0,0,1610,0,24,46,48,0,2156,721,2650,0,0,0,0,3107,90,0,331,181,241,0,72,602,1747,0,1416,558,1807,0,1024,0,0,0,0,0,0,0,0,0,0,0,0,0,482,0,24,30,48,0,2156,361,2650,0,0,0,0,934,90,0,301,120,241,0,72,602,2409,0,1265,482,1807,0,1024,0,0,0,0,0,0,0,0,0,0,0,0,0,16,39,13,1,4,0,2,1,36,5,0,0,0,1,4,1,4,33,2,1,1,2,8,0,0,0,8,0,0,0,0,0,0,0,0,0,0,0,11972,272,55,602,209,0,63,60,201,474,0,0,0,60,93,57,324,90,140,14456,24094,0,529,0,0,0,320,0,0,0,0,0,0,0,0,0,0,0,9638,58,30,602,124,0,63,60,67,361,0,0,0,60,78,57,345,65,140,14456,24094,0,47,0,0,0,138,0,0,0,0,0,0,0,0,0,0,0,0,65,0,15,1,0,87,0,4,0,0,0,0,0,0,0,1,0,0,0,0,0,0,0,0,0,0,0,0,0,0,0,0,19389,4,0,6,0,197486,0,0,0,0,0,0,0,0,0,0,0,0,0,0,0,0,0,0,0,0,0,0,0,0,11,4,0,4,0,230529,0,0,0,0,0,0,0,0,0,0,0,0,0,0,0,0,0,0,0,0,0,0,8,6,0,0,0,0,0,0,14,0,0,,0,0,0,0,0,1,0,0,,,0,0,0,0,0,0,1005,803,0,0,0,0,0,0,2367,0,0,,0,0,0,0,0,3536,0,0,,,0,0,0,0,0,0,193,778,0,0,0,0,0,0,1685,0,0,,0,0,0,0,0,3536,0,0,,,0,0,0,0,0,0,0,0,0,0,0,0,1,0,0,0,0,0,1,0,0,0,0,0,0,0,0,0,0,0,0,0,0,0,0,0,0,0,0,0,0,0,0,0,0,0,0,0,0,0,248,0,0,0,0,0,0,0,0,0,0,0,0,0,0,0,0,0,0,0,0,0,0,0,0,0,0,0,0,0,0,0,248,0,0,0,0,0,0,0,0,0,0,0,0,0,0,0,0,0,0,1,6,43,0,6,0,0,5,0,6,5,0,2,0,3,0,0,0,0,0,0,0,0,0,0,0,0,0,0,0,0,0,0,0,0,0,0,0,0,0,0,0,0,0,0,0,0,0,0,0,0,0,0,0,0,0,0,0,0,0,0,0,0,0,0,0,0,0,0,0,0,0,0,0,0,0,0,0,0,0,0,0,0,0,0,0,0,0,0,0,0,0,0,0,0,0,0,0,0,0,0,0,0,0,0,0,0,0,0,0,0,0,0,0,0,0,,0,0,,0,0,,0,0,0,0,0,0,0,0,0,0,0,0,0,0,0,0,0,0,0,0,0,0,0,0,0,0,0,0,0,0,0,0,0,0,0,0,0,0,0,0,0,0,0,0,0,0,0,0,0,0,0,0,0,0,0,0,0,0,0,0,0,0,0,0,0,0,0,0,0,0,0,0,0,0,0,0,0,0,0,0,0,0,0,0,0,0,0,0,0,0,0,0,0,0,0,0,0,0,0,0,0,0,0,0,,0,0,,0,0,,0,0,0,0,0,0,0,0,0,0,0,0,0,0,0,0,0,0,0,0,0,0,0,0,0,0,0,0,0,0,0,0,0,0,0,0,0,0,0,0,0,0,0,0,0,0,0,0,0,0,0,0,0,0,0,0,0,0,0,0,0,0,0,0,0,0,0,0,0,0,0,0,0,0,0,0,0,0,0,0,0,0,0,0,0,0,0,0,0,0,0,0,0,0,0,0,0,0,0,0,0,0,0,0,0,0,0,0,0,0,0,0,0,0,0,0,0,0,0,0,0,0,0,0,0,0,0,0,0,0,0,0,0,0,0,0,0,0,0,0,0,0,0,0,0,0,0,0,0,0,0,0,0,0,0,0,0,0,0,0,0,0,0,0,0,0,0,0,0,0,0,0,0,0,0,0,0,0,0,0,0,0,0,0,0,0,0,0,0,0,0,0,0,0,,0,0,0,,0,0,0,,0,0,0,,0,0,0,,0,0,0,,0,0,0,0,0,0,0,0,0,0,0,0,0,0,0,0,0,0,0,0,0,0,0,0,0,0,0,0,0,0,0,0,0,0,0,0,0,0,0,0,0,0,0,0,0,0,0,0,0,0,0,0,0,0,0,0,0,0,0,0,0,0,0,0,0,0,0,0,0,0,0,0,0,0,0,0,0,0,0,0,0,0,0,0,0,0,0,0,0,0,,,,,,,,,,,,,,,,,,,,,,,,,,,,,,,,,,,,,,,,,,,,,,,,,,,,,,,,,,,,,,,,,,,,,0,0,0,0,0,0,0,0,0,0,0,0,0,0,0,0,0
TX1012700,2012,Katy Police Department,Texas,14642,,,,,,,,,,,,,,,,,,,,,,,,,,,,,,,,,,,,,,,,,,,,,,,,,,,,,,,,,,,,,,,,,,,,,,,,,,,,,,,,,,,,,,,,,,,,,,,,,,,,,,,,,,,,,,,,,,,,,,,,,,,,,,,,,,,,,,,,,,,,,,,,,,,,,,,,,,,,,,,,,,,,,,,,,,,,,,,,,,,,,,,,,,,,,,,,,,,,,,,,,,,,,,,,,,,,,,,,,,,,,,,,,,,,,,,,,,,,,,,,,,,,,,,,,,,,,,,,,,,,,,,,,,,,,,,,,,,,,,,,,,,,,,,,,,,,,,,,,,,,,,,,,,,,,,,,,,,,,,,,,,,,,,,,,,,,,,,,,,,,,,,,,,,,,,,,,,,,,,,,,,,,,,,,,,,,,,,,,,,,,,,,,,,,,,,,,,,,,,,,,,,,,,,,,,,,,,,,,,,,,,,,,,,,,,,,,,,,,,,,,,,,,,,,,,,,,,,,,,,,,,,,,,,,,,,,,,,,,,,,,,,,,,,,,,,,,,,,,,,,,,,,,,,,,,,,,,,,,,,,,,,,,,,,,,,,,,,,,,,,,,,,,,,,,,,,,,,,,,,,,,,,,,,,,,,,,,,,,,,,,,,,,,,,,,,,,,,,,,,,,,,,,,,,,,,,,,,,,,,,,,,,,,,,,,,,,,,,,,,,,,,,,,,,,,,,,,,,,,,,,,,,,,,,,,,,,,,,,,,,,,,,,,,,,,,,,,,,,,,,,,,,,,,,,,,,,,,,,,,,,,,,,,,,,,,,,,,,,,,,,,,,,,,,,,,,,,,,,,,,,,,,,,,,,,,,,,,,,,,,,,,,,,,,,,,,,,,,,,,,,,,,,,,,,,,,,,,,,,,,,,,,,,,,,,,,,,,,,,,,,,,,,,,,,,,,,,,,,,,,,,,,,,,,,,,,,,,,,,,,,,,,,,,,,,,,,,,,,,,,,,,,,,,,,,,,,,,,,,,,,,,,,,,,,,,,,,,,,,,,,,,,,,,,,,,,,,,,,,,,,,,,,,,,,,,,,,,,,,,,,,,,,,,,,,,,,,,,,,,,,,,,,,,,,,,,,,,,,,,,,,,,,,,,,,,,,,,,,,,,,,,,,,,,,,,,,,,,,,,,,,,,,,,,,,,,,,,,,,,,,,,,,,,,,,,,,,,,,,,,,,,,,,,,,,,,,,,,,,,,,,,,,,,,,,,,,,,,,,,,,,,,,,,,,,,,,,,,,,,,,,,,,,,,,,,,,,,,,,,,,,,,,,,,,,,,,,,,,,,,,,,,,,,,,,,,,,,,,,,,,,,,,,,,,,,,,,,,,,,,,,,,,,,,,,,,,,,,,,,,,,,,,,,,,,,,,,,,,,,,,,,,,,,,,,,,,,,,,,,,,,,,,,,,,,,,,,,,,,,,,,,,,,,,,,,,,,,,,,,,,,,,,,,,,,,,,,,,,,,,,,,,,,,,,,,,,,,,,,,,,,,,,,,,,,,,,,,,,,,,,,,,,,,,,,,,,,,,,,,,,,,,,,,,,,,,,,,,,,,,,,,,,,,,,,,,,,,,,,,,,,,,,,,,,,,,,,,,,,,,,,,,,,,,,,,,,,,,,,,,,,,,,,,,,,,,,,,,,,,,,,,,,,,,,,,,,,,,,,,,,,,,,,,,,,,,,,,,,,,,,,,,,,,,,,,,,,,,,,,,,,,,,,,,,,,,,,,,,,,,,,,,,,,,,,,,,,,,,,,,,,,,,,,,,,,,,,,,,,,,,,,,,,,,,,,,,,,,,,,,,,,,,,,,,,,,,,,,,,,,,,,,,,,,,,,,,,,,,,,,,,,,,,,,,,,,,,,,,,,,,,,,,,,,,,,,,,,,,,,,,,,,,,,,,,,,,,,,,,,,,,,,,,,,,,,,,,,,,,,,,,,,,,,,,,,,,,,,,,,,,,,,,,,,,,,,,,,,,,,,,,,,,,,,,,,,,,,,,,,,,,,,,,,,,,,,,,,,,,,,,,,,,,,,,,,,,,,,,,,,,,,,,,,,,,,,,,,,,,,,,,,,,,,,,,,,,,,,,,,,,,,,,,,,,,,,,,,,,,,,,,,,,,,,,,,,,,,,,,,,,,,,,,,,,,,,,,,,,,,,,,,,,,,,,,,,,,,,,,,,,,,,,,,,,,,,,,,,,,,,,,,,,,,,,,,,,,,,,,,,,,,,,,,,,,,,,,,,,,,,,,,,,,,,,,,,,,,,,,,,,,,,,,,,,,,,,,,,,,,,,,,,,,,,,,,,,,,,,,,,,,,0,,,,,,,,,,,,,,,,,,,,,,,,,,,,,,,,,,,,,,,,,,,,,,,,,,,,,,,,,,,,,,,,,,,,,,,,,,,,,,,,,,,,,,,,,,,,,,,,,,,,,,,,,,,,,,,,,,,,,,,,,,,,,,,,,,,,,,,,,,,,,,,,,,,,,,,,,,,,,,,,,,,,,,,,,,,,,,,,,,,,,,,,,,,,,,,,,,,,,,,,,,,,,,,,,,,,,,,,,,,,,,,,,,,,,,,,,,,,,,,,,,,,,,,,,,,,,,,,,,,,,,,,,,,,,,,,,,,,,,,,,,,,,,,,,,,,,,,,,,,,,,,,,,,,,,,,,,,,,,,,,,,,,,,,,,,,,,,,,,,,,,,,,,,,,,,,,,,,,,,,,,,,,,,,,,,,,,,,,,,,,,,,,,,,,,,,,,,,,,,,,,,,,,,,,,,,,,,,,,,,,,,,,,,,,,,,,,,,,,,,,,,,,,,,,,,,,,,,,,,,,,,,,,,,,,,,,,,,,,,,,,,,,,,,,,,,,,,,,,,,,,,,,,,,,,,,,,,,,,,,,,,,,,,,,,,,,,,,,,,,,,,,,,,,,,,,,,,,,,,,,,,,,,,,,,,,,,,,,,,,,,,,,,,,,,,,,,,,,,,,,,,,,,,,,,,,,,,,,,,,,,,,,,,,,,,,,,,,,,,,,,,,,,,,,,,,,,,,,,,,,,,,,,,,,,,,,,,,,,,,,,,,,,,,,,,,,,,,,,,,,,,,,,0,,,,,0,,,,,,,,,,,,,,,,,,,,,,,,,,,,,,,,,,,,,,,,,,,,,,,,,,,,,,,,,,,,,,,,,,,,,,,,,,,,,,,,,,,,,,,,,,0,,,,,,,,,,,,,,,,,,,,,,30,86,50,21,10,36,1,82,2,268,0,48,0,7,1,0,20,20,99,3,55,33,4,6,55,21,1,1,0,0,4,0,0,1,0,0,0,1,0,0,0,0,16905,239,181,2429,219,6494,8498,1606,1031,1134,0,765,0,33,1484,0,1624,994,321,15949,1050,0,178,0,331,467,4131,59,0,0,2473,0,0,118,0,0,0,71,0,0,0,0,11802,102,64,649,59,1711,8498,236,1031,207,0,354,0,40,1484,0,472,401,72,543,683,0,178,0,53,236,4131,59,0,0,1387,0,0,118,0,0,0,71,0,0,0,0,108,1,1,2,0,0,1,68,0,0,0,1,0,12,1,1,3,3,1,0,0,0,7,0,11,24,0,0,1,0,1,1,0,1,0,0,0,0,0,0,0,0,791,26,118,192,0,0,71,655,0,0,0,0,0,346,1180,885,1023,551,531,0,0,0,518,0,568,507,0,0,4485,0,354,177,0,1180,0,0,0,0,0,0,0,0,413,26,118,192,0,0,71,236,0,0,0,0,0,295,1180,885,708,590,531,0,0,0,411,0,354,472,0,0,4485,0,354,177,0,1180,0,0,0,0,0,0,0,0,18,58,21,1,1,10,2,1,77,3,0,0,0,2,5,1,0,78,4,0,0,1,8,0,1,0,7,0,0,0,0,1,0,0,0,0,0,0,13317,133,121,531,84,1187,34,54,691,482,0,0,0,1343,35,11,0,160,142,0,0,0,252,0,0,0,313,0,0,0,0,71,0,0,0,0,0,0,9442,77,49,531,84,127,34,54,78,326,0,0,0,1343,25,11,0,61,73,0,0,0,109,0,0,0,53,0,0,0,0,71,0,0,0,0,0,0,0,80,0,18,0,0,108,0,0,0,0,0,0,0,0,0,0,0,0,0,0,0,0,0,0,0,0,0,0,0,0,0,0,3,0,0,9,0,0,0,0,0,0,0,0,0,0,0,0,0,0,0,0,0,0,0,0,0,0,0,0,0,0,2,0,0,4,0,0,0,0,0,0,0,0,0,0,0,0,0,0,0,0,0,0,0,0,0,0,0,0,1,0,0,0,0,0,0,0,9,0,2,0,0,0,0,0,0,0,0,0,,0,0,0,2,0,0,0,59,0,0,0,0,0,0,0,683,0,0,0,0,0,0,0,0,0,0,0,,0,0,0,480,0,0,0,59,0,0,0,0,0,0,0,460,0,0,0,0,0,0,0,0,0,0,0,,0,0,0,480,0,0,0,1,0,1,0,0,0,0,1,0,0,0,0,0,0,0,0,0,0,0,0,1,0,0,0,0,0,0,0,0,0,0,0,21244,0,53111,0,0,0,0,8262,0,0,0,0,0,0,0,0,0,0,0,0,35,0,0,0,0,0,0,0,0,0,0,0,21244,0,53111,0,0,0,0,8262,0,0,0,0,0,0,0,0,0,0,0,0,35,0,0,0,0,0,0,0,0,0,0,1,7,50,0,3,0,3,6,0,7,7,1,0,0,0,1,0,0,0,0,0,0,0,0,0,0,0,0,0,0,0,0,0,0,0,0,0,0,0,0,0,0,0,0,0,0,0,0,0,0,0,0,0,0,,0,0,0,,0,0,0,,0,0,0,0,0,0,0,0,0,0,0,0,0,0,0,0,0,0,0,0,0,0,0,0,0,0,0,0,0,0,0,0,0,0,0,0,0,0,0,0,0,0,0,0,0,0,0,0,0,0,0,0,0,0,0,0,0,0,0,0,0,0,0,0,0,0,0,0,0,0,0,,,,0,0,0,0,0,0,0,0,0,0,0,0,0,0,0,0,0,0,0,0,0,0,0,0,0,0,0,0,0,0,0,0,0,0,0,0,0,0,0,0,0,0,0,0,0,0,0,0,0,0,0,0,0,0,0,0,0,0,0,0,0,0,0,0,0,0,0,0,0,0,0,0,0,0,0,0,0,0,0,0,0,0,0,0,0,0,0,0,0,0,0,0,0,0,0,0,0,0,0,0,0,0,0,0,0,0,0,0,0,0,0,0,0,0,0,0,0,0,0,0,0,0,0,0,0,0,0,0,0,0,0,0,0,0,0,0,0,0,0,0,0,0,0,0,0,0,0,0,0,0,0,0,0,0,0,0,0,0,0,0,0,0,0,0,0,0,0,0,0,0,0,0,0,0,0,0,0,0,0,0,0,0,0,0,0,0,0,0,0,0,0,0,0,0,0,0,0,0,0,0,0,0,0,0,0,0,0,0,0,0,0,0,0,0,0,0,0,0,0,0,0,0,0,0,0,0,0,0,0,0,0,0,0,0,0,0,0,0,0,0,0,0,0,0,0,0,0,0,0,0,0,0,0,0,0,0,0,0,0,0,0,0,0,0,0,0,0,0,0,0,0,0,0,0,0,0,0,0,0,0,0,0,0,0,0,0,0,0,0,0,0,0,0,0,0,,0,0,0,0,0,0,0,,0,0,0,0,0,0,0,,0,0,,0,0,0,0,0,0,0,0,,0,0,0,0,0,0,0,0,,0,0,0,0,0,0,0,0,0,0,0,0,0,0,0,0,0,0,0,,0,0,0,0,0,0,0,,0,0,0,0,0,0,0,,0,0,0,,0,0,,,,0,0,0,0,0,,0,0,,,,0,0,0,0,0,,0,0,,,,0,0,0,0,0,0,0,0,0,0,0,0,0,0,0,0,0,0,0,0,0,0,0,0,0,0,0,0,0,,,,,,,,,,,,,,,,,,,,,,,,,,,,,,,,,,,,,,,,,,0,0,0,0,0,0,0,0,0,0,0,0,0,0,0,0,0
TX1012700,2013,Katy Police Department,Texas,14837,,,,,,,,,,,,,,,,,,,,,,,,,,,,,,,,,,,,,,,,,,,,,,,,,,,,,,,,,,,,,,,,,,,,,,,,,,,,,,,,,,,,,,,,,,,,,,,,,,,,,,,,,,,,,,,,,,,,,,,,,,,,,,,,,,,,,,,,,,,,,,,,,,,,,,,,,,,,,,,,,,,,,,,,,,,,,,,,,,,,,,,,,,,,,,,,,,,,,,,,,,,,,,,,,,,,,,,,,,,,,,,,,,,,,,,,,,,,,,,,,,,,,,,,,,,,,,,,,,,,,,,,,,,,,,,,,,,,,,,,,,,,,,,,,,,,,,,,,,,,,,,,,,,,,,,,,,,,,,,,,,,,,,,,,,,,,,,,,,,,,,,,,,,,,,,,,,,,,,,,,,,,,,,,,,,,,,,,,,,,,,,,,,,,,,,,,,,,,,,,,,,,,,,,,,,,,,,,,,,,,,,,,,,,,,,,,,,,,,,,,,,,,,,,,,,,,,,,,,,,,,,,,,,,,,,,,,,,,,,,,,,,,,,,,,,,,,,,,,,,,,,,,,,,,,,,,,,,,,,,,,,,,,,,,,,,,,,,,,,,,,,,,,,,,,,,,,,,,,,,,,,,,,,,,,,,,,,,,,,,,,,,,,,,,,,,,,,,,,,,,,,,,,,,,,,,,,,,,,,,,,,,,,,,,,,,,,,,,,,,,,,,,,,,,,,,,,,,,,,,,,,,,,,,,,,,,,,,,,,,,,,,,,,,,,,,,,,,,,,,,,,,,,,,,,,,,,,,,,,,,,,,,,,,,,,,,,,,,,,,,,,,,,,,,,,,,,,,,,,,,,,,,,,,,,,,,,,,,,,,,,,,,,,,,,,,,,,,,,,,,,,,,,,,,,,,,,,,,,,,,,,,,,,,,,,,,,,,,,,,,,,,,,,,,,,,,,,,,,,,,,,,,,,,,,,,,,,,,,,,,,,,,,,,,,,,,,,,,,,,,,,,,,,,,,,,,,,,,,,,,,,,,,,,,,,,,,,,,,,,,,,,,,,,,,,,,,,,,,,,,,,,,,,,,,,,,,,,,,,,,,,,,,,,,,,,,,,,,,,,,,,,,,,,,,,,,,,,,,,,,,,,,,,,,,,,,,,,,,,,,,,,,,,,,,,,,,,,,,,,,,,,,,,,,,,,,,,,,,,,,,,,,,,,,,,,,,,,,,,,,,,,,,,,,,,,,,,,,,,,,,,,,,,,,,,,,,,,,,,,,,,,,,,,,,,,,,,,,,,,,,,,,,,,,,,,,,,,,,,,,,,,,,,,,,,,,,,,,,,,,,,,,,,,,,,,,,,,,,,,,,,,,,,,,,,,,,,,,,,,,,,,,,,,,,,,,,,,,,,,,,,,,,,,,,,,,,,,,,,,,,,,,,,,,,,,,,,,,,,,,,,,,,,,,,,,,,,,,,,,,,,,,,,,,,,,,,,,,,,,,,,,,,,,,,,,,,,,,,,,,,,,,,,,,,,,,,,,,,,,,,,,,,,,,,,,,,,,,,,,,,,,,,,,,,,,,,,,,,,,,,,,,,,,,,,,,,,,,,,,,,,,,,,,,,,,,,,,,,,,,,,,,,,,,,,,,,,,,,,,,,,,,,,,,,,,,,,,,,,,,,,,,,,,,,,,,,,,,,,,,,,,,,,,,,,,,,,,,,,,,,,,,,,,,,,,,,,,,,,,,,,,,,,,,,,,,,,,,,,,,,,,,,,,,,,,,,,,,,,,,,,,,,,,,,,,,,,,,,,,,,,,,,,,,,,,,,,,,,,,,,,,,,,,,,,,,,,,,,,,,,,,,,,,,,,,,,,,,,,,,,,,,,,,,,,,,,,,,,,,,,,,,,,,,,,,,,,,,,,,,,,,,,,,,,,,,,,,,,,,,,,,,,,,,,,,,,,,,,,,,,,,,,,,,,,,,,,,,,,,,,,,,,,,,,,,,,,,,,,,,,,,,,,,,,,,,,,,,,,,,,,,,,,,,,,,,,,,,,,,,,,,,,,,,,,,,,,,,,,,,,,,,,,,,,,,,,,,,,,,,,,,,,,,,,,,,,,,,,,,,,,,,,,,,,,,,,,,,,,,,,,,,,,,,,,,,,,,,,,,,,,,,,,,,,,,,,,,,,,,,,,,,,,,,,,,,,,,,,,,,,,,,,,,,,,,,,,,,,,,,,,,,,,,,,,,,,,,,,,,,,,,,,,,,,,,,,,,,,,,,,,,,,,,,,,,,,,,,,,,,,,,,,,,,,,,,,,,,,,,,,,,,,,,,,,,,,,,,,,,,,,,,,,,,,,,,,,,,,,,,,,0,,,,,,,,,,,,,,,,,,,,,,,,,,,,,,,,,,,,,,,,,,,,,,,,,,,,,,,,,,,,,,,,,,,,,,,,,,,,,,,,,,,,,,,,,,,,,,,,,,,,,,,,,,,,,,,,,,,,,,,,,,,,,,,,,,,,,,,,,,,,,,,,,,,,,,,,,,,,,,,,,,,,,,,,,,,,,,,,,,,,,,,,,,,,,,,,,,,,,,,,,,,,,,,,,,,,,,,,,,,,,,,,,,,,,,,,,,,,,,,,,,,,,,,,,,,,,,,,,,,,,,,,,,,,,,,,,,,,,,,,,,,,,,,,,,,,,,,,,,,,,,,,,,,,,,,,,,,,,,,,,,,,,,,,,,,,,,,,,,,,,,,,,,,,,,,,,,,,,,,,,,,,,,,,,,,,,,,,,,,,,,,,,,,,,,,,,,,,,,,,,,,,,,,,,,,,,,,,,,,,,,,,,,,,,,,,,,,,,,,,,,,,,,,,,,,,,,,,,,,,,,,,,,,,,,,,,,,,,,,,,,,,,,,,,,,,,,,,,,,,,,,,,,,,,,,,,,,,,,,,,,,,,,,,,,,,,,,,,,,,,,,,,,,,,,,,,,,,,,,,,,,,,,,,,,,,,,,,,,,,,,,,,,,,,,,,,,,,,,,,,,,,,,,,,,,,,,,,,,,,,,,,,,,,,,,,,,,,,,,,,,,,,,,,,,,,,,,,,,,,,,,,,,,,,,,,,,,,,,,,,,,,,,,,,,,,,,,,,,,,,,,,,,0,,,,,0,,,,,,,,,,,,,,,,,,,,,,,,,,,,,,,,,,,,,,,,,,,,,,,,,,,,,,,,,,,,,,,,,,,,,,,,,,,,,,,,,,,,,,,,,,0,,,,,,,,,,,,,,,,,,,,,,27,55,46,25,7,14,0,50,1,219,0,26,0,3,0,1,19,14,63,3,34,32,6,5,41,6,0,0,1,1,8,0,1,0,1,0,0,0,0,0,0,0,19029,481,2396,1125,2088,2322,0,1042,33,878,0,916,0,1124,0,8142,1757,1712,281,196,1199,0,933,0,299,209,0,0,11632,1746,5406,0,1163,0,47,0,0,0,0,0,0,0,11632,126,51,744,407,634,0,157,33,174,0,465,0,233,0,8142,756,727,70,93,651,0,16,0,87,116,0,0,11632,1746,2501,0,1163,0,47,0,0,0,0,0,0,0,96,1,0,1,0,0,0,55,2,0,0,0,0,5,1,0,3,3,0,0,0,2,0,0,14,18,0,2,2,0,0,0,0,1,0,0,0,0,0,0,0,0,2247,229,0,2094,0,0,0,522,1047,0,0,0,0,174,4071,0,989,330,0,0,0,407,0,0,1666,465,0,1192,349,0,0,0,0,58,0,0,0,0,0,0,0,0,553,229,0,2094,0,0,0,233,1047,0,0,0,0,116,4071,0,1163,349,0,0,0,407,0,0,640,349,0,1192,349,0,0,0,0,58,0,0,0,0,0,0,0,0,17,34,25,5,3,6,0,1,66,3,0,0,0,0,4,0,2,45,1,0,0,2,6,0,1,0,7,1,1,0,0,0,0,0,0,0,0,0,18064,178,71,1051,32,229,0,31,394,290,0,0,0,0,982,0,90,123,34,0,0,0,734,0,2,0,238,45,11632,0,0,0,0,0,0,0,0,0,5816,91,34,640,28,46,0,31,107,291,0,0,0,0,679,0,90,69,34,0,0,0,640,0,2,0,171,45,11632,0,0,0,0,0,0,0,0,0,0,84,1,19,0,0,82,0,1,0,0,0,0,0,0,0,0,0,0,0,0,0,0,0,0,0,0,0,0,0,0,0,523,21,0,0,4,0,4653,0,0,0,0,0,0,0,0,0,0,0,0,0,0,0,0,0,0,0,0,0,0,0,523,6,0,0,2,0,4653,0,0,0,0,0,0,0,0,0,0,0,0,0,0,0,0,0,0,0,0,0,0,4,2,0,0,0,0,0,0,9,0,1,0,0,0,0,0,0,0,0,0,0,,0,0,1,0,0,0,464,2765,0,0,0,0,0,0,2566,0,0,0,0,0,0,0,0,0,0,0,0,,0,0,1504,0,0,0,349,2765,0,0,0,0,0,0,813,0,0,0,0,0,0,0,0,0,0,0,0,,0,0,1504,0,0,0,1,0,0,0,0,0,0,0,0,0,0,0,0,0,0,0,0,0,0,0,0,0,0,0,0,0,0,0,0,0,0,0,0,0,0,0,0,0,0,0,0,0,0,0,0,0,0,0,0,0,0,0,0,0,0,0,0,0,0,0,0,0,0,0,0,0,0,0,0,0,0,0,0,0,0,0,0,0,0,0,0,0,0,0,0,0,0,0,0,0,0,0,0,0,0,2,11,55,1,5,1,0,9,0,6,10,0,1,0,0,0,0,0,0,0,0,0,0,0,0,0,0,0,0,0,0,0,0,0,0,0,0,0,0,0,0,0,0,0,0,0,0,0,0,0,0,0,0,0,,0,0,0,,0,0,0,,0,0,0,0,0,0,0,0,0,0,0,0,0,0,0,0,0,0,0,0,0,0,0,0,0,0,0,0,0,0,0,0,0,0,0,0,0,0,0,0,0,0,0,0,0,0,0,,,,0,0,0,0,0,0,0,0,0,0,0,0,0,0,0,0,0,0,0,0,0,,,,0,0,0,0,0,0,0,0,0,0,0,0,0,0,0,0,0,0,0,0,0,0,0,0,0,0,0,0,0,0,0,0,0,0,0,0,0,0,0,0,0,0,0,0,0,0,0,0,0,0,0,0,0,0,0,0,0,0,0,0,0,0,0,0,0,0,0,0,0,0,0,0,0,0,0,0,0,0,0,0,0,0,0,0,0,0,0,0,0,0,0,0,0,0,0,0,0,0,0,0,0,0,0,0,0,0,0,0,0,0,0,0,0,0,0,0,0,0,0,0,0,0,0,0,0,0,0,0,0,0,0,0,0,0,0,0,0,0,0,0,0,0,0,0,0,0,0,0,0,0,0,0,0,0,0,0,0,0,0,0,0,0,0,0,0,0,0,0,0,0,0,0,0,0,0,0,0,0,0,0,0,0,0,0,0,0,0,0,0,0,0,0,0,0,0,0,0,0,0,0,0,0,0,0,0,0,0,0,0,0,0,0,0,0,0,0,0,0,0,0,0,0,0,0,0,0,0,0,0,0,0,0,0,0,0,0,0,0,0,0,0,0,0,0,0,0,0,0,0,0,0,0,0,0,0,0,0,0,0,0,0,0,0,0,0,0,0,0,0,0,0,0,0,0,0,0,0,0,0,0,0,0,0,0,0,0,0,0,0,0,0,0,0,0,0,0,0,0,0,0,0,0,0,0,0,0,0,0,0,0,0,0,,0,,0,0,0,0,0,0,,0,,0,0,0,0,0,0,,0,,0,0,0,0,0,0,0,0,0,0,0,0,0,0,0,0,0,0,0,0,0,0,0,0,0,0,0,0,0,0,0,0,0,0,0,0,0,0,0,0,0,0,,,0,0,0,0,0,0,0,0,0,,,0,0,0,0,0,0,0,0,0,,,0,0,0,0,0,0,0,0,0,0,0,0,,0,0,,0,0,,0,0,0,,0,0,,0,0,,0,0,0,0,0,0,0,0,0,0,0,0,0,0,0,0,0,0,0,0,0,0,,,,,,,,,,,,,,,,,,,,,0,0,0,0,0,0,0,0,0,0,0,0,0,0,0,0,0
TX1012700,2014,Katy Police Department,Texas,15238,,,,,,,,,,,,,,,,,,,,,,,,,,,,,,,,,,,,,,,,,,,,,,,,,,,,,,,,,,,,,,,,,,,,,,,,,,,,,,,,,,,,,,,,,,,,,,,,,,,,,,,,,,,,,,,,,,,,,,,,,,,,,,,,,,,,,,,,,,,,,,,,,,,,,,,,,,,,,,,,,,,,,,,,,,,,,,,,,,,,,,,,,,,,,,,,,,,,,,,,,,,,,,,,,,,,,,,,,,,,,,,,,,,,,,,,,,,,,,,,,,,,,,,,,,,,,,,,,,,,,,,,,,,,,,,,,,,,,,,,,,,,,,,,,,,,,,,,,,,,,,,,,,,,,,,,,,,,,,,,,,,,,,,,,,,,,,,,,,,,,,,,,,,,,,,,,,,,,,,,,,,,,,,,,,,,,,,,,,,,,,,,,,,,,,,,,,,,,,,,,,,,,,,,,,,,,,,,,,,,,,,,,,,,,,,,,,,,,,,,,,,,,,,,,,,,,,,,,,,,,,,,,,,,,,,,,,,,,,,,,,,,,,,,,,,,,,,,,,,,,,,,,,,,,,,,,,,,,,,,,,,,,,,,,,,,,,,,,,,,,,,,,,,,,,,,,,,,,,,,,,,,,,,,,,,,,,,,,,,,,,,,,,,,,,,,,,,,,,,,,,,,,,,,,,,,,,,,,,,,,,,,,,,,,,,,,,,,,,,,,,,,,,,,,,,,,,,,,,,,,,,,,,,,,,,,,,,,,,,,,,,,,,,,,,,,,,,,,,,,,,,,,,,,,,,,,,,,,,,,,,,,,,,,,,,,,,,,,,,,,,,,,,,,,,,,,,,,,,,,,,,,,,,,,,,,,,,,,,,,,,,,,,,,,,,,,,,,,,,,,,,,,,,,,,,,,,,,,,,,,,,,,,,,,,,,,,,,,,,,,,,,,,,,,,,,,,,,,,,,,,,,,,,,,,,,,,,,,,,,,,,,,,,,,,,,,,,,,,,,,,,,,,,,,,,,,,,,,,,,,,,,,,,,,,,,,,,,,,,,,,,,,,,,,,,,,,,,,,,,,,,,,,,,,,,,,,,,,,,,,,,,,,,,,,,,,,,,,,,,,,,,,,,,,,,,,,,,,,,,,,,,,,,,,,,,,,,,,,,,,,,,,,,,,,,,,,,,,,,,,,,,,,,,,,,,,,,,,,,,,,,,,,,,,,,,,,,,,,,,,,,,,,,,,,,,,,,,,,,,,,,,,,,,,,,,,,,,,,,,,,,,,,,,,,,,,,,,,,,,,,,,,,,,,,,,,,,,,,,,,,,,,,,,,,,,,,,,,,,,,,,,,,,,,,,,,,,,,,,,,,,,,,,,,,,,,,,,,,,,,,,,,,,,,,,,,,,,,,,,,,,,,,,,,,,,,,,,,,,,,,,,,,,,,,,,,,,,,,,,,,,,,,,,,,,,,,,,,,,,,,,,,,,,,,,,,,,,,,,,,,,,,,,,,,,,,,,,,,,,,,,,,,,,,,,,,,,,,,,,,,,,,,,,,,,,,,,,,,,,,,,,,,,,,,,,,,,,,,,,,,,,,,,,,,,,,,,,,,,,,,,,,,,,,,,,,,,,,,,,,,,,,,,,,,,,,,,,,,,,,,,,,,,,,,,,,,,,,,,,,,,,,,,,,,,,,,,,,,,,,,,,,,,,,,,,,,,,,,,,,,,,,,,,,,,,,,,,,,,,,,,,,,,,,,,,,,,,,,,,,,,,,,,,,,,,,,,,,,,,,,,,,,,,,,,,,,,,,,,,,,,,,,,,,,,,,,,,,,,,,,,,,,,,,,,,,,,,,,,,,,,,,,,,,,,,,,,,,,,,,,,,,,,,,,,,,,,,,,,,,,,,,,,,,,,,,,,,,,,,,,,,,,,,,,,,,,,,,,,,,,,,,,,,,,,,,,,,,,,,,,,,,,,,,,,,,,,,,,,,,,,,,,,,,,,,,,,,,,,,,,,,,,,,,,,,,,,,,,,,,,,,,,,,,,,,,,,,,,,,,,,,,,,,,,,,,,,,,,,,,,,,,,,,,,,,,,,,,,,,,,,,,,,,,,,,,,,,,,,,,,,,,,,,,,,,,,,,,,,,,,,,,,,,,,,,,,,,,,,,,,,,,,,,,,,,,,,,,,,,,,,,,,,,,,,,,,,,,,,,,,,,,,,,,,,,,,,,,,,,,,,,,,,,,,,,,,,,,,,,,,,,,,,,,,,,,,,,,,,,,,,,,,,,,,,,,,,,,,,,,,,,,,,,,,,,,,,,,,,,,,,,,,,,,,,,,,,,,,,,,,,,,,,,,,,,,,,,,,,,,,,0,,,,,,,,,,,,,,,,,,,,,,,,,,,,,,,,,,,,,,,,,,,,,,,,,,,,,,,,,,,,,,,,,,,,,,,,,,,,,,,,,,,,,,,,,,,,,,,,,,,,,,,,,,,,,,,,,,,,,,,,,,,,,,,,,,,,,,,,,,,,,,,,,,,,,,,,,,,,,,,,,,,,,,,,,,,,,,,,,,,,,,,,,,,,,,,,,,,,,,,,,,,,,,,,,,,,,,,,,,,,,,,,,,,,,,,,,,,,,,,,,,,,,,,,,,,,,,,,,,,,,,,,,,,,,,,,,,,,,,,,,,,,,,,,,,,,,,,,,,,,,,,,,,,,,,,,,,,,,,,,,,,,,,,,,,,,,,,,,,,,,,,,,,,,,,,,,,,,,,,,,,,,,,,,,,,,,,,,,,,,,,,,,,,,,,,,,,,,,,,,,,,,,,,,,,,,,,,,,,,,,,,,,,,,,,,,,,,,,,,,,,,,,,,,,,,,,,,,,,,,,,,,,,,,,,,,,,,,,,,,,,,,,,,,,,,,,,,,,,,,,,,,,,,,,,,,,,,,,,,,,,,,,,,,,,,,,,,,,,,,,,,,,,,,,,,,,,,,,,,,,,,,,,,,,,,,,,,,,,,,,,,,,,,,,,,,,,,,,,,,,,,,,,,,,,,,,,,,,,,,,,,,,,,,,,,,,,,,,,,,,,,,,,,,,,,,,,,,,,,,,,,,,,,,,,,,,,,,,,,,,,,,,,,,,,,,,,,,,,,,,,,,,,0,,,,,0,,,,,,,,,,,,,,,,,,,,,,,,,,,,,,,,,,,,,,,,,,,,,,,,,,,,,,,,,,,,,,,,,,,,,,,,,,,,,,,,,,,,,,,,,,0,,,,,,,,,,,,,,,,,,,,,,32,57,23,14,5,21,0,67,2,192,0,16,0,2,0,1,16,13,87,6,29,25,1,0,33,9,2,0,0,0,5,0,0,0,0,0,0,0,0,0,0,0,16161,636,254,754,137,3362,0,1919,472,1631,0,660,0,33,0,10875,4449,1734,454,279,1675,0,0,0,386,556,8299,0,0,0,10005,0,0,0,0,0,0,0,0,0,0,0,9158,117,149,458,23,1173,0,595,472,361,0,544,0,33,0,10875,683,801,143,160,687,0,0,0,69,343,8299,0,0,0,4293,0,0,0,0,0,0,0,0,0,0,0,63,0,1,1,0,0,0,46,0,0,0,0,0,7,2,0,0,2,1,0,2,2,0,0,8,13,0,1,0,2,1,0,0,0,0,0,0,0,0,1,0,0,847,0,2175,11,0,0,0,479,0,0,0,0,0,343,0,0,0,343,286,0,1591,1030,0,0,2592,341,0,6868,0,23,572,0,0,0,0,0,0,0,0,1030,0,0,572,0,2175,11,0,0,0,343,0,0,0,0,0,229,0,0,0,343,286,0,1591,1030,0,0,572,292,0,6868,0,23,572,0,0,0,0,0,0,0,0,1030,0,0,18,26,12,5,1,6,8,0,56,2,0,0,0,0,4,1,1,53,0,0,0,2,5,0,0,0,7,0,0,0,0,0,0,0,0,0,0,0,11315,344,175,647,22,2414,504,0,567,572,0,0,0,0,329,33,172,365,0,0,0,0,1115,0,0,0,791,0,0,0,0,0,0,0,0,0,0,0,8013,86,124,687,22,1145,19,0,109,572,0,0,0,0,313,33,172,106,0,0,0,0,73,0,0,0,229,0,0,0,0,0,0,0,0,0,0,0,0,152,2,12,1,0,103,0,2,0,1,0,0,0,0,0,0,0,0,0,0,0,1,0,0,0,0,1,0,0,0,0,8,120,2,0,8,0,220,0,0,0,0,0,0,0,0,0,0,0,0,0,0,0,0,0,0,7,0,0,0,0,8,14,2,0,3,0,220,0,0,0,0,0,0,0,0,0,0,0,0,0,0,0,0,0,0,7,0,0,0,6,4,0,0,1,0,0,0,3,0,0,,0,0,0,0,0,0,0,0,0,,0,0,0,0,0,0,2374,868,0,0,155,0,0,0,9532,0,0,,0,0,0,0,0,0,0,0,0,,0,0,0,0,0,0,2835,880,0,0,155,0,0,0,2141,0,0,,0,0,0,0,0,0,0,0,0,,0,0,0,0,0,0,0,0,0,0,0,0,1,0,0,0,0,0,0,0,0,0,0,0,0,0,0,0,0,0,0,0,0,0,0,,0,0,0,0,0,0,0,0,0,0,0,0,0,0,0,0,0,0,0,0,0,0,0,0,0,0,0,0,0,0,0,,0,0,0,0,0,0,0,0,0,0,0,0,0,0,0,0,0,0,0,0,0,0,0,0,0,0,0,0,0,0,0,,0,4,24,102,0,17,0,0,10,2,17,8,0,4,0,5,0,0,0,0,0,0,0,0,0,0,0,0,0,0,0,0,0,0,0,0,0,0,0,0,0,0,0,0,0,0,0,0,0,0,0,0,0,0,0,0,0,0,0,0,0,0,0,0,0,0,0,0,0,0,0,0,0,0,0,0,0,0,0,0,0,0,0,0,0,0,0,1,3,3,0,0,0,0,0,0,0,0,0,0,0,0,0,0,0,0,0,0,0,0,0,0,0,0,0,0,0,,,0,,,0,,,0,0,0,0,0,0,0,0,0,0,,,,1,2,2,1,1,0,0,2,1,1,3,10,0,9,1,4,0,0,0,0,0,0,0,0,3777,773,3818,572,1398,0,0,3004,1082,458,0,1683,0,0,18669,4964,0,0,0,0,0,0,0,0,3777,773,3818,572,1398,0,0,3004,1082,458,0,46,0,0,18669,4693,0,0,0,0,0,0,0,0,0,1,0,0,0,0,0,0,0,1,0,0,544,0,0,544,0,0,0,0,0,0,0,0,0,0,0,0,0,1,0,0,0,0,0,1,0,0,0,0,2,0,0,0,0,0,0,0,0,0,572,0,0,0,0,8471,0,0,0,0,0,0,0,0,0,572,0,0,0,0,8471,0,0,0,0,0,0,0,0,0,0,0,0,0,0,0,0,0,0,0,0,0,0,0,0,0,0,0,0,0,0,0,0,0,0,0,0,0,0,0,0,0,0,0,0,0,0,0,0,0,0,0,0,0,0,0,0,0,0,0,0,0,0,0,0,0,0,0,0,0,0,0,0,0,0,0,0,0,1,0,0,0,0,0,0,0,0,0,57,0,0,0,0,0,0,0,0,0,57,0,0,0,0,0,0,0,0,0,0,0,0,0,0,0,0,1,0,0,0,0,0,0,0,0,0,0,744,0,0,0,0,0,0,0,0,0,0,744,0,0,0,0,0,0,0,0,0,0,0,0,0,0,0,0,0,0,0,0,0,0,0,0,0,0,0,0,0,0,0,0,,0,,,,0,0,0,0,,0,,,,0,0,0,0,,0,,,,0,0,0,0,0,0,0,0,0,0,0,1,0,0,0,0,0,0,0,7,0,0,0,0,0,0,0,7,0,0,0,0,0,0,0,0,0,,0,0,0,,0,0,0,0,0,0,,0,0,0,,0,0,0,0,0,0,,0,0,0,,0,0,0,0,0,0,0,0,0,0,0,0,0,,0,0,,0,0,,0,0,0,0,0,0,0,0,0,0,0,,0,,0,,0,,0,0,0,0,,0,0,0,0,,0,0,0,,,,,,,,,,,,,,,,,,,,,0,0,0,0,0,0,0,0,0,0,0,0,0,0,0,0,0
TX1012700,2015,Katy Police Department,Texas,15969,,,,,,,,,,,,,,,,,,,,,,,,,,,,,,,,,,,,,,,,,,,,,,,,,,,,,,,,,,,,,,,,,,,,,,,,,,,,,,,,,,,,,,,,,,,,,,,,,,,,,,,,,,,,,,,,,,,,,,,,,,,,,,,,,,,,,,,,,,,,,,,,,,,,,,,,,,,,,,,,,,,,,,,,,,,,,,,,,,,,,,,,,,,,,,,,,,,,,,,,,,,,,,,,,,,,,,,,,,,,,,,,,,,,,,,,,,,,,,,,,,,,,,,,,,,,,,,,,,,,,,,,,,,,,,,,,,,,,,,,,,,,,,,,,,,,,,,,,,,,,,,,,,,,,,,,,,,,,,,,,,,,,,,,,,,,,,,,,,,,,,,,,,,,,,,,,,,,,,,,,,,,,,,,,,,,,,,,,,,,,,,,,,,,,,,,,,,,,,,,,,,,,,,,,,,,,,,,,,,,,,,,,,,,,,,,,,,,,,,,,,,,,,,,,,,,,,,,,,,,,,,,,,,,,,,,,,,,,,,,,,,,,,,,,,,,,,,,,,,,,,,,,,,,,,,,,,,,,,,,,,,,,,,,,,,,,,,,,,,,,,,,,,,,,,,,,,,,,,,,,,,,,,,,,,,,,,,,,,,,,,,,,,,,,,,,,,,,,,,,,,,,,,,,,,,,,,,,,,,,,,,,,,,,,,,,,,,,,,,,,,,,,,,,,,,,,,,,,,,,,,,,,,,,,,,,,,,,,,,,,,,,,,,,,,,,,,,,,,,,,,,,,,,,,,,,,,,,,,,,,,,,,,,,,,,,,,,,,,,,,,,,,,,,,,,,,,,,,,,,,,,,,,,,,,,,,,,,,,,,,,,,,,,,,,,,,,,,,,,,,,,,,,,,,,,,,,,,,,,,,,,,,,,,,,,,,,,,,,,,,,,,,,,,,,,,,,,,,,,,,,,,,,,,,,,,,,,,,,,,,,,,,,,,,,,,,,,,,,,,,,,,,,,,,,,,,,,,,,,,,,,,,,,,,,,,,,,,,,,,,,,,,,,,,,,,,,,,,,,,,,,,,,,,,,,,,,,,,,,,,,,,,,,,,,,,,,,,,,,,,,,,,,,,,,,,,,,,,,,,,,,,,,,,,,,,,,,,,,,,,,,,,,,,,,,,,,,,,,,,,,,,,,,,,,,,,,,,,,,,,,,,,,,,,,,,,,,,,,,,,,,,,,,,,,,,,,,,,,,,,,,,,,,,,,,,,,,,,,,,,,,,,,,,,,,,,,,,,,,,,,,,,,,,,,,,,,,,,,,,,,,,,,,,,,,,,,,,,,,,,,,,,,,,,,,,,,,,,,,,,,,,,,,,,,,,,,,,,,,,,,,,,,,,,,,,,,,,,,,,,,,,,,,,,,,,,,,,,,,,,,,,,,,,,,,,,,,,,,,,,,,,,,,,,,,,,,,,,,,,,,,,,,,,,,,,,,,,,,,,,,,,,,,,,,,,,,,,,,,,,,,,,,,,,,,,,,,,,,,,,,,,,,,,,,,,,,,,,,,,,,,,,,,,,,,,,,,,,,,,,,,,,,,,,,,,,,,,,,,,,,,,,,,,,,,,,,,,,,,,,,,,,,,,,,,,,,,,,,,,,,,,,,,,,,,,,,,,,,,,,,,,,,,,,,,,,,,,,,,,,,,,,,,,,,,,,,,,,,,,,,,,,,,,,,,,,,,,,,,,,,,,,,,,,,,,,,,,,,,,,,,,,,,,,,,,,,,,,,,,,,,,,,,,,,,,,,,,,,,,,,,,,,,,,,,,,,,,,,,,,,,,,,,,,,,,,,,,,,,,,,,,,,,,,,,,,,,,,,,,,,,,,,,,,,,,,,,,,,,,,,,,,,,,,,,,,,,,,,,,,,,,,,,,,,,,,,,,,,,,,,,,,,,,,,,,,,,,,,,,,,,,,,,,,,,,,,,,,,,,,,,,,,,,,,,,,,,,,,,,,,,,,,,,,,,,,,,,,,,,,,,,,,,,,,,,,,,,,,,,,,,,,,,,,,,,,,,,,,,,,,,,,,,,,,,,,,,,,,,,,,,,,,,,,,,,,,,,,,,,,,,,,,,,,,,,,,,,,,,,,,,,,,,,,,,,,,,,,,,,,,,,,,,,,,,,,,,,,,,,,,,,,,,,,,,,,,,,,,,,,,,,,,,,,,,,,,,,,,,,,,,,,,,,,,,,,,,,,,,,,,,,,,,,,,,,,,,,,,,,,,,,,,,,,,,,,,,,,,,,,,,,,,,,,,,,,,,,,,,,,,,,,,,,,,,,,,,,,,,,,,,,,,,,,,,,,,,,,,,,,,,0,,,,,,,,,,,,,,,,,,,,,,,,,,,,,,,,,,,,,,,,,,,,,,,,,,,,,,,,,,,,,,,,,,,,,,,,,,,,,,,,,,,,,,,,,,,,,,,,,,,,,,,,,,,,,,,,,,,,,,,,,,,,,,,,,,,,,,,,,,,,,,,,,,,,,,,,,,,,,,,,,,,,,,,,,,,,,,,,,,,,,,,,,,,,,,,,,,,,,,,,,,,,,,,,,,,,,,,,,,,,,,,,,,,,,,,,,,,,,,,,,,,,,,,,,,,,,,,,,,,,,,,,,,,,,,,,,,,,,,,,,,,,,,,,,,,,,,,,,,,,,,,,,,,,,,,,,,,,,,,,,,,,,,,,,,,,,,,,,,,,,,,,,,,,,,,,,,,,,,,,,,,,,,,,,,,,,,,,,,,,,,,,,,,,,,,,,,,,,,,,,,,,,,,,,,,,,,,,,,,,,,,,,,,,,,,,,,,,,,,,,,,,,,,,,,,,,,,,,,,,,,,,,,,,,,,,,,,,,,,,,,,,,,,,,,,,,,,,,,,,,,,,,,,,,,,,,,,,,,,,,,,,,,,,,,,,,,,,,,,,,,,,,,,,,,,,,,,,,,,,,,,,,,,,,,,,,,,,,,,,,,,,,,,,,,,,,,,,,,,,,,,,,,,,,,,,,,,,,,,,,,,,,,,,,,,,,,,,,,,,,,,,,,,,,,,,,,,,,,,,,,,,,,,,,,,,,,,,,,,,,,,,,,,,,,,,,,,,,,,,,,,,,,0,,,,,0,,,,,,,,,,,,,,,,,,,,,,,,,,,,,,,,,,,,,,,,,,,,,,,,,,,,,,,,,,,,,,,,,,,,,,,,,,,,,,,,,,,,,,,,,,0,,,,,,,,,,,,,,,,,,,,,,38,79,24,22,2,28,0,76,3,249,0,17,0,2,1,1,25,32,132,2,35,34,3,3,54,6,1,0,0,0,3,0,0,3,0,0,0,2,0,0,0,0,17684,601,146,855,270,3525,0,1124,29,1326,0,532,0,189,11433,9146,1673,2272,261,309,2163,0,1274,0,434,207,686,0,0,0,316,0,0,25,0,0,0,1286,0,0,0,0,18007,171,63,686,270,769,0,308,29,286,0,343,0,189,11433,9146,800,1989,131,309,1372,0,1274,0,160,229,686,0,0,0,320,0,0,25,0,0,0,1286,0,0,0,0,76,2,1,3,0,0,0,68,1,0,0,1,0,7,2,0,6,3,1,0,0,0,0,0,5,19,0,1,0,2,0,0,0,0,0,0,0,0,0,0,0,0,1999,200,343,448,0,0,0,1141,1372,0,0,0,0,1458,97,0,829,5907,389,0,0,0,0,0,7260,434,0,2858,0,63,0,0,0,0,0,0,0,0,0,0,0,0,514,200,343,572,0,0,0,400,1372,0,0,0,0,1058,97,0,229,400,389,0,0,0,0,0,572,343,0,2858,0,63,0,0,0,0,0,0,0,0,0,0,0,0,16,39,15,2,1,3,0,0,61,3,0,0,1,0,4,1,1,92,1,0,0,2,5,0,0,0,11,0,0,0,0,0,0,0,0,0,0,0,18353,292,99,457,81,843,0,0,1304,785,0,0,9146,0,219,183,0,208,65,0,0,0,1835,0,0,0,196,0,0,0,0,0,0,0,0,0,0,0,22866,120,51,457,81,73,0,0,102,417,0,0,9146,0,53,183,0,110,65,0,0,0,1029,0,0,0,54,0,0,0,0,0,0,0,0,0,0,0,0,188,4,14,0,0,107,0,1,0,1,0,0,1,0,0,0,0,0,1,0,0,0,1,0,0,0,0,0,0,0,0,229,4,0,0,4,0,1721,0,0,0,0,0,0,0,0,0,0,0,0,0,0,0,0,0,0,0,0,0,0,0,229,3,0,0,2,0,1721,0,0,0,0,0,0,0,0,0,0,0,0,0,0,0,0,0,0,0,0,0,0,6,5,0,0,0,0,0,0,2,0,4,0,0,0,0,0,0,0,0,0,0,0,0,0,0,0,0,0,217,319,0,0,0,0,0,0,3089,0,0,0,0,0,0,0,0,0,0,0,0,0,0,0,0,0,0,0,114,372,0,0,0,0,0,0,3089,0,0,0,0,0,0,0,0,0,0,0,0,0,0,0,0,0,0,0,0,3,0,0,0,0,0,0,0,0,0,0,0,0,0,0,0,0,0,0,0,0,0,0,0,0,0,0,0,0,0,0,0,120,0,0,0,0,0,0,0,0,0,0,0,0,0,0,0,0,0,0,0,0,0,0,0,0,0,0,0,0,0,0,0,17,0,0,0,0,0,0,0,0,0,0,0,0,0,0,0,0,0,0,0,0,0,0,0,0,0,0,0,0,0,5,40,115,0,22,0,3,6,2,40,9,0,4,0,10,0,0,0,0,0,0,0,0,0,0,0,0,0,0,0,0,0,0,0,0,0,0,0,0,0,0,0,0,0,0,0,0,0,0,0,0,0,0,0,,0,0,0,,0,0,0,,0,0,0,0,0,0,0,0,0,0,0,0,0,,0,0,0,,0,0,0,,0,0,0,0,0,0,0,,,,0,0,0,0,0,0,,,,0,0,0,0,0,0,0,0,0,0,0,0,,0,0,,0,0,,0,0,,,,0,0,0,0,0,0,0,0,0,3,23,9,1,16,0,0,3,1,0,6,3,0,21,1,5,0,1,0,1,0,4,0,2,8830,702,904,1337,1997,0,0,2706,915,0,0,25,0,0,4230,21151,0,57,0,23,0,199,0,209,12736,686,400,1337,1578,0,0,457,915,0,0,24,0,0,4230,12576,0,57,0,23,0,114,0,209,0,1,2,0,0,0,0,0,0,5,0,0,1379,0,0,434,0,0,0,0,0,0,0,0,0,0,0,1,2,0,0,0,0,0,0,0,0,0,0,0,0,0,33,0,0,0,0,0,0,0,0,0,0,0,0,0,0,33,0,0,0,0,0,0,0,0,0,0,0,0,0,0,0,0,0,0,0,0,0,0,0,2,0,0,2,0,0,0,0,0,0,0,0,0,0,0,0,0,0,0,0,0,1486,0,0,229,0,0,0,0,0,0,0,0,0,0,0,0,0,0,0,0,0,1486,0,0,229,0,0,0,0,0,0,0,0,0,0,0,0,0,0,0,0,0,0,0,2,0,0,0,2,0,0,0,0,0,0,0,0,0,2,0,0,0,0,0,0,0,0,0,2,0,0,0,0,0,0,0,0,0,0,0,0,0,0,5,0,0,0,0,0,1,0,0,0,0,552,0,0,0,0,0,73,0,0,0,0,686,0,0,0,0,0,73,0,0,0,0,0,0,0,,0,0,0,0,0,0,0,,0,0,0,0,0,0,0,,0,0,,0,,0,0,0,,0,0,,0,,0,0,0,,0,0,,0,,0,0,0,,0,0,0,0,0,0,0,0,0,0,0,1,0,0,0,0,0,0,0,0,0,0,0,0,0,0,0,0,0,0,0,0,0,0,0,0,0,0,0,0,0,0,0,0,0,0,0,0,0,0,0,0,0,0,0,0,0,0,0,0,0,0,0,0,0,0,0,0,0,0,0,0,0,0,,0,0,,0,0,,0,0,0,0,0,0,0,0,0,0,0,0,,0,,0,,0,0,,0,0,0,0,,0,0,0,0,,0,0,0,0,0,0,0,0,,,,,,,,,,,,,,,0,0,0,0,0,0,0,0,0,0,0,0,0,0,0,0,0
TX1012700,2016,Katy Police Department,Texas,16589,,,,,,,,,,,,,,,,,,,,,,,,,,,,,,,,,,,,,,,,,,,,,,,,,,,,,,,,,,,,,,,,,,,,,,,,,,,,,,,,,,,,,,,,,,,,,,,,,,,,,,,,,,,,,,,,,,,,,,,,,,,,,,,,,,,,,,,,,,,,,,,,,,,,,,,,,,,,,,,,,,,,,,,,,,,,,,,,,,,,,,,,,,,,,,,,,,,,,,,,,,,,,,,,,,,,,,,,,,,,,,,,,,,,,,,,,,,,,,,,,,,,,,,,,,,,,,,,,,,,,,,,,,,,,,,,,,,,,,,,,,,,,,,,,,,,,,,,,,,,,,,,,,,,,,,,,,,,,,,,,,,,,,,,,,,,,,,,,,,,,,,,,,,,,,,,,,,,,,,,,,,,,,,,,,,,,,,,,,,,,,,,,,,,,,,,,,,,,,,,,,,,,,,,,,,,,,,,,,,,,,,,,,,,,,,,,,,,,,,,,,,,,,,,,,,,,,,,,,,,,,,,,,,,,,,,,,,,,,,,,,,,,,,,,,,,,,,,,,,,,,,,,,,,,,,,,,,,,,,,,,,,,,,,,,,,,,,,,,,,,,,,,,,,,,,,,,,,,,,,,,,,,,,,,,,,,,,,,,,,,,,,,,,,,,,,,,,,,,,,,,,,,,,,,,,,,,,,,,,,,,,,,,,,,,,,,,,,,,,,,,,,,,,,,,,,,,,,,,,,,,,,,,,,,,,,,,,,,,,,,,,,,,,,,,,,,,,,,,,,,,,,,,,,,,,,,,,,,,,,,,,,,,,,,,,,,,,,,,,,,,,,,,,,,,,,,,,,,,,,,,,,,,,,,,,,,,,,,,,,,,,,,,,,,,,,,,,,,,,,,,,,,,,,,,,,,,,,,,,,,,,,,,,,,,,,,,,,,,,,,,,,,,,,,,,,,,,,,,,,,,,,,,,,,,,,,,,,,,,,,,,,,,,,,,,,,,,,,,,,,,,,,,,,,,,,,,,,,,,,,,,,,,,,,,,,,,,,,,,,,,,,,,,,,,,,,,,,,,,,,,,,,,,,,,,,,,,,,,,,,,,,,,,,,,,,,,,,,,,,,,,,,,,,,,,,,,,,,,,,,,,,,,,,,,,,,,,,,,,,,,,,,,,,,,,,,,,,,,,,,,,,,,,,,,,,,,,,,,,,,,,,,,,,,,,,,,,,,,,,,,,,,,,,,,,,,,,,,,,,,,,,,,,,,,,,,,,,,,,,,,,,,,,,,,,,,,,,,,,,,,,,,,,,,,,,,,,,,,,,,,,,,,,,,,,,,,,,,,,,,,,,,,,,,,,,,,,,,,,,,,,,,,,,,,,,,,,,,,,,,,,,,,,,,,,,,,,,,,,,,,,,,,,,,,,,,,,,,,,,,,,,,,,,,,,,,,,,,,,,,,,,,,,,,,,,,,,,,,,,,,,,,,,,,,,,,,,,,,,,,,,,,,,,,,,,,,,,,,,,,,,,,,,,,,,,,,,,,,,,,,,,,,,,,,,,,,,,,,,,,,,,,,,,,,,,,,,,,,,,,,,,,,,,,,,,,,,,,,,,,,,,,,,,,,,,,,,,,,,,,,,,,,,,,,,,,,,,,,,,,,,,,,,,,,,,,,,,,,,,,,,,,,,,,,,,,,,,,,,,,,,,,,,,,,,,,,,,,,,,,,,,,,,,,,,,,,,,,,,,,,,,,,,,,,,,,,,,,,,,,,,,,,,,,,,,,,,,,,,,,,,,,,,,,,,,,,,,,,,,,,,,,,,,,,,,,,,,,,,,,,,,,,,,,,,,,,,,,,,,,,,,,,,,,,,,,,,,,,,,,,,,,,,,,,,,,,,,,,,,,,,,,,,,,,,,,,,,,,,,,,,,,,,,,,,,,,,,,,,,,,,,,,,,,,,,,,,,,,,,,,,,,,,,,,,,,,,,,,,,,,,,,,,,,,,,,,,,,,,,,,,,,,,,,,,,,,,,,,,,,,,,,,,,,,,,,,,,,,,,,,,,,,,,,,,,,,,,,,,,,,,,,,,,,,,,,,,,,,,,,,,,,,,,,,,,,,,,,,,,,,,,,,,,,,,,,,,,,,,,,,,,,,,,,,,,,,,,,,,,,,,,,,,,,,,,,,,,,,,,,,,,,,,,,,,,,,,,,,,,,,,,,,,,,,,,,,,,,,,,,,,,,,,,,,,,,,,,,,,,,,,,,,,,,,,,,,,,,,,,,,,,,,,,,,,,,,,,,,,,,,,,,,,,,,,,,,,,,,,,,,,,,,,,,,,,,,,,,,,,,,,,,,,,,,,,,,,,,,,,,,,0,,,,,,,,,,,,,,,,,,,,,,,,,,,,,,,,,,,,,,,,,,,,,,,,,,,,,,,,,,,,,,,,,,,,,,,,,,,,,,,,,,,,,,,,,,,,,,,,,,,,,,,,,,,,,,,,,,,,,,,,,,,,,,,,,,,,,,,,,,,,,,,,,,,,,,,,,,,,,,,,,,,,,,,,,,,,,,,,,,,,,,,,,,,,,,,,,,,,,,,,,,,,,,,,,,,,,,,,,,,,,,,,,,,,,,,,,,,,,,,,,,,,,,,,,,,,,,,,,,,,,,,,,,,,,,,,,,,,,,,,,,,,,,,,,,,,,,,,,,,,,,,,,,,,,,,,,,,,,,,,,,,,,,,,,,,,,,,,,,,,,,,,,,,,,,,,,,,,,,,,,,,,,,,,,,,,,,,,,,,,,,,,,,,,,,,,,,,,,,,,,,,,,,,,,,,,,,,,,,,,,,,,,,,,,,,,,,,,,,,,,,,,,,,,,,,,,,,,,,,,,,,,,,,,,,,,,,,,,,,,,,,,,,,,,,,,,,,,,,,,,,,,,,,,,,,,,,,,,,,,,,,,,,,,,,,,,,,,,,,,,,,,,,,,,,,,,,,,,,,,,,,,,,,,,,,,,,,,,,,,,,,,,,,,,,,,,,,,,,,,,,,,,,,,,,,,,,,,,,,,,,,,,,,,,,,,,,,,,,,,,,,,,,,,,,,,,,,,,,,,,,,,,,,,,,,,,,,,,,,,,,,,,,,,,,,,,,,,,,,,,,,,,,0,,,,,0,,,,,,,,,,,,,,,,,,,,,,,,,,,,,,,,,,,,,,,,,,,,,,,,,,,,,,,,,,,,,,,,,,,,,,,,,,,,,,,,,,,,,,,,,,0,,,,,,,,,,,,,,,,,,,,,,37,66,37,17,13,22,1,61,2,108,0,21,0,2,0,0,17,19,101,5,15,24,3,4,50,2,0,2,0,0,3,0,0,0,0,0,0,0,0,0,0,0,20884,332,149,558,844,8541,1129,1312,903,690,0,547,0,86,0,0,11657,2077,285,914,1249,0,960,0,375,367,0,5363,0,0,813,0,0,0,0,0,0,0,0,0,0,0,15806,186,72,482,226,847,1129,373,903,213,0,435,0,86,0,0,1306,2032,113,677,903,0,45,0,79,367,0,5363,0,0,406,0,0,0,0,0,0,0,0,0,0,0,125,0,0,4,0,0,0,35,2,0,1,0,0,4,1,0,1,1,0,1,1,1,0,0,7,4,1,2,3,0,0,0,0,0,0,0,0,0,0,0,0,0,22748,0,0,929,0,0,0,869,395,0,0,0,0,268,56,0,564,339,0,17,429,9032,0,0,311,644,6209,90,508,0,0,0,0,0,0,0,0,0,0,0,0,0,16935,0,0,706,0,0,0,508,395,0,0,0,0,198,56,0,564,339,0,17,429,9032,0,0,339,621,6209,90,226,0,0,0,0,0,0,0,0,0,0,0,0,0,23,36,24,4,5,7,3,0,23,2,0,0,0,0,3,0,2,75,0,0,0,0,3,0,0,0,5,0,0,0,0,0,0,0,0,0,0,0,18538,190,98,521,431,1591,49,0,632,563,0,0,0,0,1677,0,395,154,0,0,0,0,1505,0,0,0,311,0,0,0,0,0,0,0,0,0,0,0,15806,94,50,478,113,169,49,0,56,563,0,0,0,0,119,0,395,87,0,0,0,0,2145,0,0,0,113,0,0,0,0,0,0,0,0,0,0,0,0,139,2,2,0,0,75,0,0,0,0,0,0,0,0,0,0,0,0,0,0,0,0,0,0,0,0,0,0,0,0,0,480,526,0,0,5,0,0,0,0,0,0,0,0,0,0,0,0,0,0,0,0,0,0,0,0,0,0,0,0,0,480,526,0,0,3,0,0,0,0,0,0,0,0,0,0,0,0,0,0,0,0,0,0,0,0,0,0,0,0,10,11,0,0,0,0,0,0,1,0,3,,0,0,,0,0,0,0,0,0,0,0,0,0,0,0,0,737,1563,0,0,0,0,0,0,378,0,0,,0,0,,0,0,0,0,0,0,0,0,0,0,0,0,0,141,1584,0,0,0,0,0,0,378,0,0,,0,0,,0,0,0,0,0,0,0,0,0,0,0,0,0,0,0,0,0,0,0,0,0,0,0,0,0,0,0,0,0,0,0,0,0,0,0,0,0,0,0,0,0,0,0,0,0,0,0,0,0,0,0,0,0,0,0,0,0,0,0,0,0,0,0,0,0,0,0,0,0,0,0,0,0,0,0,0,0,0,0,0,0,0,0,0,0,0,0,0,0,0,0,0,0,0,0,0,0,0,0,0,0,0,0,0,0,0,0,0,4,17,85,0,27,2,0,7,0,22,13,0,4,0,15,0,0,0,0,0,0,0,0,0,0,0,0,0,0,0,0,0,0,0,0,0,0,0,0,0,0,0,0,0,0,0,0,0,0,0,0,0,0,0,0,0,0,0,0,0,0,0,0,0,0,0,0,0,0,0,0,0,0,0,0,0,0,0,0,0,0,0,0,0,0,0,0,0,0,0,0,0,0,0,0,0,0,0,0,0,0,0,0,0,0,0,0,0,0,0,0,0,0,0,0,0,0,,0,0,,0,0,,0,0,0,0,0,0,0,0,0,0,0,0,0,2,33,4,2,10,0,0,1,1,0,9,1,0,21,2,7,0,1,0,1,0,0,0,0,371,797,4962,282,1817,0,0,528,282,0,0,30,0,0,3004,14709,0,79,0,45,0,0,0,0,371,734,4787,282,1355,0,0,528,282,0,0,30,0,0,3004,10951,0,79,0,45,0,0,0,0,0,0,1,0,0,0,0,0,0,6,0,0,1204,0,0,649,0,0,0,0,0,0,0,0,0,0,0,0,1,1,0,0,0,1,0,0,0,0,0,0,3,0,0,0,0,0,0,0,450,0,0,0,0,0,0,23972,0,0,0,0,0,0,0,450,0,0,0,0,0,0,10951,0,0,0,0,0,0,0,0,0,0,0,0,4,2,0,0,0,0,0,0,0,0,0,0,0,0,0,0,0,0,0,0,0,621,9653,0,0,0,0,0,0,0,0,0,0,0,0,0,0,0,0,0,0,0,621,9653,0,0,0,0,0,0,0,0,0,0,0,0,0,0,0,0,0,0,0,0,0,1,0,0,0,0,0,0,0,0,0,0,0,0,0,0,0,0,0,0,0,0,0,0,0,0,0,0,0,0,0,0,0,0,0,0,0,0,3,0,0,0,0,0,0,0,0,0,0,843,0,0,0,0,0,0,0,0,0,0,960,0,0,0,0,0,0,0,0,0,0,0,0,0,0,0,0,0,0,0,0,0,0,0,0,0,0,0,0,0,0,0,0,,0,0,0,0,0,0,0,0,,0,0,0,0,0,0,0,0,,0,0,0,0,0,0,0,0,0,0,0,0,0,0,0,0,0,0,0,0,0,0,0,0,0,0,0,0,0,0,0,0,0,0,0,0,0,0,0,0,0,0,0,0,0,,,0,0,0,0,0,0,0,0,0,,,0,0,0,0,0,0,0,0,0,,,0,0,0,0,0,0,0,0,0,0,0,0,0,0,0,0,0,0,0,0,0,0,0,0,0,0,0,0,0,0,0,0,0,0,0,0,0,0,0,0,0,0,0,0,0,0,0,0,0,0,,,,,,,0,0,0,0,0,0,,,,,,,,,0,0,0,0,0,0,0,0,0,0,0,0,0,0,0,0,0
TX1012700,2017,Katy Police Department,Texas,17669,,,,,,,,,,,,,,,,,,,,,,,,,,,,,,,,,,,,,,,,,,,,,,,,,,,,,,,,,,,,,,,,,,,,,,,,,,,,,,,,,,,,,,,,,,,,,,,,,,,,,,,,,,,,,,,,,,,,,,,,,,,,,,,,,,,,,,,,,,,,,,,,,,,,,,,,,,,,,,,,,,,,,,,,,,,,,,,,,,,,,,,,,,,,,,,,,,,,,,,,,,,,,,,,,,,,,,,,,,,,,,,,,,,,,,,,,,,,,,,,,,,,,,,,,,,,,,,,,,,,,,,,,,,,,,,,,,,,,,,,,,,,,,,,,,,,,,,,,,,,,,,,,,,,,,,,,,,,,,,,,,,,,,,,,,,,,,,,,,,,,,,,,,,,,,,,,,,,,,,,,,,,,,,,,,,,,,,,,,,,,,,,,,,,,,,,,,,,,,,,,,,,,,,,,,,,,,,,,,,,,,,,,,,,,,,,,,,,,,,,,,,,,,,,,,,,,,,,,,,,,,,,,,,,,,,,,,,,,,,,,,,,,,,,,,,,,,,,,,,,,,,,,,,,,,,,,,,,,,,,,,,,,,,,,,,,,,,,,,,,,,,,,,,,,,,,,,,,,,,,,,,,,,,,,,,,,,,,,,,,,,,,,,,,,,,,,,,,,,,,,,,,,,,,,,,,,,,,,,,,,,,,,,,,,,,,,,,,,,,,,,,,,,,,,,,,,,,,,,,,,,,,,,,,,,,,,,,,,,,,,,,,,,,,,,,,,,,,,,,,,,,,,,,,,,,,,,,,,,,,,,,,,,,,,,,,,,,,,,,,,,,,,,,,,,,,,,,,,,,,,,,,,,,,,,,,,,,,,,,,,,,,,,,,,,,,,,,,,,,,,,,,,,,,,,,,,,,,,,,,,,,,,,,,,,,,,,,,,,,,,,,,,,,,,,,,,,,,,,,,,,,,,,,,,,,,,,,,,,,,,,,,,,,,,,,,,,,,,,,,,,,,,,,,,,,,,,,,,,,,,,,,,,,,,,,,,,,,,,,,,,,,,,,,,,,,,,,,,,,,,,,,,,,,,,,,,,,,,,,,,,,,,,,,,,,,,,,,,,,,,,,,,,,,,,,,,,,,,,,,,,,,,,,,,,,,,,,,,,,,,,,,,,,,,,,,,,,,,,,,,,,,,,,,,,,,,,,,,,,,,,,,,,,,,,,,,,,,,,,,,,,,,,,,,,,,,,,,,,,,,,,,,,,,,,,,,,,,,,,,,,,,,,,,,,,,,,,,,,,,,,,,,,,,,,,,,,,,,,,,,,,,,,,,,,,,,,,,,,,,,,,,,,,,,,,,,,,,,,,,,,,,,,,,,,,,,,,,,,,,,,,,,,,,,,,,,,,,,,,,,,,,,,,,,,,,,,,,,,,,,,,,,,,,,,,,,,,,,,,,,,,,,,,,,,,,,,,,,,,,,,,,,,,,,,,,,,,,,,,,,,,,,,,,,,,,,,,,,,,,,,,,,,,,,,,,,,,,,,,,,,,,,,,,,,,,,,,,,,,,,,,,,,,,,,,,,,,,,,,,,,,,,,,,,,,,,,,,,,,,,,,,,,,,,,,,,,,,,,,,,,,,,,,,,,,,,,,,,,,,,,,,,,,,,,,,,,,,,,,,,,,,,,,,,,,,,,,,,,,,,,,,,,,,,,,,,,,,,,,,,,,,,,,,,,,,,,,,,,,,,,,,,,,,,,,,,,,,,,,,,,,,,,,,,,,,,,,,,,,,,,,,,,,,,,,,,,,,,,,,,,,,,,,,,,,,,,,,,,,,,,,,,,,,,,,,,,,,,,,,,,,,,,,,,,,,,,,,,,,,,,,,,,,,,,,,,,,,,,,,,,,,,,,,,,,,,,,,,,,,,,,,,,,,,,,,,,,,,,,,,,,,,,,,,,,,,,,,,,,,,,,,,,,,,,,,,,,,,,,,,,,,,,,,,,,,,,,,,,,,,,,,,,,,,,,,,,,,,,,,,,,,,,,,,,,,,,,,,,,,,,,,,,,,,,,,,,,,,,,,,,,,,,,,,,,,,,,,,,,,,,,,,,,,,,,,,,,,,,,,,,,,,,,,,,,,,,,,,,,,,,,,,,,,,,,,,,,,,,,,,,,,,,,,,,,,,,,,,,,,,,,,,,,,,,,,,,,,,,,,,,,,,,,,,,,,,,,,,,,,,,,,,,,,,,,,,,,,,,,,,,,,,,,,,,,,,,,,,,,,,,,,,,,,,,,,,,,,,,,,,,,,,,,,,,,,,,,,,,,,,,,,,,,,,,,,,,,,,,,,,,,,,,,,,,,,,,,,,,,,,,,0,,,,,,,,,,,,,,,,,,,,,,,,,,,,,,,,,,,,,,,,,,,,,,,,,,,,,,,,,,,,,,,,,,,,,,,,,,,,,,,,,,,,,,,,,,,,,,,,,,,,,,,,,,,,,,,,,,,,,,,,,,,,,,,,,,,,,,,,,,,,,,,,,,,,,,,,,,,,,,,,,,,,,,,,,,,,,,,,,,,,,,,,,,,,,,,,,,,,,,,,,,,,,,,,,,,,,,,,,,,,,,,,,,,,,,,,,,,,,,,,,,,,,,,,,,,,,,,,,,,,,,,,,,,,,,,,,,,,,,,,,,,,,,,,,,,,,,,,,,,,,,,,,,,,,,,,,,,,,,,,,,,,,,,,,,,,,,,,,,,,,,,,,,,,,,,,,,,,,,,,,,,,,,,,,,,,,,,,,,,,,,,,,,,,,,,,,,,,,,,,,,,,,,,,,,,,,,,,,,,,,,,,,,,,,,,,,,,,,,,,,,,,,,,,,,,,,,,,,,,,,,,,,,,,,,,,,,,,,,,,,,,,,,,,,,,,,,,,,,,,,,,,,,,,,,,,,,,,,,,,,,,,,,,,,,,,,,,,,,,,,,,,,,,,,,,,,,,,,,,,,,,,,,,,,,,,,,,,,,,,,,,,,,,,,,,,,,,,,,,,,,,,,,,,,,,,,,,,,,,,,,,,,,,,,,,,,,,,,,,,,,,,,,,,,,,,,,,,,,,,,,,,,,,,,,,,,,,,,,,,,,,,,,,,,,,,,,,,,,,,,,,,,,0,,,,,0,,,,,,,,,,,,,,,,,,,,,,,,,,,,,,,,,,,,,,,,,,,,,,,,,,,,,,,,,,,,,,,,,,,,,,,,,,,,,,,,,,,,,,,,,,0,,,,,,,,,,,,,,,,,,,,,,29,76,17,23,11,33,1,106,3,183,0,17,0,8,1,0,28,25,87,5,20,70,6,8,47,1,1,0,0,1,1,0,0,1,0,0,0,0,0,0,0,0,20387,602,267,1478,968,11310,1382,3852,276,2223,0,2622,0,1159,2764,0,2218,2085,464,311,1325,0,4794,0,159,2419,82908,0,0,11054,884,0,0,166,0,0,0,0,0,0,0,0,14923,153,125,681,240,2211,1382,332,221,409,0,553,0,37,2764,0,663,829,155,442,995,0,1889,0,55,2419,82908,0,0,11054,884,0,0,166,0,0,0,0,0,0,0,0,46,0,0,3,0,0,0,29,1,0,0,0,0,3,1,1,4,1,0,0,0,0,0,0,3,82,2,0,1,0,1,0,0,0,0,0,0,0,0,0,0,0,10180,0,0,1658,0,0,0,7812,759,0,0,0,0,368,55,221,594,1105,0,0,0,0,0,0,1382,667,26168,0,3316,0,7185,0,0,0,0,0,0,0,0,0,0,0,774,0,0,1658,0,0,0,442,759,0,0,0,0,332,55,221,580,1105,0,0,0,0,0,0,1382,332,26168,0,3316,0,7185,0,0,0,0,0,0,0,0,0,0,0,6,19,4,3,2,3,2,0,11,1,0,0,0,1,1,0,1,17,0,0,0,1,2,0,0,1,1,0,0,0,0,0,0,0,0,0,0,0,24098,296,196,471,345,1181,266,0,58,88,0,0,0,0,11,0,88,134,0,0,0,0,884,0,0,0,199,0,0,0,0,0,0,0,0,0,0,0,22109,116,190,471,345,221,266,0,19,88,0,0,0,0,11,0,88,49,0,0,0,0,884,0,0,0,199,0,0,0,0,0,0,0,0,0,0,0,0,150,2,4,0,0,68,0,4,0,0,1,0,0,0,0,0,0,0,0,0,0,0,0,0,1,0,0,0,0,0,0,2,719,0,0,3,0,1960,0,0,0,0,0,0,0,0,0,0,0,0,0,0,0,0,0,0,0,0,0,0,0,2,719,0,0,3,0,1649,0,0,0,0,0,0,0,0,0,0,0,0,0,0,0,0,0,0,0,0,0,0,5,2,0,0,0,0,0,0,2,1,1,0,0,0,0,0,0,0,0,0,0,,0,0,0,0,0,0,475,1327,0,0,0,0,0,0,995,0,0,0,0,0,0,0,0,0,0,0,0,,0,0,0,0,0,0,111,1327,0,0,0,0,0,0,995,0,0,0,0,0,0,0,0,0,0,0,0,,0,0,0,0,0,0,0,0,0,0,0,0,0,0,0,0,0,0,0,0,0,0,0,0,0,0,0,0,0,0,0,0,0,0,0,0,0,0,0,0,0,0,0,0,0,0,0,0,0,0,0,0,0,0,0,0,0,0,0,0,0,0,0,0,0,0,0,0,0,0,0,0,0,0,0,0,0,0,0,0,0,0,0,0,0,0,0,0,0,0,0,0,0,0,0,0,0,0,0,0,0,1,34,85,0,26,7,3,4,7,6,4,1,5,0,19,0,1,0,0,0,0,0,0,0,0,0,0,0,0,0,0,0,0,0,0,0,0,0,0,0,0,0,0,0,0,0,0,0,0,0,0,0,0,0,0,0,0,0,0,0,0,0,0,0,0,0,0,0,0,0,0,0,0,0,0,0,0,0,0,0,0,0,0,0,0,0,0,0,0,0,0,0,0,0,0,0,0,0,0,0,0,0,0,0,0,0,0,0,0,0,0,0,0,0,0,0,0,0,0,0,0,0,0,0,0,0,0,0,0,0,0,0,0,0,0,0,0,0,33,0,0,18,0,0,1,0,0,13,5,31,40,1,4,0,0,0,7,0,0,0,0,0,836,0,0,2083,0,0,497,0,0,0,561,0,0,774,3040,0,0,0,194,0,0,0,0,0,719,0,0,2100,0,0,497,0,0,0,76,0,0,774,2211,0,0,0,99,0,0,0,0,0,1,7,0,0,0,0,0,0,6,0,0,625,0,0,249,0,0,0,0,0,0,0,0,0,0,0,0,0,1,0,0,0,0,0,0,0,0,0,0,0,0,0,0,0,0,0,0,0,0,0,0,0,0,0,0,0,0,0,0,0,0,0,0,0,0,0,0,0,0,0,0,0,0,0,0,0,0,0,0,0,0,0,1,0,0,0,0,0,0,0,0,0,0,0,0,0,0,0,0,0,0,0,0,884,0,0,0,0,0,0,0,0,0,0,0,0,0,0,0,0,0,0,0,0,884,0,0,0,0,0,0,0,0,0,0,0,0,0,0,0,0,0,0,0,2,0,0,0,0,0,0,0,0,0,0,0,0,0,0,0,0,0,0,0,0,0,0,0,0,0,0,0,0,0,0,0,0,0,0,0,0,0,0,0,2,0,0,1,0,0,0,0,0,0,0,160,0,0,99,0,0,0,0,0,0,0,160,0,0,99,0,0,0,0,0,0,0,0,0,0,0,0,0,0,0,0,0,0,0,0,0,0,0,0,0,0,0,0,0,0,0,,0,,0,0,0,0,0,0,,0,,0,0,0,0,0,0,,0,,0,0,0,0,0,0,0,0,0,0,0,0,0,0,0,0,0,0,0,0,0,0,0,0,0,0,0,0,0,0,0,0,0,0,0,0,0,0,0,0,0,0,0,0,0,0,0,0,0,0,0,0,0,0,0,0,0,0,0,0,0,0,0,0,0,0,0,0,0,0,0,0,0,0,0,0,0,0,0,0,0,0,0,0,0,0,0,0,0,0,0,0,0,0,0,0,0,0,0,0,0,0,0,,,0,0,0,,,0,0,0,,,0,0,0,,,,,,,,,,0,0,0,,,,,,0,0,0,0,0,0,0,0,0,0,0,0,0,0,0,0,0
TX1012700,2018,Katy Police Department,Texas,18965,,,,,,,,,,,,,,,,,,,,,,,,,,,,,,,,,,,,,,,,,,,,,,,,,,,,,,,,,,,,,,,,,,,,,,,,,,,,,,,,,,,,,,,,,,,,,,,,,,,,,,,,,,,,,,,,,,,,,,,,,,,,,,,,,,,,,,,,,,,,,,,,,,,,,,,,,,,,,,,,,,,,,,,,,,,,,,,,,,,,,,,,,,,,,,,,,,,,,,,,,,,,,,,,,,,,,,,,,,,,,,,,,,,,,,,,,,,,,,,,,,,,,,,,,,,,,,,,,,,,,,,,,,,,,,,,,,,,,,,,,,,,,,,,,,,,,,,,,,,,,,,,,,,,,,,,,,,,,,,,,,,,,,,,,,,,,,,,,,,,,,,,,,,,,,,,,,,,,,,,,,,,,,,,,,,,,,,,,,,,,,,,,,,,,,,,,,,,,,,,,,,,,,,,,,,,,,,,,,,,,,,,,,,,,,,,,,,,,,,,,,,,,,,,,,,,,,,,,,,,,,,,,,,,,,,,,,,,,,,,,,,,,,,,,,,,,,,,,,,,,,,,,,,,,,,,,,,,,,,,,,,,,,,,,,,,,,,,,,,,,,,,,,,,,,,,,,,,,,,,,,,,,,,,,,,,,,,,,,,,,,,,,,,,,,,,,,,,,,,,,,,,,,,,,,,,,,,,,,,,,,,,,,,,,,,,,,,,,,,,,,,,,,,,,,,,,,,,,,,,,,,,,,,,,,,,,,,,,,,,,,,,,,,,,,,,,,,,,,,,,,,,,,,,,,,,,,,,,,,,,,,,,,,,,,,,,,,,,,,,,,,,,,,,,,,,,,,,,,,,,,,,,,,,,,,,,,,,,,,,,,,,,,,,,,,,,,,,,,,,,,,,,,,,,,,,,,,,,,,,,,,,,,,,,,,,,,,,,,,,,,,,,,,,,,,,,,,,,,,,,,,,,,,,,,,,,,,,,,,,,,,,,,,,,,,,,,,,,,,,,,,,,,,,,,,,,,,,,,,,,,,,,,,,,,,,,,,,,,,,,,,,,,,,,,,,,,,,,,,,,,,,,,,,,,,,,,,,,,,,,,,,,,,,,,,,,,,,,,,,,,,,,,,,,,,,,,,,,,,,,,,,,,,,,,,,,,,,,,,,,,,,,,,,,,,,,,,,,,,,,,,,,,,,,,,,,,,,,,,,,,,,,,,,,,,,,,,,,,,,,,,,,,,,,,,,,,,,,,,,,,,,,,,,,,,,,,,,,,,,,,,,,,,,,,,,,,,,,,,,,,,,,,,,,,,,,,,,,,,,,,,,,,,,,,,,,,,,,,,,,,,,,,,,,,,,,,,,,,,,,,,,,,,,,,,,,,,,,,,,,,,,,,,,,,,,,,,,,,,,,,,,,,,,,,,,,,,,,,,,,,,,,,,,,,,,,,,,,,,,,,,,,,,,,,,,,,,,,,,,,,,,,,,,,,,,,,,,,,,,,,,,,,,,,,,,,,,,,,,,,,,,,,,,,,,,,,,,,,,,,,,,,,,,,,,,,,,,,,,,,,,,,,,,,,,,,,,,,,,,,,,,,,,,,,,,,,,,,,,,,,,,,,,,,,,,,,,,,,,,,,,,,,,,,,,,,,,,,,,,,,,,,,,,,,,,,,,,,,,,,,,,,,,,,,,,,,,,,,,,,,,,,,,,,,,,,,,,,,,,,,,,,,,,,,,,,,,,,,,,,,,,,,,,,,,,,,,,,,,,,,,,,,,,,,,,,,,,,,,,,,,,,,,,,,,,,,,,,,,,,,,,,,,,,,,,,,,,,,,,,,,,,,,,,,,,,,,,,,,,,,,,,,,,,,,,,,,,,,,,,,,,,,,,,,,,,,,,,,,,,,,,,,,,,,,,,,,,,,,,,,,,,,,,,,,,,,,,,,,,,,,,,,,,,,,,,,,,,,,,,,,,,,,,,,,,,,,,,,,,,,,,,,,,,,,,,,,,,,,,,,,,,,,,,,,,,,,,,,,,,,,,,,,,,,,,,,,,,,,,,,,,,,,,,,,,,,,,,,,,,,,,,,,,,,,,,,,,,,,,,,,,,,,,,,,,,,,,,,,,,,,,,,,,,,,,,,,,,,,,,,,,,,,,,,,,,,,,,,,,,,,,,,,,,,,,,,,,,,,,,,,,,,,,,,,,,,,,,,,,,,,,,,,,,,,,,,,,,,,,,,,,,,,,,,,,,,,,,,,,,,,,,,,,,,,,,,,,,,,,,,,,,,,,,,,,,,,,,,,,,,,,,,,,,,,,,,,,,,,,,,,,,,,,,,,,,,,,,,,,,,,,,,,,,,,,,,,,,,,,,,,0,,,,,,,,,,,,,,,,,,,,,,,,,,,,,,,,,,,,,,,,,,,,,,,,,,,,,,,,,,,,,,,,,,,,,,,,,,,,,,,,,,,,,,,,,,,,,,,,,,,,,,,,,,,,,,,,,,,,,,,,,,,,,,,,,,,,,,,,,,,,,,,,,,,,,,,,,,,,,,,,,,,,,,,,,,,,,,,,,,,,,,,,,,,,,,,,,,,,,,,,,,,,,,,,,,,,,,,,,,,,,,,,,,,,,,,,,,,,,,,,,,,,,,,,,,,,,,,,,,,,,,,,,,,,,,,,,,,,,,,,,,,,,,,,,,,,,,,,,,,,,,,,,,,,,,,,,,,,,,,,,,,,,,,,,,,,,,,,,,,,,,,,,,,,,,,,,,,,,,,,,,,,,,,,,,,,,,,,,,,,,,,,,,,,,,,,,,,,,,,,,,,,,,,,,,,,,,,,,,,,,,,,,,,,,,,,,,,,,,,,,,,,,,,,,,,,,,,,,,,,,,,,,,,,,,,,,,,,,,,,,,,,,,,,,,,,,,,,,,,,,,,,,,,,,,,,,,,,,,,,,,,,,,,,,,,,,,,,,,,,,,,,,,,,,,,,,,,,,,,,,,,,,,,,,,,,,,,,,,,,,,,,,,,,,,,,,,,,,,,,,,,,,,,,,,,,,,,,,,,,,,,,,,,,,,,,,,,,,,,,,,,,,,,,,,,,,,,,,,,,,,,,,,,,,,,,,,,,,,,,,,,,,,,,,,,,,,,,,,,,,,,,,,0,,,,,0,,,,,,,,,,,,,,,,,,,,,,,,,,,,,,,,,,,,,,,,,,,,,,,,,,,,,,,,,,,,,,,,,,,,,,,,,,,,,,,,,,,,,,,,,,0,,,,,,,,,,,,,,,,,,,,,,26,76,23,15,12,11,0,98,4,154,0,13,0,5,1,2,30,32,101,1,18,91,10,8,60,1,0,0,2,0,0,0,0,4,0,0,0,0,0,0,0,0,17543,589,220,851,1906,4956,0,5657,623,1132,0,578,0,137,162,39927,2283,1850,459,270,1531,0,17795,0,439,108,0,0,91725,0,0,0,0,7296,0,0,0,0,0,0,0,0,10791,162,16,469,149,486,0,270,540,210,0,431,0,22,162,39927,594,728,129,270,1511,0,1034,0,108,108,0,0,91725,0,0,0,0,3291,0,0,0,0,0,0,0,0,21,1,2,2,0,0,2,42,0,0,0,0,0,0,2,0,2,3,0,0,1,1,0,0,7,95,0,0,5,3,0,0,0,2,0,0,0,0,0,0,0,0,3985,55,165,340,0,0,836,2316,0,0,0,0,0,0,755,0,459,9424,0,0,35,216,0,0,38248,614,0,0,1161,189,0,0,0,173,0,0,0,0,0,0,0,0,432,55,165,340,0,0,836,270,0,0,0,0,0,0,755,0,459,1079,0,0,35,216,0,0,1079,432,0,0,701,22,0,0,0,173,0,0,0,0,0,0,0,0,11,28,5,2,2,2,3,0,21,2,0,0,0,1,2,1,0,22,0,0,0,3,0,0,0,0,7,0,0,0,0,0,0,0,0,0,0,0,12624,251,159,445,277,155,1219,0,317,609,0,0,0,270,9669,22,0,199,0,0,0,0,0,0,0,0,211,0,0,0,0,0,0,0,0,0,0,0,10791,149,17,445,277,155,173,0,91,609,0,0,0,270,9669,22,0,99,0,0,0,0,0,0,0,0,76,0,0,0,0,0,0,0,0,0,0,0,0,158,0,0,0,0,60,0,9,0,0,0,0,0,0,0,0,0,0,0,0,0,0,0,0,0,0,0,0,0,0,0,0,0,0,0,7,0,2847,0,0,0,0,0,0,0,0,0,0,0,0,0,0,0,0,0,0,0,0,0,0,0,0,0,0,0,2,0,2177,0,0,0,0,0,0,0,0,0,0,0,0,0,0,0,0,0,0,0,0,0,0,9,1,0,0,0,0,0,0,0,0,2,,0,0,0,0,0,0,0,0,0,0,0,0,0,0,0,0,375,0,0,0,0,0,0,0,0,0,0,,0,0,0,0,0,0,0,0,0,0,0,0,0,0,0,0,108,0,0,0,0,0,0,0,0,0,0,,0,0,0,0,0,0,0,0,0,0,0,0,0,0,0,0,0,0,0,0,0,0,0,0,0,0,0,0,1,0,0,0,0,0,0,0,0,0,0,0,0,0,0,0,0,0,0,0,0,0,0,0,0,0,0,0,0,0,0,0,55,0,0,0,0,0,0,0,0,0,0,0,0,0,0,0,0,0,0,0,0,0,0,0,0,0,0,0,0,0,0,0,55,0,0,0,0,0,0,0,0,0,0,0,0,0,0,0,0,0,0,0,21,89,4,49,1,1,10,4,11,12,2,6,0,19,0,0,0,0,0,0,0,0,0,0,0,0,0,0,0,0,0,0,0,0,0,0,0,0,0,0,0,0,0,0,0,0,0,0,0,0,0,0,0,,0,0,0,,0,0,0,,0,0,0,0,0,0,0,0,0,0,0,0,0,0,0,0,0,0,0,0,0,0,0,0,0,0,,,,,,,,0,,0,,0,0,0,0,0,0,0,0,0,0,0,0,0,0,0,0,,0,0,,0,0,,0,0,0,0,0,0,0,0,0,0,0,0,0,0,0,46,0,0,24,0,0,3,0,0,15,14,22,33,0,9,1,0,0,3,0,0,0,0,0,1059,0,0,2127,0,0,1268,0,0,0,253,0,0,0,8705,3777,0,0,66,0,0,0,0,0,755,0,0,1549,0,0,863,0,0,0,108,0,0,0,3992,3777,0,0,54,0,0,0,0,0,1,1,0,0,0,0,0,0,8,0,1,1031,0,5396,432,0,5396,0,0,0,0,0,0,0,0,0,0,1,0,0,0,0,0,1,0,0,0,0,0,0,0,0,0,0,0,0,0,0,1438,0,0,0,0,0,0,0,0,0,0,0,0,0,0,1438,0,0,0,0,0,0,0,0,0,0,0,0,0,0,0,0,0,0,0,1,0,0,0,0,0,0,0,0,0,0,0,0,0,0,0,0,0,0,0,0,17266,0,0,0,0,0,0,0,0,0,0,0,0,0,0,0,0,0,0,0,0,17266,0,0,0,0,0,0,0,0,0,0,0,0,0,0,0,0,0,0,1,0,0,0,0,0,0,0,0,0,0,0,0,0,0,0,0,0,0,0,0,0,0,0,0,0,0,0,0,0,0,0,0,0,0,0,0,0,0,0,4,0,0,0,0,0,0,0,0,0,0,670,0,0,0,0,0,0,0,0,0,0,247,0,0,0,0,0,0,0,0,0,0,0,0,0,0,0,0,0,0,0,0,0,0,0,0,0,0,0,0,0,0,0,0,0,0,,0,0,0,0,0,0,0,0,,0,0,0,0,0,0,0,0,,0,0,0,0,0,0,0,0,0,0,0,0,0,0,0,0,0,0,0,0,0,0,0,0,0,0,0,0,0,0,0,0,0,0,0,0,0,0,0,0,0,0,0,0,0,0,0,0,0,0,0,0,0,0,0,0,0,0,0,0,0,0,0,0,0,0,0,0,0,0,0,0,0,0,0,0,0,0,0,0,0,0,0,0,0,0,0,0,0,0,0,0,0,0,0,0,0,0,0,0,0,0,0,0,,0,0,0,0,,0,0,0,0,,0,0,0,0,0,0,0,0,0,0,0,0,0,0,0,0,0,,,,,,0,0,0,0,0,0,0,0,0,0,0,0,0,0,0,0,0
TX1012700,2019,Katy Police Department,Texas,19966,,,,,,,,,,,,,,,,,,,,,,,,,,,,,,,,,,,,,,,,,,,,,,,,,,,,,,,,,,,,,,,,,,,,,,,,,,,,,,,,,,,,,,,,,,,,,,,,,,,,,,,,,,,,,,,,,,,,,,,,,,,,,,,,,,,,,,,,,,,,,,,,,,,,,,,,,,,,,,,,,,,,,,,,,,,,,,,,,,,,,,,,,,,,,,,,,,,,,,,,,,,,,,,,,,,,,,,,,,,,,,,,,,,,,,,,,,,,,,,,,,,,,,,,,,,,,,,,,,,,,,,,,,,,,,,,,,,,,,,,,,,,,,,,,,,,,,,,,,,,,,,,,,,,,,,,,,,,,,,,,,,,,,,,,,,,,,,,,,,,,,,,,,,,,,,,,,,,,,,,,,,,,,,,,,,,,,,,,,,,,,,,,,,,,,,,,,,,,,,,,,,,,,,,,,,,,,,,,,,,,,,,,,,,,,,,,,,,,,,,,,,,,,,,,,,,,,,,,,,,,,,,,,,,,,,,,,,,,,,,,,,,,,,,,,,,,,,,,,,,,,,,,,,,,,,,,,,,,,,,,,,,,,,,,,,,,,,,,,,,,,,,,,,,,,,,,,,,,,,,,,,,,,,,,,,,,,,,,,,,,,,,,,,,,,,,,,,,,,,,,,,,,,,,,,,,,,,,,,,,,,,,,,,,,,,,,,,,,,,,,,,,,,,,,,,,,,,,,,,,,,,,,,,,,,,,,,,,,,,,,,,,,,,,,,,,,,,,,,,,,,,,,,,,,,,,,,,,,,,,,,,,,,,,,,,,,,,,,,,,,,,,,,,,,,,,,,,,,,,,,,,,,,,,,,,,,,,,,,,,,,,,,,,,,,,,,,,,,,,,,,,,,,,,,,,,,,,,,,,,,,,,,,,,,,,,,,,,,,,,,,,,,,,,,,,,,,,,,,,,,,,,,,,,,,,,,,,,,,,,,,,,,,,,,,,,,,,,,,,,,,,,,,,,,,,,,,,,,,,,,,,,,,,,,,,,,,,,,,,,,,,,,,,,,,,,,,,,,,,,,,,,,,,,,,,,,,,,,,,,,,,,,,,,,,,,,,,,,,,,,,,,,,,,,,,,,,,,,,,,,,,,,,,,,,,,,,,,,,,,,,,,,,,,,,,,,,,,,,,,,,,,,,,,,,,,,,,,,,,,,,,,,,,,,,,,,,,,,,,,,,,,,,,,,,,,,,,,,,,,,,,,,,,,,,,,,,,,,,,,,,,,,,,,,,,,,,,,,,,,,,,,,,,,,,,,,,,,,,,,,,,,,,,,,,,,,,,,,,,,,,,,,,,,,,,,,,,,,,,,,,,,,,,,,,,,,,,,,,,,,,,,,,,,,,,,,,,,,,,,,,,,,,,,,,,,,,,,,,,,,,,,,,,,,,,,,,,,,,,,,,,,,,,,,,,,,,,,,,,,,,,,,,,,,,,,,,,,,,,,,,,,,,,,,,,,,,,,,,,,,,,,,,,,,,,,,,,,,,,,,,,,,,,,,,,,,,,,,,,,,,,,,,,,,,,,,,,,,,,,,,,,,,,,,,,,,,,,,,,,,,,,,,,,,,,,,,,,,,,,,,,,,,,,,,,,,,,,,,,,,,,,,,,,,,,,,,,,,,,,,,,,,,,,,,,,,,,,,,,,,,,,,,,,,,,,,,,,,,,,,,,,,,,,,,,,,,,,,,,,,,,,,,,,,,,,,,,,,,,,,,,,,,,,,,,,,,,,,,,,,,,,,,,,,,,,,,,,,,,,,,,,,,,,,,,,,,,,,,,,,,,,,,,,,,,,,,,,,,,,,,,,,,,,,,,,,,,,,,,,,,,,,,,,,,,,,,,,,,,,,,,,,,,,,,,,,,,,,,,,,,,,,,,,,,,,,,,,,,,,,,,,,,,,,,,,,,,,,,,,,,,,,,,,,,,,,,,,,,,,,,,,,,,,,,,,,,,,,,,,,,,,,,,,,,,,,,,,,,,,,,,,,,,,,,,,,,,,,,,,,,,,,,,,,,,,,,,,,,,,,,,,,,,,,,,,,,,,,,,,,,,,,,,,,,,,,,,,,,,,,,,,,,,,,,,,,,,,,,,,,,,,,,,,,,,,,,,,,,,,,,,,,,,,,,,,,,,,,,,,,,,,,,,,,,,,,,,,,,,,,,,,,,,,,,,,,,,,,,,,,,,,,,,,,,,,,,,,,,,,,,,,,,,,,,,,,,,,,,,,,,,,,,,,,,,,,,,,,,,,,,,,,,,,,,,,,,,,,,,,,,,,,,,,,,,,,,,,,,,,,,,,,,,,,,,,,,,,,,,,,,,0,,,,,,,,,,,,,,,,,,,,,,,,,,,,,,,,,,,,,,,,,,,,,,,,,,,,,,,,,,,,,,,,,,,,,,,,,,,,,,,,,,,,,,,,,,,,,,,,,,,,,,,,,,,,,,,,,,,,,,,,,,,,,,,,,,,,,,,,,,,,,,,,,,,,,,,,,,,,,,,,,,,,,,,,,,,,,,,,,,,,,,,,,,,,,,,,,,,,,,,,,,,,,,,,,,,,,,,,,,,,,,,,,,,,,,,,,,,,,,,,,,,,,,,,,,,,,,,,,,,,,,,,,,,,,,,,,,,,,,,,,,,,,,,,,,,,,,,,,,,,,,,,,,,,,,,,,,,,,,,,,,,,,,,,,,,,,,,,,,,,,,,,,,,,,,,,,,,,,,,,,,,,,,,,,,,,,,,,,,,,,,,,,,,,,,,,,,,,,,,,,,,,,,,,,,,,,,,,,,,,,,,,,,,,,,,,,,,,,,,,,,,,,,,,,,,,,,,,,,,,,,,,,,,,,,,,,,,,,,,,,,,,,,,,,,,,,,,,,,,,,,,,,,,,,,,,,,,,,,,,,,,,,,,,,,,,,,,,,,,,,,,,,,,,,,,,,,,,,,,,,,,,,,,,,,,,,,,,,,,,,,,,,,,,,,,,,,,,,,,,,,,,,,,,,,,,,,,,,,,,,,,,,,,,,,,,,,,,,,,,,,,,,,,,,,,,,,,,,,,,,,,,,,,,,,,,,,,,,,,,,,,,,,,,,,,,,,,,,,,,,,,,,,0,,,,,0,,,,,,,,,,,,,,,,,,,,,,,,,,,,,,,,,,,,,,,,,,,,,,,,,,,,,,,,,,,,,,,,,,,,,,,,,,,,,,,,,,,,,,,,,,0,,,,,,,,,,,,,,,,,,,,,,34,67,23,27,12,24,0,107,5,183,0,12,0,6,0,2,42,34,104,4,30,102,6,15,64,1,0,0,3,0,0,0,0,4,0,0,0,0,1,0,0,0,18220,1598,113,552,2832,24741,0,5647,191,2371,0,747,0,94,0,21198,3630,2275,450,237,1538,0,3683,0,276,159,0,0,7596,0,0,0,0,0,0,0,0,0,212,0,0,0,11659,191,46,530,621,901,0,318,85,148,0,583,0,68,0,21198,1288,1590,175,158,954,0,2676,0,53,159,0,0,9539,0,0,0,0,0,0,0,0,0,212,0,0,0,36,0,0,6,0,0,0,78,0,0,1,0,0,2,0,0,5,1,1,0,4,4,2,0,6,174,0,0,2,0,1,0,2,0,0,0,0,0,0,0,0,0,2058,0,0,254,0,0,0,728,0,0,4240,0,0,556,0,0,609,3180,0,0,1113,676,105991,0,1422,557,0,0,1272,0,689,0,1457,0,0,0,0,0,0,0,0,0,477,0,0,106,0,0,0,318,0,0,4240,0,0,556,0,0,662,3180,0,0,874,715,105991,0,556,424,0,0,1272,0,689,0,1457,0,0,0,0,0,0,0,0,0,14,28,5,4,1,2,3,1,29,0,0,0,0,1,4,2,0,41,0,0,0,4,1,0,0,0,13,0,2,0,0,0,0,0,0,0,0,0,15248,3338,106,188,18,252,635,265,325,0,0,0,0,85,716,194,0,298,0,0,0,0,37,0,0,0,572,0,10069,0,0,0,0,0,0,0,0,0,15678,285,56,188,18,252,16,265,94,0,0,0,0,85,146,194,0,220,0,0,0,0,37,0,0,0,53,0,10069,0,0,0,0,0,0,0,0,0,0,177,0,1,1,0,106,1,4,0,0,0,0,0,0,0,0,0,0,0,0,0,1,0,0,0,0,1,0,0,0,0,0,4,2,0,3,5,1187,0,0,0,0,0,0,0,0,0,0,0,0,0,0,0,0,0,0,7,0,0,0,0,0,4,2,0,2,5,1174,0,0,0,0,0,0,0,0,0,0,0,0,0,0,0,0,0,0,7,0,0,0,9,5,0,0,0,0,0,0,0,0,4,0,0,0,0,0,0,0,0,0,0,,0,0,0,0,0,0,101,35,0,0,0,0,0,0,0,0,0,0,0,0,0,0,0,0,0,0,0,,0,0,0,0,0,0,106,0,0,0,0,0,0,0,0,0,0,0,0,0,0,0,0,0,0,0,0,,0,0,0,0,0,0,0,0,0,0,0,0,0,0,0,0,0,0,0,0,0,0,0,0,0,0,0,0,0,0,0,0,0,0,0,0,0,0,0,0,0,0,0,0,0,0,0,0,0,0,0,0,0,0,0,0,0,0,0,0,0,0,0,0,0,0,0,0,0,0,0,0,0,0,0,0,0,0,0,0,0,0,0,0,0,0,0,0,0,0,0,0,0,0,0,0,0,0,0,0,0,0,17,94,10,50,1,2,15,0,34,8,1,4,0,21,0,0,0,0,0,0,0,0,0,0,0,0,0,0,0,0,0,0,0,0,0,0,0,0,0,0,0,0,0,0,0,0,0,0,0,0,0,0,0,,0,0,0,,0,0,0,,0,2,0,0,0,0,0,0,0,0,0,0,0,0,0,0,0,0,0,0,0,0,0,0,0,0,0,0,0,0,0,0,0,0,0,0,0,0,0,0,0,0,0,0,0,0,0,0,0,0,0,0,0,0,0,0,0,0,0,0,0,0,0,0,0,0,0,0,0,0,0,0,0,0,0,48,0,0,19,0,0,1,0,0,20,22,14,37,0,12,0,0,1,6,0,0,0,0,0,1039,0,0,6050,0,0,1060,0,0,0,574,0,0,0,5367,0,0,53,51,0,0,0,0,0,503,0,0,2183,0,0,1060,0,0,0,65,0,0,0,4240,0,0,53,42,0,0,0,0,0,1,0,0,0,0,0,0,0,13,0,0,6324,0,0,715,0,0,0,0,0,0,0,0,0,0,0,0,4,2,0,0,0,0,0,0,0,1,0,0,4,0,0,0,0,0,0,0,0,0,0,0,105,0,0,5936,0,0,0,0,0,0,0,0,0,0,0,105,0,0,6095,0,0,0,0,0,0,0,0,0,0,0,0,1,1,0,0,0,0,0,0,0,0,0,0,0,0,0,0,0,0,0,0,0,265,424,0,0,0,0,0,0,0,0,0,0,0,0,0,0,0,0,0,0,0,265,424,0,0,0,0,0,0,0,0,0,0,0,0,0,0,0,0,0,0,0,0,0,0,0,0,0,0,0,0,0,0,0,0,0,0,0,0,0,0,0,0,0,0,0,0,0,0,0,0,0,0,0,0,0,0,0,0,0,0,7,0,0,1,0,0,0,0,0,0,0,1593,0,0,106,0,0,0,0,0,0,0,185,0,0,106,0,0,0,0,0,0,0,0,0,0,0,0,0,0,0,0,0,0,0,0,0,0,0,0,0,0,0,0,0,0,0,,0,0,0,0,0,0,0,0,,0,0,0,0,0,0,0,0,,0,0,0,0,0,0,0,0,0,0,0,0,0,0,0,0,0,0,0,0,0,0,0,0,0,0,0,0,0,0,0,0,0,0,0,0,0,0,0,0,0,0,0,0,0,0,0,0,0,0,0,0,0,0,0,0,0,0,0,0,0,0,0,0,0,0,0,0,0,0,0,0,0,0,0,0,0,0,0,0,0,0,0,0,0,0,0,0,0,0,0,0,0,0,0,0,0,0,0,0,0,0,0,,0,0,,0,,0,0,,0,,0,0,,0,0,0,0,0,0,0,0,0,0,0,0,0,0,0,0,0,0,,,0,0,0,0,0,0,0,0,0,0,0,0,0,0,0,0,0
TX1012700,2020,Katy Police Department,Texas,22797,,,,,,,,,,,,,,,,,,,,,,,,,,,,,,,,,,,,,,,,,,,,,,,,,,,,,,,,,,,,,,,,,,,,,,,,,,,,,,,,,,,,,,,,,,,,,,,,,,,,,,,,,,,,,,,,,,,,,,,,,,,,,,,,,,,,,,,,,,,,,,,,,,,,,,,,,,,,,,,,,,,,,,,,,,,,,,,,,,,,,,,,,,,,,,,,,,,,,,,,,,,,,,,,,,,,,,,,,,,,,,,,,,,,,,,,,,,,,,,,,,,,,,,,,,,,,,,,,,,,,,,,,,,,,,,,,,,,,,,,,,,,,,,,,,,,,,,,,,,,,,,,,,,,,,,,,,,,,,,,,,,,,,,,,,,,,,,,,,,,,,,,,,,,,,,,,,,,,,,,,,,,,,,,,,,,,,,,,,,,,,,,,,,,,,,,,,,,,,,,,,,,,,,,,,,,,,,,,,,,,,,,,,,,,,,,,,,,,,,,,,,,,,,,,,,,,,,,,,,,,,,,,,,,,,,,,,,,,,,,,,,,,,,,,,,,,,,,,,,,,,,,,,,,,,,,,,,,,,,,,,,,,,,,,,,,,,,,,,,,,,,,,,,,,,,,,,,,,,,,,,,,,,,,,,,,,,,,,,,,,,,,,,,,,,,,,,,,,,,,,,,,,,,,,,,,,,,,,,,,,,,,,,,,,,,,,,,,,,,,,,,,,,,,,,,,,,,,,,,,,,,,,,,,,,,,,,,,,,,,,,,,,,,,,,,,,,,,,,,,,,,,,,,,,,,,,,,,,,,,,,,,,,,,,,,,,,,,,,,,,,,,,,,,,,,,,,,,,,,,,,,,,,,,,,,,,,,,,,,,,,,,,,,,,,,,,,,,,,,,,,,,,,,,,,,,,,,,,,,,,,,,,,,,,,,,,,,,,,,,,,,,,,,,,,,,,,,,,,,,,,,,,,,,,,,,,,,,,,,,,,,,,,,,,,,,,,,,,,,,,,,,,,,,,,,,,,,,,,,,,,,,,,,,,,,,,,,,,,,,,,,,,,,,,,,,,,,,,,,,,,,,,,,,,,,,,,,,,,,,,,,,,,,,,,,,,,,,,,,,,,,,,,,,,,,,,,,,,,,,,,,,,,,,,,,,,,,,,,,,,,,,,,,,,,,,,,,,,,,,,,,,,,,,,,,,,,,,,,,,,,,,,,,,,,,,,,,,,,,,,,,,,,,,,,,,,,,,,,,,,,,,,,,,,,,,,,,,,,,,,,,,,,,,,,,,,,,,,,,,,,,,,,,,,,,,,,,,,,,,,,,,,,,,,,,,,,,,,,,,,,,,,,,,,,,,,,,,,,,,,,,,,,,,,,,,,,,,,,,,,,,,,,,,,,,,,,,,,,,,,,,,,,,,,,,,,,,,,,,,,,,,,,,,,,,,,,,,,,,,,,,,,,,,,,,,,,,,,,,,,,,,,,,,,,,,,,,,,,,,,,,,,,,,,,,,,,,,,,,,,,,,,,,,,,,,,,,,,,,,,,,,,,,,,,,,,,,,,,,,,,,,,,,,,,,,,,,,,,,,,,,,,,,,,,,,,,,,,,,,,,,,,,,,,,,,,,,,,,,,,,,,,,,,,,,,,,,,,,,,,,,,,,,,,,,,,,,,,,,,,,,,,,,,,,,,,,,,,,,,,,,,,,,,,,,,,,,,,,,,,,,,,,,,,,,,,,,,,,,,,,,,,,,,,,,,,,,,,,,,,,,,,,,,,,,,,,,,,,,,,,,,,,,,,,,,,,,,,,,,,,,,,,,,,,,,,,,,,,,,,,,,,,,,,,,,,,,,,,,,,,,,,,,,,,,,,,,,,,,,,,,,,,,,,,,,,,,,,,,,,,,,,,,,,,,,,,,,,,,,,,,,,,,,,,,,,,,,,,,,,,,,,,,,,,,,,,,,,,,,,,,,,,,,,,,,,,,,,,,,,,,,,,,,,,,,,,,,,,,,,,,,,,,,,,,,,,,,,,,,,,,,,,,,,,,,,,,,,,,,,,,,,,,,,,,,,,,,,,,,,,,,,,,,,,,,,,,,,,,,,,,,,,,,,,,,,,,,,,,,,,,,,,,,,,,,,,,,,,,,,,,,,,,,,,,,,,,,,,,,,,,,,,,,,,,,,,,,,,,,,,,,,,,,,,,,,,,,,,,,,,,,,,,,,,,,,,,,,,,,,,,,,,,,,,,,,,,,,,,,,,,,,,,,,,,,,,,,,,,,,,,,,,,,,,,,,,,,,,,,,,,,,,,,,,,,,,,,,,,,,,,,,,,,,,,,,,,,,,,,,,,,,,,,,,,,,,,,,,,,,,,0,,,,,,,,,,,,,,,,,,,,,,,,,,,,,,,,,,,,,,,,,,,,,,,,,,,,,,,,,,,,,,,,,,,,,,,,,,,,,,,,,,,,,,,,,,,,,,,,,,,,,,,,,,,,,,,,,,,,,,,,,,,,,,,,,,,,,,,,,,,,,,,,,,,,,,,,,,,,,,,,,,,,,,,,,,,,,,,,,,,,,,,,,,,,,,,,,,,,,,,,,,,,,,,,,,,,,,,,,,,,,,,,,,,,,,,,,,,,,,,,,,,,,,,,,,,,,,,,,,,,,,,,,,,,,,,,,,,,,,,,,,,,,,,,,,,,,,,,,,,,,,,,,,,,,,,,,,,,,,,,,,,,,,,,,,,,,,,,,,,,,,,,,,,,,,,,,,,,,,,,,,,,,,,,,,,,,,,,,,,,,,,,,,,,,,,,,,,,,,,,,,,,,,,,,,,,,,,,,,,,,,,,,,,,,,,,,,,,,,,,,,,,,,,,,,,,,,,,,,,,,,,,,,,,,,,,,,,,,,,,,,,,,,,,,,,,,,,,,,,,,,,,,,,,,,,,,,,,,,,,,,,,,,,,,,,,,,,,,,,,,,,,,,,,,,,,,,,,,,,,,,,,,,,,,,,,,,,,,,,,,,,,,,,,,,,,,,,,,,,,,,,,,,,,,,,,,,,,,,,,,,,,,,,,,,,,,,,,,,,,,,,,,,,,,,,,,,,,,,,,,,,,,,,,,,,,,,,,,,,,,,,,,,,,,,,,,,,,,,,,,,,,,,0,,,,,0,,,,,,,,,,,,,,,,,,,,,,,,,,,,,,,,,,,,,,,,,,,,,,,,,,,,,,,,,,,,,,,,,,,,,,,,,,,,,,,,,,,,,,,,,,0,,,,,,,,,,,,,,,,,,,,,,60,85,21,20,12,25,0,88,4,170,0,9,0,9,1,2,33,52,103,3,23,100,2,18,41,3,0,0,1,0,0,0,0,6,0,0,0,0,0,0,0,0,19121,357,101,1010,742,5278,0,9440,6248,1365,0,301,0,66,2879,4344,1235,3635,343,157,1608,0,523,0,433,282,0,0,36640,0,0,0,0,2647,0,0,0,0,0,0,0,0,15703,180,23,523,257,733,0,408,1963,286,0,209,0,37,2879,4344,576,1570,167,157,1047,0,523,0,105,282,0,0,36640,0,0,0,0,167,0,0,0,0,0,0,0,0,20,0,0,3,1,0,1,53,1,0,0,0,1,3,0,0,4,1,1,1,1,3,0,0,8,74,0,0,2,0,3,0,0,0,0,0,0,0,0,0,0,0,866,0,0,752,0,0,157,1468,837,0,0,0,1989,262,0,0,746,314,209,21,79,332,0,0,2656,603,0,0,15964,0,525,0,0,0,0,0,0,0,0,0,0,0,523,0,0,262,0,0,157,314,837,0,0,0,1989,209,0,0,419,314,209,21,79,314,0,0,1832,393,0,0,15964,0,525,0,0,0,0,0,0,0,0,0,0,0,31,23,3,4,6,4,3,1,24,2,0,0,0,4,4,4,1,36,0,0,0,5,3,0,0,0,5,0,0,0,0,0,0,0,0,0,0,0,18215,339,21,157,295,477,415,26,261,3,0,0,0,2460,235,30,105,303,0,0,0,0,494,0,0,0,381,0,0,0,0,0,0,0,0,0,0,0,15703,189,7,157,132,565,219,26,207,3,0,0,0,2094,198,28,105,143,0,0,0,0,494,0,0,0,395,0,0,0,0,0,0,0,0,0,0,0,0,177,1,4,0,0,179,0,3,0,0,0,0,0,0,0,0,0,0,0,1,0,0,0,0,0,0,0,0,0,0,0,0,2,0,0,3,0,38820,0,0,0,0,0,0,0,0,0,0,0,0,0,0,0,0,0,0,0,0,0,0,0,0,2,0,0,2,0,8928,0,0,0,0,0,0,0,0,0,0,0,0,0,0,0,0,0,0,0,0,0,0,1,1,0,0,0,0,0,0,1,0,6,,0,0,0,0,0,0,0,0,0,,0,0,0,0,0,0,52,105,0,0,0,0,0,0,227732,0,0,,0,0,0,0,0,0,0,0,0,,0,0,0,0,0,0,52,105,0,0,0,0,0,0,227732,0,0,,0,0,0,0,0,0,0,0,0,,0,0,0,0,0,0,0,0,0,0,0,0,0,0,0,0,0,0,0,0,0,0,0,0,0,0,0,0,0,0,0,0,0,0,0,0,0,0,0,0,0,0,0,0,0,0,0,0,0,0,0,0,0,0,0,0,0,0,0,0,0,0,0,0,0,0,0,0,0,0,0,0,0,0,0,0,0,0,0,0,0,0,0,0,0,0,0,0,0,0,0,0,0,0,0,0,0,0,0,0,0,1,30,83,8,55,3,0,7,3,35,16,3,5,0,18,1,0,0,0,0,0,0,0,0,0,0,0,0,0,0,0,0,0,0,0,0,0,0,0,0,0,0,0,,0,0,,0,0,,0,0,0,0,,0,0,0,,0,0,0,,0,0,0,0,0,0,0,0,0,0,0,0,0,0,0,0,0,0,0,0,0,0,0,0,0,0,0,0,0,0,0,0,0,0,0,0,0,0,0,0,0,0,0,0,0,0,0,0,0,0,0,0,0,,0,0,,0,0,,0,0,0,0,0,0,0,0,0,0,0,0,0,0,0,36,0,0,26,0,0,2,0,0,9,24,22,30,0,11,0,0,0,5,0,0,0,0,0,1308,0,0,2213,0,0,10,0,0,0,190,0,0,0,7909,0,0,0,530,0,0,0,0,0,1047,0,0,1832,0,0,10,0,0,0,99,0,0,0,4187,0,0,0,314,0,0,0,0,0,3,2,0,0,0,0,0,0,14,0,0,880,0,0,230,0,0,0,0,0,0,0,0,0,0,0,0,2,1,0,0,0,1,1,0,0,1,0,0,1,0,0,0,0,0,0,0,7,31,0,0,157,0,0,2303,0,0,0,0,0,0,0,7,31,0,0,157,0,0,2303,0,0,0,0,0,0,0,0,0,0,0,0,2,1,0,0,0,0,0,0,0,0,0,0,0,0,0,1,1,0,0,0,0,942,3664,0,0,0,0,0,0,0,0,0,0,0,0,0,0,210,0,0,0,0,942,3664,0,0,0,0,0,0,0,0,0,0,0,0,0,0,210,0,0,0,0,0,0,0,0,0,0,0,0,0,0,0,0,0,0,0,0,0,0,0,0,0,0,0,0,0,0,0,0,0,0,0,0,0,0,0,0,0,0,0,4,0,0,1,0,0,0,0,0,0,0,2216,0,0,4,0,0,0,0,0,0,0,1047,0,0,4,0,0,0,0,0,0,0,0,0,0,0,0,0,0,0,0,0,0,0,0,0,0,0,0,0,0,0,0,0,0,0,0,0,0,0,0,0,0,0,0,0,0,0,0,0,0,0,0,0,0,0,0,0,0,0,0,0,0,0,0,0,0,0,0,0,0,0,0,0,0,0,0,0,0,0,0,0,0,0,0,0,0,0,0,0,0,0,0,0,0,0,0,0,0,0,0,0,0,0,0,0,0,0,0,0,0,0,0,0,0,0,0,0,0,0,0,0,0,0,0,0,0,0,0,0,0,0,0,0,0,0,0,0,0,0,0,0,0,0,0,0,0,0,0,0,0,0,0,0,0,0,0,0,0,0,0,0,0,0,0,0,0,0,0,0,0,0,0,0,0,0,0,0,,,,0,0,0,0,0,0,,,,,,0,0,0,0,0,0,0,0,0,0,0,0,0,0,0,0,0
TX1012700,2021,Katy Police Department,Texas,25183,,,,,,,,,,,,,,,,,,,,,,,,,,,,,,,,,,,,,,,,,,,,,,,,,,,,,,,,,,,,,,,,,,,,,,,,,,,,,,,,,,,,,,,,,,,,,,,,,,,,,,,,,,,,,,,,,,,,,,,,,,,,,,,,,,,,,,,,,,,,,,,,,,,,,,,,,,,,,,,,,,,,,,,,,,,,,,,,,,,,,,,,,,,,,,,,,,,,,,,,,,,,,,,,,,,,,,,,,,,,,,,,,,,,,,,,,,,,,,,,,,,,,,,,,,,,,,,,,,,,,,,,,,,,,,,,,,,,,,,,,,,,,,,,,,,,,,,,,,,,,,,,,,,,,,,,,,,,,,,,,,,,,,,,,,,,,,,,,,,,,,,,,,,,,,,,,,,,,,,,,,,,,,,,,,,,,,,,,,,,,,,,,,,,,,,,,,,,,,,,,,,,,,,,,,,,,,,,,,,,,,,,,,,,,,,,,,,,,,,,,,,,,,,,,,,,,,,,,,,,,,,,,,,,,,,,,,,,,,,,,,,,,,,,,,,,,,,,,,,,,,,,,,,,,,,,,,,,,,,,,,,,,,,,,,,,,,,,,,,,,,,,,,,,,,,,,,,,,,,,,,,,,,,,,,,,,,,,,,,,,,,,,,,,,,,,,,,,,,,,,,,,,,,,,,,,,,,,,,,,,,,,,,,,,,,,,,,,,,,,,,,,,,,,,,,,,,,,,,,,,,,,,,,,,,,,,,,,,,,,,,,,,,,,,,,,,,,,,,,,,,,,,,,,,,,,,,,,,,,,,,,,,,,,,,,,,,,,,,,,,,,,,,,,,,,,,,,,,,,,,,,,,,,,,,,,,,,,,,,,,,,,,,,,,,,,,,,,,,,,,,,,,,,,,,,,,,,,,,,,,,,,,,,,,,,,,,,,,,,,,,,,,,,,,,,,,,,,,,,,,,,,,,,,,,,,,,,,,,,,,,,,,,,,,,,,,,,,,,,,,,,,,,,,,,,,,,,,,,,,,,,,,,,,,,,,,,,,,,,,,,,,,,,,,,,,,,,,,,,,,,,,,,,,,,,,,,,,,,,,,,,,,,,,,,,,,,,,,,,,,,,,,,,,,,,,,,,,,,,,,,,,,,,,,,,,,,,,,,,,,,,,,,,,,,,,,,,,,,,,,,,,,,,,,,,,,,,,,,,,,,,,,,,,,,,,,,,,,,,,,,,,,,,,,,,,,,,,,,,,,,,,,,,,,,,,,,,,,,,,,,,,,,,,,,,,,,,,,,,,,,,,,,,,,,,,,,,,,,,,,,,,,,,,,,,,,,,,,,,,,,,,,,,,,,,,,,,,,,,,,,,,,,,,,,,,,,,,,,,,,,,,,,,,,,,,,,,,,,,,,,,,,,,,,,,,,,,,,,,,,,,,,,,,,,,,,,,,,,,,,,,,,,,,,,,,,,,,,,,,,,,,,,,,,,,,,,,,,,,,,,,,,,,,,,,,,,,,,,,,,,,,,,,,,,,,,,,,,,,,,,,,,,,,,,,,,,,,,,,,,,,,,,,,,,,,,,,,,,,,,,,,,,,,,,,,,,,,,,,,,,,,,,,,,,,,,,,,,,,,,,,,,,,,,,,,,,,,,,,,,,,,,,,,,,,,,,,,,,,,,,,,,,,,,,,,,,,,,,,,,,,,,,,,,,,,,,,,,,,,,,,,,,,,,,,,,,,,,,,,,,,,,,,,,,,,,,,,,,,,,,,,,,,,,,,,,,,,,,,,,,,,,,,,,,,,,,,,,,,,,,,,,,,,,,,,,,,,,,,,,,,,,,,,,,,,,,,,,,,,,,,,,,,,,,,,,,,,,,,,,,,,,,,,,,,,,,,,,,,,,,,,,,,,,,,,,,,,,,,,,,,,,,,,,,,,,,,,,,,,,,,,,,,,,,,,,,,,,,,,,,,,,,,,,,,,,,,,,,,,,,,,,,,,,,,,,,,,,,,,,,,,,,,,,,,,,,,,,,,,,,,,,,,,,,,,,,,,,,,,,,,,,,,,,,,,,,,,,,,,,,,,,,,,,,,,,,,,,,,,,,,,,,,,,,,,,,,,,,,,,,,,,,,,,,,,,,,,,,,,,,,,,,,,,,,,,,,,,,,,,,,,,,,,,,,,,,,,,,,,,,,,,,,,,,,,,,,,,,,,,,,,,,,,,,,,,,,,,,,,,,,,,,,,,,,,,,,,,,,,,,,,,,,,,,,,,,,,,,,,,,,,,,,,,,,,,,,,,,,,,,,,,,,,,,,,,,,,,,,,,,,,,,,,,,,,,,,,,,,,,,,,,,,,,,,,,,,,,,,,,,,0,,,,,,,,,,,,,,,,,,,,,,,,,,,,,,,,,,,,,,,,,,,,,,,,,,,,,,,,,,,,,,,,,,,,,,,,,,,,,,,,,,,,,,,,,,,,,,,,,,,,,,,,,,,,,,,,,,,,,,,,,,,,,,,,,,,,,,,,,,,,,,,,,,,,,,,,,,,,,,,,,,,,,,,,,,,,,,,,,,,,,,,,,,,,,,,,,,,,,,,,,,,,,,,,,,,,,,,,,,,,,,,,,,,,,,,,,,,,,,,,,,,,,,,,,,,,,,,,,,,,,,,,,,,,,,,,,,,,,,,,,,,,,,,,,,,,,,,,,,,,,,,,,,,,,,,,,,,,,,,,,,,,,,,,,,,,,,,,,,,,,,,,,,,,,,,,,,,,,,,,,,,,,,,,,,,,,,,,,,,,,,,,,,,,,,,,,,,,,,,,,,,,,,,,,,,,,,,,,,,,,,,,,,,,,,,,,,,,,,,,,,,,,,,,,,,,,,,,,,,,,,,,,,,,,,,,,,,,,,,,,,,,,,,,,,,,,,,,,,,,,,,,,,,,,,,,,,,,,,,,,,,,,,,,,,,,,,,,,,,,,,,,,,,,,,,,,,,,,,,,,,,,,,,,,,,,,,,,,,,,,,,,,,,,,,,,,,,,,,,,,,,,,,,,,,,,,,,,,,,,,,,,,,,,,,,,,,,,,,,,,,,,,,,,,,,,,,,,,,,,,,,,,,,,,,,,,,,,,,,,,,,,,,,,,,,,,,,,,,,,,,,,,,0,,,,,0,,,,,,,,,,,,,,,,,,,,,,,,,,,,,,,,,,,,,,,,,,,,,,,,,,,,,,,,,,,,,,,,,,,,,,,,,,,,,,,,,,,,,,,,,,0,,,,,,,,,,,,,,,,,,,,,,65,81,23,17,10,23,0,74,3,140,0,7,0,4,1,4,18,104,98,2,11,69,15,4,52,1,1,0,3,0,0,0,0,3,0,0,0,0,0,0,0,0,22187,451,160,2005,867,9503,0,5438,1544,3398,0,987,0,9,2199,9000,2634,2954,456,149,707,0,6287,0,469,33,45000,0,23333,0,0,0,0,473,0,0,0,0,0,0,0,0,15000,157,35,650,494,1100,0,430,125,388,0,700,0,6,2199,8500,880,1800,217,149,540,0,5566,0,50,33,45000,0,25000,0,0,0,0,16,0,0,0,0,0,0,0,0,62,0,1,1,0,0,3,37,0,0,0,0,0,5,0,0,2,1,1,0,2,3,0,0,2,71,0,0,0,0,1,0,0,1,0,0,0,0,0,0,0,0,1764,0,1000,100,0,0,570,999,0,0,0,0,0,312,0,0,0,0,312,0,1100,350,0,0,1900,899,0,0,0,0,200,0,0,500,0,0,0,0,0,0,0,0,600,0,1000,100,0,0,200,400,0,0,0,0,0,350,0,0,0,0,312,0,1100,350,0,0,1900,500,0,0,0,0,200,0,0,500,0,0,0,0,0,0,0,0,36,14,8,2,1,5,3,1,12,1,0,0,1,5,1,1,0,18,0,0,0,5,0,0,0,0,3,0,1,1,0,0,1,0,0,0,0,0,25647,357,248,500,11,339,12537,6,107,1067,0,0,15000,3357,0,21,0,353,0,0,0,0,0,0,0,0,327,0,5000,2199,0,0,1399,0,0,0,0,0,20000,120,138,500,11,113,7052,6,32,1067,0,0,15000,50,0,21,0,245,0,0,0,0,0,0,0,0,268,0,5000,2199,0,0,1399,0,0,0,0,0,0,182,3,3,0,0,248,0,0,0,0,0,0,0,0,0,0,0,0,0,0,0,0,0,0,1,0,0,0,0,0,0,400,0,0,0,3,0,0,0,0,0,0,0,0,0,0,0,0,0,0,0,0,0,0,0,0,0,0,0,0,0,400,0,0,0,2,0,0,0,0,0,0,0,0,0,0,0,0,0,0,0,0,0,0,0,0,0,0,0,0,2,0,0,0,0,0,0,0,4,1,1,,0,0,0,0,0,0,0,0,0,0,0,0,0,0,0,0,60,0,0,0,0,0,0,0,1854,0,0,,0,0,0,0,0,0,0,0,0,0,0,0,0,0,0,0,60,0,0,0,0,0,0,0,1854,0,0,,0,0,0,0,0,0,0,0,0,0,0,0,0,0,0,0,0,0,0,0,0,0,0,0,0,0,0,0,0,0,0,0,0,0,0,0,0,0,0,0,0,0,0,0,0,0,0,0,0,0,0,0,0,0,0,0,0,0,0,0,0,0,0,0,0,0,0,0,0,0,0,0,0,0,0,0,0,0,0,0,0,0,0,0,0,0,0,0,0,0,0,0,0,0,0,0,0,0,0,0,0,0,0,0,0,0,0,0,0,0,0,18,1,,,2,0,158,,,0,,0,32,1,16,,0,0,0,0,0,0,0,0,0,0,0,0,0,0,0,0,0,0,0,0,0,0,0,0,0,0,0,0,0,0,0,0,0,0,0,0,0,0,0,0,0,0,0,0,0,0,0,0,201,0,0,0,0,0,0,0,0,0,0,0,0,0,0,0,0,0,0,0,0,0,0,0,0,0,0,0,0,0,0,,0,,0,,0,0,0,0,0,0,0,0,0,0,0,0,0,0,0,0,,0,0,,0,0,,0,0,0,0,0,0,0,0,0,0,0,,,,0,42,0,0,36,0,0,3,0,0,13,7,13,49,0,13,1,0,2,7,0,0,0,0,0,1478,0,0,2316,0,0,1162,0,0,0,46,0,0,0,16236,25,0,1350,639,0,0,0,0,0,975,0,0,1400,0,0,1035,0,0,0,27,0,0,0,8500,25,0,1350,72,0,0,0,0,0,1,5,0,0,0,0,0,0,10,0,0,1785,0,0,700,0,0,0,0,0,0,0,0,0,0,0,0,0,5,0,0,0,0,3,0,0,0,0,0,2,0,0,0,0,0,0,0,0,1605,0,0,0,0,0,2000,0,0,0,0,0,0,0,0,1383,0,0,0,0,0,2000,0,0,0,0,0,0,0,0,0,0,0,0,1,1,1,0,0,0,0,0,0,0,0,0,0,0,0,0,1,0,0,0,0,1000,0,2500,0,0,0,0,0,0,0,0,0,0,0,0,0,1000,0,0,0,0,1000,0,2500,0,0,0,0,0,0,0,0,0,0,0,0,0,1000,0,0,0,0,0,0,0,0,2,0,0,0,0,0,0,0,0,0,150,0,0,0,0,0,0,0,0,0,150,0,0,0,0,0,0,0,0,0,0,0,0,0,0,4,0,0,1,0,0,0,0,0,0,0,780,0,0,30,0,0,0,0,0,0,0,900,0,0,30,0,0,0,0,0,0,0,0,0,0,0,1,0,0,0,0,0,0,0,2000,0,0,0,0,0,0,0,2000,0,0,0,,0,0,0,0,1,0,0,0,,0,0,0,0,1400,0,0,0,,0,0,0,0,1400,0,0,0,0,0,0,0,0,0,0,0,0,0,0,0,0,0,0,0,0,0,0,0,0,0,0,0,0,0,0,0,0,0,0,0,0,0,0,0,0,0,0,0,0,0,0,0,0,0,0,0,0,0,0,0,0,0,0,0,0,0,0,0,0,0,0,0,0,0,0,0,0,0,0,0,0,0,0,0,0,0,0,0,0,0,0,0,0,0,0,0,0,0,0,0,0,0,0,,0,0,0,0,,0,0,0,0,,0,0,0,0,0,0,0,0,0,,,,0,0,0,0,0,0,0,0,0,14,0,0,0,0,0,0,0,0,0,0,0,0,0,0,0,0,0,0
