ORI,year,agency,state,population,offense_assault_offenses_aggravated_assault,offense_assault_offenses_intimidation,offense_assault_offenses_simple_assault,offense_burglary_breaking_and_entering,offense_destruction_damage_vandalism_of_property,offense_drug_narcotic_offenses_drug_equipment_violations,offense_drug_narcotic_offenses_drug_narcotic_violations,offense_larceny_theft_offenses_all_other_larceny,offense_larceny_theft_offenses_pocket_picking,offense_larceny_theft_offenses_purse_snatching,offense_larceny_theft_offenses_shoplifting,offense_larceny_theft_offenses_theft_from_building,offense_larceny_theft_offenses_theft_from_coin_operated_machine_or_device,offense_larceny_theft_offenses_theft_from_motor_vehicle,offense_larceny_theft_offenses_theft_of_motor_vehicle_parts_accessories,offense_motor_vehicle_theft,offense_murder_nonnegligent_manslaughter,offense_robbery,offense_sex_offenses_rape,offense_sex_offenses_sodomy,offense_arson,offense_counterfeiting_forgery,offense_embezzlement,offense_extortion_blackmail,offense_fraud_offenses_credit_card_atm_fraud,offense_fraud_offenses_false_pretenses_swindle_confidence_game,offense_fraud_offenses_impersonation,offense_gambling_offenses_betting_wagering,offense_gambling_offenses_operating_promoting_assisting_gambling,offense_kidnapping_abduction,offense_pornography_obscene_material,offense_prostitution_offenses_assisting_or_promoting_prostitution,offense_prostitution_offenses_prostitution,offense_sex_offenses_criminal_sexual_contact_formerly_fondling_indecent_liberties_child_molest,offense_sex_offenses_incest,offense_stolen_property_offenses_receiving_selling_etc,offense_weapon_law_violations_weapon_law_violations,offense_gambling_offenses_gambling_equipment_violations,offense_sex_offenses_statutory_rape,offense_negligent_manslaughter,offense_fraud_offenses_welfare_fraud,offense_sex_offenses_sexual_assault_with_an_object,offense_fraud_offenses_wire_fraud,offense_bribery,offense_justifiable_homicide_not_a_crime,offense_handgun_assault_offenses_aggravated_assault,offense_no_gun_assault_offenses_aggravated_assault,offense_other_unknown_gun_assault_offenses_aggravated_assault,offense_no_gun_assault_offenses_simple_assault,offense_handgun_murder_nonnegligent_manslaughter,offense_no_gun_murder_nonnegligent_manslaughter,offense_other_unknown_gun_murder_nonnegligent_manslaughter,offense_handgun_robbery,offense_no_gun_robbery,offense_other_unknown_gun_robbery,offense_handgun_sex_offenses_rape,offense_no_gun_sex_offenses_rape,offense_no_gun_sex_offenses_sodomy,offense_other_unknown_gun_sex_offenses_rape,offense_handgun_sex_offenses_sodomy,offense_no_gun_extortion_blackmail,offense_handgun_kidnapping_abduction,offense_no_gun_kidnapping_abduction,offense_handgun_weapon_law_violations_weapon_law_violations,offense_no_gun_weapon_law_violations_weapon_law_violations,offense_other_unknown_gun_kidnapping_abduction,offense_other_unknown_gun_weapon_law_violations_weapon_law_violations,offense_no_gun_negligent_manslaughter,offense_no_gun_sex_offenses_sexual_assault_with_an_object,offense_handgun_negligent_manslaughter,offense_handgun_extortion_blackmail,offense_other_unknown_gun_sex_offenses_sodomy,offense_handgun_sex_offenses_sexual_assault_with_an_object,offense_other_unknown_gun_extortion_blackmail,offense_other_unknown_gun_sex_offenses_sexual_assault_with_an_object,offense_handgun_justifiable_homicide_not_a_crime,offense_other_unknown_gun_negligent_manslaughter,offense_other_unknown_gun_justifiable_homicide_not_a_crime,offense_cleared_by_arrest_assault_offenses_aggravated_assault,offense_death_of_suspect_assault_offenses_aggravated_assault,offense_juvenile_no_custody_assault_offenses_aggravated_assault,not_cleared_assault_offenses_aggravated_assault,offense_prosecution_declined_assault_offenses_aggravated_assault,offense_victim_refused_to_cooperate_assault_offenses_aggravated_assault,not_cleared_assault_offenses_intimidation,offense_prosecution_declined_assault_offenses_intimidation,offense_cleared_by_arrest_assault_offenses_simple_assault,offense_extradition_denied_assault_offenses_simple_assault,offense_juvenile_no_custody_assault_offenses_simple_assault,not_cleared_assault_offenses_simple_assault,offense_prosecution_declined_assault_offenses_simple_assault,offense_victim_refused_to_cooperate_assault_offenses_simple_assault,offense_cleared_by_arrest_burglary_breaking_and_entering,not_cleared_burglary_breaking_and_entering,offense_prosecution_declined_burglary_breaking_and_entering,offense_victim_refused_to_cooperate_burglary_breaking_and_entering,offense_cleared_by_arrest_destruction_damage_vandalism_of_property,not_cleared_destruction_damage_vandalism_of_property,offense_victim_refused_to_cooperate_destruction_damage_vandalism_of_property,not_cleared_drug_narcotic_offenses_drug_equipment_violations,offense_cleared_by_arrest_drug_narcotic_offenses_drug_narcotic_violations,not_cleared_drug_narcotic_offenses_drug_narcotic_violations,offense_victim_refused_to_cooperate_drug_narcotic_offenses_drug_narcotic_violations,offense_cleared_by_arrest_larceny_theft_offenses_all_other_larceny,offense_juvenile_no_custody_larceny_theft_offenses_all_other_larceny,not_cleared_larceny_theft_offenses_all_other_larceny,offense_prosecution_declined_larceny_theft_offenses_all_other_larceny,offense_victim_refused_to_cooperate_larceny_theft_offenses_all_other_larceny,not_cleared_larceny_theft_offenses_pocket_picking,offense_victim_refused_to_cooperate_larceny_theft_offenses_pocket_picking,not_cleared_larceny_theft_offenses_purse_snatching,offense_victim_refused_to_cooperate_larceny_theft_offenses_purse_snatching,offense_cleared_by_arrest_larceny_theft_offenses_shoplifting,not_cleared_larceny_theft_offenses_shoplifting,offense_prosecution_declined_larceny_theft_offenses_shoplifting,offense_victim_refused_to_cooperate_larceny_theft_offenses_shoplifting,offense_cleared_by_arrest_larceny_theft_offenses_theft_from_building,not_cleared_larceny_theft_offenses_theft_from_building,offense_prosecution_declined_larceny_theft_offenses_theft_from_building,offense_victim_refused_to_cooperate_larceny_theft_offenses_theft_from_building,offense_cleared_by_arrest_larceny_theft_offenses_theft_from_coin_operated_machine_or_device,not_cleared_larceny_theft_offenses_theft_from_coin_operated_machine_or_device,offense_victim_refused_to_cooperate_larceny_theft_offenses_theft_from_coin_operated_machine_or_device,offense_cleared_by_arrest_larceny_theft_offenses_theft_from_motor_vehicle,not_cleared_larceny_theft_offenses_theft_from_motor_vehicle,offense_victim_refused_to_cooperate_larceny_theft_offenses_theft_from_motor_vehicle,offense_cleared_by_arrest_larceny_theft_offenses_theft_of_motor_vehicle_parts_accessories,not_cleared_larceny_theft_offenses_theft_of_motor_vehicle_parts_accessories,offense_victim_refused_to_cooperate_larceny_theft_offenses_theft_of_motor_vehicle_parts_accessories,offense_cleared_by_arrest_motor_vehicle_theft,not_cleared_motor_vehicle_theft,offense_prosecution_declined_motor_vehicle_theft,offense_victim_refused_to_cooperate_motor_vehicle_theft,offense_death_of_suspect_murder_nonnegligent_manslaughter,not_cleared_murder_nonnegligent_manslaughter,offense_cleared_by_arrest_robbery,not_cleared_robbery,offense_victim_refused_to_cooperate_robbery,offense_death_of_suspect_sex_offenses_rape,not_cleared_sex_offenses_rape,offense_prosecution_declined_sex_offenses_rape,offense_victim_refused_to_cooperate_sex_offenses_rape,not_cleared_sex_offenses_sodomy,offense_prosecution_declined_sex_offenses_sodomy,offense_victim_refused_to_cooperate_sex_offenses_sodomy,offense_extradition_denied_larceny_theft_offenses_all_other_larceny,offense_juvenile_no_custody_larceny_theft_offenses_shoplifting,offense_cleared_by_arrest_murder_nonnegligent_manslaughter,not_cleared_arson,offense_victim_refused_to_cooperate_arson,offense_extradition_denied_counterfeiting_forgery,not_cleared_counterfeiting_forgery,offense_prosecution_declined_counterfeiting_forgery,offense_victim_refused_to_cooperate_counterfeiting_forgery,offense_prosecution_declined_destruction_damage_vandalism_of_property,not_cleared_embezzlement,offense_prosecution_declined_embezzlement,offense_victim_refused_to_cooperate_embezzlement,not_cleared_extortion_blackmail,not_cleared_fraud_offenses_credit_card_atm_fraud,offense_prosecution_declined_fraud_offenses_credit_card_atm_fraud,offense_victim_refused_to_cooperate_fraud_offenses_credit_card_atm_fraud,not_cleared_fraud_offenses_false_pretenses_swindle_confidence_game,offense_prosecution_declined_fraud_offenses_false_pretenses_swindle_confidence_game,offense_victim_refused_to_cooperate_fraud_offenses_false_pretenses_swindle_confidence_game,not_cleared_fraud_offenses_impersonation,offense_prosecution_declined_fraud_offenses_impersonation,not_cleared_gambling_offenses_betting_wagering,not_cleared_gambling_offenses_operating_promoting_assisting_gambling,not_cleared_kidnapping_abduction,offense_victim_refused_to_cooperate_kidnapping_abduction,offense_prosecution_declined_larceny_theft_offenses_theft_from_motor_vehicle,offense_victim_refused_to_cooperate_murder_nonnegligent_manslaughter,not_cleared_pornography_obscene_material,not_cleared_prostitution_offenses_assisting_or_promoting_prostitution,not_cleared_prostitution_offenses_prostitution,offense_death_of_suspect_robbery,offense_prosecution_declined_robbery,not_cleared_sex_offenses_criminal_sexual_contact_formerly_fondling_indecent_liberties_child_molest,offense_victim_refused_to_cooperate_sex_offenses_criminal_sexual_contact_formerly_fondling_indecent_liberties_child_molest,not_cleared_sex_offenses_incest,not_cleared_stolen_property_offenses_receiving_selling_etc,offense_victim_refused_to_cooperate_stolen_property_offenses_receiving_selling_etc,not_cleared_weapon_law_violations_weapon_law_violations,offense_prosecution_declined_weapon_law_violations_weapon_law_violations,offense_victim_refused_to_cooperate_weapon_law_violations_weapon_law_violations,offense_cleared_by_arrest_drug_narcotic_offenses_drug_equipment_violations,offense_cleared_by_arrest_larceny_theft_offenses_purse_snatching,offense_cleared_by_arrest_sex_offenses_rape,offense_victim_refused_to_cooperate_assault_offenses_intimidation,offense_cleared_by_arrest_counterfeiting_forgery,offense_cleared_by_arrest_fraud_offenses_credit_card_atm_fraud,offense_extradition_denied_motor_vehicle_theft,offense_prosecution_declined_larceny_theft_offenses_theft_of_motor_vehicle_parts_accessories,offense_juvenile_no_custody_larceny_theft_offenses_theft_of_motor_vehicle_parts_accessories,offense_death_of_suspect_burglary_breaking_and_entering,offense_death_of_suspect_destruction_damage_vandalism_of_property,offense_cleared_by_arrest_gambling_offenses_betting_wagering,not_cleared_gambling_offenses_gambling_equipment_violations,offense_cleared_by_arrest_prostitution_offenses_prostitution,offense_cleared_by_arrest_sex_offenses_criminal_sexual_contact_formerly_fondling_indecent_liberties_child_molest,offense_cleared_by_arrest_stolen_property_offenses_receiving_selling_etc,offense_cleared_by_arrest_weapon_law_violations_weapon_law_violations,not_cleared_sex_offenses_statutory_rape,offense_prosecution_declined_drug_narcotic_offenses_drug_narcotic_violations,offense_prosecution_declined_larceny_theft_offenses_purse_snatching,offense_prosecution_declined_sex_offenses_statutory_rape,offense_death_of_suspect_larceny_theft_offenses_all_other_larceny,not_cleared_negligent_manslaughter,offense_cleared_by_arrest_kidnapping_abduction,offense_juvenile_no_custody_larceny_theft_offenses_theft_from_motor_vehicle,offense_cleared_by_arrest_arson,offense_cleared_by_arrest_assault_offenses_intimidation,offense_juvenile_no_custody_motor_vehicle_theft,offense_death_of_suspect_sex_offenses_sodomy,offense_prosecution_declined_larceny_theft_offenses_pocket_picking,offense_victim_refused_to_cooperate_gambling_offenses_betting_wagering,offense_death_of_suspect_kidnapping_abduction,offense_juvenile_no_custody_larceny_theft_offenses_purse_snatching,offense_prosecution_declined_sex_offenses_criminal_sexual_contact_formerly_fondling_indecent_liberties_child_molest,offense_prosecution_declined_stolen_property_offenses_receiving_selling_etc,offense_death_of_suspect_assault_offenses_simple_assault,offense_victim_refused_to_cooperate_drug_narcotic_offenses_drug_equipment_violations,offense_juvenile_no_custody_burglary_breaking_and_entering,offense_juvenile_no_custody_larceny_theft_offenses_theft_from_building,offense_death_of_suspect_motor_vehicle_theft,offense_cleared_by_arrest_gambling_offenses_operating_promoting_assisting_gambling,offense_extradition_denied_assault_offenses_intimidation,not_cleared_fraud_offenses_welfare_fraud,offense_cleared_by_arrest_sex_offenses_incest,offense_cleared_by_arrest_sex_offenses_sexual_assault_with_an_object,offense_juvenile_no_custody_destruction_damage_vandalism_of_property,offense_cleared_by_arrest_embezzlement,offense_cleared_by_arrest_fraud_offenses_false_pretenses_swindle_confidence_game,offense_cleared_by_arrest_fraud_offenses_impersonation,offense_cleared_by_arrest_fraud_offenses_welfare_fraud,offense_juvenile_no_custody_larceny_theft_offenses_theft_from_coin_operated_machine_or_device,offense_juvenile_no_custody_sex_offenses_rape,not_cleared_sex_offenses_sexual_assault_with_an_object,offense_cleared_by_arrest_sex_offenses_statutory_rape,offense_cleared_by_arrest_extortion_blackmail,offense_cleared_by_arrest_larceny_theft_offenses_pocket_picking,offense_cleared_by_arrest_negligent_manslaughter,offense_juvenile_no_custody_arson,offense_prosecution_declined_arson,offense_prosecution_declined_kidnapping_abduction,offense_death_of_suspect_larceny_theft_offenses_theft_from_motor_vehicle,offense_prosecution_declined_pornography_obscene_material,offense_juvenile_no_custody_sex_offenses_criminal_sexual_contact_formerly_fondling_indecent_liberties_child_molest,offense_victim_refused_to_cooperate_sex_offenses_incest,offense_cleared_by_arrest_sex_offenses_sodomy,offense_victim_refused_to_cooperate_fraud_offenses_impersonation,offense_juvenile_no_custody_sex_offenses_sodomy,offense_victim_refused_to_cooperate_sex_offenses_statutory_rape,offense_cleared_by_arrest_gambling_offenses_gambling_equipment_violations,offense_juvenile_no_custody_weapon_law_violations_weapon_law_violations,offense_juvenile_no_custody_assault_offenses_intimidation,offense_extradition_denied_burglary_breaking_and_entering,offense_extradition_denied_destruction_damage_vandalism_of_property,offense_victim_refused_to_cooperate_extortion_blackmail,offense_extradition_denied_fraud_offenses_credit_card_atm_fraud,offense_juvenile_no_custody_fraud_offenses_false_pretenses_swindle_confidence_game,offense_victim_refused_to_cooperate_fraud_offenses_wire_fraud,offense_extradition_denied_larceny_theft_offenses_shoplifting,offense_extradition_denied_larceny_theft_offenses_theft_from_motor_vehicle,offense_juvenile_no_custody_sex_offenses_sexual_assault_with_an_object,offense_victim_refused_to_cooperate_sex_offenses_sexual_assault_with_an_object,offense_juvenile_no_custody_sex_offenses_statutory_rape,offense_cleared_by_arrest_fraud_offenses_wire_fraud,offense_extradition_denied_sex_offenses_rape,offense_extradition_denied_assault_offenses_aggravated_assault,offense_extradition_denied_larceny_theft_offenses_theft_from_building,offense_extradition_denied_sex_offenses_criminal_sexual_contact_formerly_fondling_indecent_liberties_child_molest,not_cleared_fraud_offenses_wire_fraud,offense_extradition_denied_larceny_theft_offenses_theft_of_motor_vehicle_parts_accessories,offense_extradition_denied_fraud_offenses_false_pretenses_swindle_confidence_game,offense_juvenile_no_custody_negligent_manslaughter,offense_juvenile_no_custody_kidnapping_abduction,offense_cleared_by_arrest_prostitution_offenses_assisting_or_promoting_prostitution,offense_death_of_suspect_assault_offenses_intimidation,offense_juvenile_no_custody_robbery,offense_death_of_suspect_fraud_offenses_false_pretenses_swindle_confidence_game,not_cleared_bribery,offense_juvenile_no_custody_counterfeiting_forgery,offense_extradition_denied_larceny_theft_offenses_theft_from_coin_operated_machine_or_device,offense_cleared_by_arrest_pornography_obscene_material,not_cleared_justifiable_homicide_not_a_crime,offense_victim_refused_to_cooperate_prostitution_offenses_assisting_or_promoting_prostitution,offense_victim_refused_to_cooperate_prostitution_offenses_prostitution,offense_cleared_by_arrest_bribery,offense_victim_refused_to_cooperate_gambling_offenses_gambling_equipment_violations,offense_death_of_suspect_counterfeiting_forgery,offense_prosecution_declined_drug_narcotic_offenses_drug_equipment_violations,offense_prosecution_declined_extortion_blackmail,offense_prosecution_declined_fraud_offenses_wire_fraud,offense_prosecution_declined_gambling_offenses_betting_wagering,offense_prosecution_declined_gambling_offenses_operating_promoting_assisting_gambling,offense_prosecution_declined_murder_nonnegligent_manslaughter,offense_prosecution_declined_sex_offenses_incest,offense_prosecution_declined_sex_offenses_sexual_assault_with_an_object,offense_prosecution_declined_prostitution_offenses_prostitution,offense_death_of_suspect_larceny_theft_offenses_pocket_picking,offense_extradition_denied_sex_offenses_sodomy,offense_victim_refused_to_cooperate_negligent_manslaughter,offense_prosecution_declined_larceny_theft_offenses_theft_from_coin_operated_machine_or_device,offense_juvenile_no_custody_stolen_property_offenses_receiving_selling_etc,offense_home_assault_offenses_aggravated_assault,offense_other_unknown_location_assault_offenses_aggravated_assault,offense_outside_assault_offenses_aggravated_assault,offense_school_assault_offenses_aggravated_assault,offense_home_assault_offenses_intimidation,offense_home_assault_offenses_simple_assault,offense_other_unknown_location_assault_offenses_simple_assault,offense_outside_assault_offenses_simple_assault,offense_school_assault_offenses_simple_assault,offense_home_burglary_breaking_and_entering,offense_other_unknown_location_burglary_breaking_and_entering,offense_outside_burglary_breaking_and_entering,offense_school_burglary_breaking_and_entering,offense_home_destruction_damage_vandalism_of_property,offense_other_unknown_location_destruction_damage_vandalism_of_property,offense_school_destruction_damage_vandalism_of_property,offense_home_drug_narcotic_offenses_drug_equipment_violations,offense_home_drug_narcotic_offenses_drug_narcotic_violations,offense_other_unknown_location_drug_narcotic_offenses_drug_narcotic_violations,offense_outside_drug_narcotic_offenses_drug_narcotic_violations,offense_school_drug_narcotic_offenses_drug_narcotic_violations,offense_home_larceny_theft_offenses_all_other_larceny,offense_other_unknown_location_larceny_theft_offenses_all_other_larceny,offense_outside_larceny_theft_offenses_all_other_larceny,offense_school_larceny_theft_offenses_all_other_larceny,offense_home_larceny_theft_offenses_pocket_picking,offense_other_unknown_location_larceny_theft_offenses_pocket_picking,offense_outside_larceny_theft_offenses_pocket_picking,offense_school_larceny_theft_offenses_pocket_picking,offense_home_larceny_theft_offenses_purse_snatching,offense_other_unknown_location_larceny_theft_offenses_purse_snatching,offense_outside_larceny_theft_offenses_purse_snatching,offense_school_larceny_theft_offenses_purse_snatching,offense_home_larceny_theft_offenses_shoplifting,offense_other_unknown_location_larceny_theft_offenses_shoplifting,offense_home_larceny_theft_offenses_theft_from_building,offense_other_unknown_location_larceny_theft_offenses_theft_from_building,offense_outside_larceny_theft_offenses_theft_from_building,offense_school_larceny_theft_offenses_theft_from_building,offense_home_larceny_theft_offenses_theft_from_coin_operated_machine_or_device,offense_other_unknown_location_larceny_theft_offenses_theft_from_coin_operated_machine_or_device,offense_outside_larceny_theft_offenses_theft_from_coin_operated_machine_or_device,offense_home_larceny_theft_offenses_theft_from_motor_vehicle,offense_other_unknown_location_larceny_theft_offenses_theft_from_motor_vehicle,offense_outside_larceny_theft_offenses_theft_from_motor_vehicle,offense_school_larceny_theft_offenses_theft_from_motor_vehicle,offense_home_larceny_theft_offenses_theft_of_motor_vehicle_parts_accessories,offense_other_unknown_location_larceny_theft_offenses_theft_of_motor_vehicle_parts_accessories,offense_outside_larceny_theft_offenses_theft_of_motor_vehicle_parts_accessories,offense_school_larceny_theft_offenses_theft_of_motor_vehicle_parts_accessories,offense_home_motor_vehicle_theft,offense_other_unknown_location_motor_vehicle_theft,offense_outside_motor_vehicle_theft,offense_school_motor_vehicle_theft,offense_home_murder_nonnegligent_manslaughter,offense_other_unknown_location_murder_nonnegligent_manslaughter,offense_outside_murder_nonnegligent_manslaughter,offense_home_robbery,offense_other_unknown_location_robbery,offense_outside_robbery,offense_home_sex_offenses_rape,offense_other_unknown_location_sex_offenses_rape,offense_outside_sex_offenses_rape,offense_home_sex_offenses_sodomy,offense_other_unknown_location_sex_offenses_sodomy,offense_outside_sex_offenses_sodomy,offense_outside_destruction_damage_vandalism_of_property,offense_outside_larceny_theft_offenses_shoplifting,offense_school_robbery,offense_school_sex_offenses_rape,offense_home_arson,offense_other_unknown_location_arson,offense_outside_arson,offense_school_arson,offense_home_counterfeiting_forgery,offense_other_unknown_location_counterfeiting_forgery,offense_outside_counterfeiting_forgery,offense_school_counterfeiting_forgery,offense_home_embezzlement,offense_other_unknown_location_embezzlement,offense_outside_embezzlement,offense_other_unknown_location_extortion_blackmail,offense_home_fraud_offenses_credit_card_atm_fraud,offense_other_unknown_location_fraud_offenses_credit_card_atm_fraud,offense_home_fraud_offenses_false_pretenses_swindle_confidence_game,offense_other_unknown_location_fraud_offenses_false_pretenses_swindle_confidence_game,offense_outside_fraud_offenses_false_pretenses_swindle_confidence_game,offense_school_fraud_offenses_false_pretenses_swindle_confidence_game,offense_other_unknown_location_fraud_offenses_impersonation,offense_outside_fraud_offenses_impersonation,offense_home_gambling_offenses_betting_wagering,offense_home_gambling_offenses_operating_promoting_assisting_gambling,offense_outside_gambling_offenses_operating_promoting_assisting_gambling,offense_home_kidnapping_abduction,offense_other_unknown_location_kidnapping_abduction,offense_outside_kidnapping_abduction,offense_school_kidnapping_abduction,offense_school_larceny_theft_offenses_shoplifting,offense_school_murder_nonnegligent_manslaughter,offense_home_pornography_obscene_material,offense_outside_prostitution_offenses_assisting_or_promoting_prostitution,offense_outside_prostitution_offenses_prostitution,offense_home_sex_offenses_criminal_sexual_contact_formerly_fondling_indecent_liberties_child_molest,offense_other_unknown_location_sex_offenses_criminal_sexual_contact_formerly_fondling_indecent_liberties_child_molest,offense_home_sex_offenses_incest,offense_school_sex_offenses_sodomy,offense_home_stolen_property_offenses_receiving_selling_etc,offense_other_unknown_location_stolen_property_offenses_receiving_selling_etc,offense_outside_stolen_property_offenses_receiving_selling_etc,offense_home_weapon_law_violations_weapon_law_violations,offense_other_unknown_location_weapon_law_violations_weapon_law_violations,offense_outside_weapon_law_violations_weapon_law_violations,offense_school_weapon_law_violations_weapon_law_violations,offense_other_unknown_location_drug_narcotic_offenses_drug_equipment_violations,offense_outside_drug_narcotic_offenses_drug_equipment_violations,offense_other_unknown_location_assault_offenses_intimidation,offense_outside_assault_offenses_intimidation,offense_school_larceny_theft_offenses_theft_from_coin_operated_machine_or_device,offense_school_assault_offenses_intimidation,offense_other_unknown_location_gambling_offenses_betting_wagering,offense_other_unknown_location_gambling_offenses_gambling_equipment_violations,offense_other_unknown_location_gambling_offenses_operating_promoting_assisting_gambling,offense_other_unknown_location_prostitution_offenses_assisting_or_promoting_prostitution,offense_other_unknown_location_prostitution_offenses_prostitution,offense_school_fraud_offenses_credit_card_atm_fraud,offense_home_prostitution_offenses_assisting_or_promoting_prostitution,offense_home_sex_offenses_statutory_rape,offense_other_unknown_location_sex_offenses_statutory_rape,offense_outside_sex_offenses_statutory_rape,offense_school_drug_narcotic_offenses_drug_equipment_violations,offense_home_negligent_manslaughter,offense_home_extortion_blackmail,offense_outside_fraud_offenses_credit_card_atm_fraud,offense_home_fraud_offenses_impersonation,offense_school_gambling_offenses_betting_wagering,offense_other_unknown_location_pornography_obscene_material,offense_school_fraud_offenses_impersonation,offense_outside_sex_offenses_criminal_sexual_contact_formerly_fondling_indecent_liberties_child_molest,offense_school_sex_offenses_criminal_sexual_contact_formerly_fondling_indecent_liberties_child_molest,offense_bar_nightclub_burglary_breaking_and_entering,offense_bar_nightclub_gambling_offenses_operating_promoting_assisting_gambling,offense_bar_nightclub_assault_offenses_simple_assault,offense_bar_nightclub_larceny_theft_offenses_theft_from_building,offense_bar_nightclub_assault_offenses_intimidation,offense_bar_nightclub_counterfeiting_forgery,offense_bar_nightclub_destruction_damage_vandalism_of_property,offense_bar_nightclub_drug_narcotic_offenses_drug_narcotic_violations,offense_bar_nightclub_fraud_offenses_false_pretenses_swindle_confidence_game,offense_home_fraud_offenses_welfare_fraud,offense_other_unknown_location_fraud_offenses_welfare_fraud,offense_bar_nightclub_larceny_theft_offenses_all_other_larceny,offense_bar_nightclub_larceny_theft_offenses_shoplifting,offense_bar_nightclub_larceny_theft_offenses_theft_of_motor_vehicle_parts_accessories,offense_other_unknown_location_sex_offenses_incest,offense_home_sex_offenses_sexual_assault_with_an_object,offense_bar_nightclub_stolen_property_offenses_receiving_selling_etc,offense_bar_nightclub_assault_offenses_aggravated_assault,offense_bar_nightclub_motor_vehicle_theft,offense_outside_pornography_obscene_material,offense_bar_nightclub_arson,offense_bar_nightclub_larceny_theft_offenses_purse_snatching,offense_bar_nightclub_larceny_theft_offenses_theft_from_coin_operated_machine_or_device,offense_bar_nightclub_larceny_theft_offenses_theft_from_motor_vehicle,offense_bar_nightclub_weapon_law_violations_weapon_law_violations,offense_bar_nightclub_gambling_offenses_betting_wagering,offense_bar_nightclub_kidnapping_abduction,offense_outside_sex_offenses_sexual_assault_with_an_object,offense_bar_nightclub_fraud_offenses_impersonation,offense_bar_nightclub_larceny_theft_offenses_pocket_picking,offense_bar_nightclub_robbery,offense_bar_nightclub_drug_narcotic_offenses_drug_equipment_violations,offense_outside_extortion_blackmail,offense_bar_nightclub_sex_offenses_rape,offense_other_unknown_location_sex_offenses_sexual_assault_with_an_object,offense_outside_negligent_manslaughter,offense_outside_gambling_offenses_betting_wagering,offense_other_unknown_location_fraud_offenses_wire_fraud,offense_bar_nightclub_murder_nonnegligent_manslaughter,offense_home_gambling_offenses_gambling_equipment_violations,offense_bar_nightclub_embezzlement,offense_bar_nightclub_fraud_offenses_credit_card_atm_fraud,offense_home_fraud_offenses_wire_fraud,offense_home_prostitution_offenses_prostitution,offense_bar_nightclub_sex_offenses_criminal_sexual_contact_formerly_fondling_indecent_liberties_child_molest,offense_bar_nightclub_gambling_offenses_gambling_equipment_violations,offense_outside_gambling_offenses_gambling_equipment_violations,offense_home_bribery,offense_other_unknown_location_bribery,offense_other_unknown_location_justifiable_homicide_not_a_crime,offense_outside_bribery,offense_outside_sex_offenses_incest,offense_bar_nightclub_prostitution_offenses_prostitution,offense_bar_nightclub_sex_offenses_sodomy,offense_other_unknown_location_negligent_manslaughter,offense_bar_nightclub_prostitution_offenses_assisting_or_promoting_prostitution,offense_home_justifiable_homicide_not_a_crime,offense_outside_justifiable_homicide_not_a_crime,offense_na_assault_offenses_aggravated_assault,offense_na_assault_offenses_intimidation,offense_na_assault_offenses_simple_assault,offense_buy_possess_consume_drug_narcotic_offenses_drug_equipment_violations,offense_buy_possess_consume_drug_narcotic_offenses_drug_narcotic_violations,offense_sell_create_assist_drug_narcotic_offenses_drug_narcotic_violations,offense_na_murder_nonnegligent_manslaughter,offense_na_robbery,offense_na_sex_offenses_rape,offense_na_sex_offenses_sodomy,offense_buy_possess_consume_counterfeiting_forgery,offense_sell_create_assist_counterfeiting_forgery,offense_na_kidnapping_abduction,offense_sell_create_assist_pornography_obscene_material,offense_buy_possess_consume_stolen_property_offenses_receiving_selling_etc,offense_sell_create_assist_stolen_property_offenses_receiving_selling_etc,offense_buy_possess_consume_weapon_law_violations_weapon_law_violations,offense_sell_create_assist_weapon_law_violations_weapon_law_violations,offense_sell_create_assist_gambling_offenses_gambling_equipment_violations,offense_na_negligent_manslaughter,offense_na_pornography_obscene_material,offense_buy_possess_consume_gambling_offenses_gambling_equipment_violations,offense_sell_create_assist_drug_narcotic_offenses_drug_equipment_violations,offense_na_sex_offenses_sexual_assault_with_an_object,offense_buy_possess_consume_pornography_obscene_material,offense_na_drug_narcotic_offenses_drug_narcotic_violations,offender_assault_offenses_aggravated_assault,offender_assault_offenses_intimidation,offender_assault_offenses_simple_assault,offender_burglary_breaking_and_entering,offender_destruction_damage_vandalism_of_property,offender_drug_narcotic_offenses_drug_equipment_violations,offender_drug_narcotic_offenses_drug_narcotic_violations,offender_larceny_theft_offenses_all_other_larceny,offender_larceny_theft_offenses_pocket_picking,offender_larceny_theft_offenses_purse_snatching,offender_larceny_theft_offenses_shoplifting,offender_larceny_theft_offenses_theft_from_building,offender_larceny_theft_offenses_theft_from_coin_operated_machine_or_device,offender_larceny_theft_offenses_theft_from_motor_vehicle,offender_larceny_theft_offenses_theft_of_motor_vehicle_parts_accessories,offender_motor_vehicle_theft,offender_murder_nonnegligent_manslaughter,offender_robbery,offender_sex_offenses_rape,offender_sex_offenses_sodomy,offender_arson,offender_counterfeiting_forgery,offender_embezzlement,offender_extortion_blackmail,offender_fraud_offenses_credit_card_atm_fraud,offender_fraud_offenses_false_pretenses_swindle_confidence_game,offender_fraud_offenses_impersonation,offender_gambling_offenses_betting_wagering,offender_gambling_offenses_operating_promoting_assisting_gambling,offender_kidnapping_abduction,offender_pornography_obscene_material,offender_prostitution_offenses_assisting_or_promoting_prostitution,offender_prostitution_offenses_prostitution,offender_sex_offenses_criminal_sexual_contact_formerly_fondling_indecent_liberties_child_molest,offender_sex_offenses_incest,offender_stolen_property_offenses_receiving_selling_etc,offender_weapon_law_violations_weapon_law_violations,offender_gambling_offenses_gambling_equipment_violations,offender_sex_offenses_statutory_rape,offender_negligent_manslaughter,offender_fraud_offenses_welfare_fraud,offender_sex_offenses_sexual_assault_with_an_object,offender_fraud_offenses_wire_fraud,offender_bribery,offender_justifiable_homicide_not_a_crime,offender_female_assault_offenses_aggravated_assault,offender_male_assault_offenses_aggravated_assault,offender_unknown_sex_assault_offenses_aggravated_assault,offender_female_assault_offenses_intimidation,offender_male_assault_offenses_intimidation,offender_female_assault_offenses_simple_assault,offender_male_assault_offenses_simple_assault,offender_unknown_sex_assault_offenses_simple_assault,offender_female_burglary_breaking_and_entering,offender_male_burglary_breaking_and_entering,offender_unknown_sex_burglary_breaking_and_entering,offender_female_destruction_damage_vandalism_of_property,offender_male_destruction_damage_vandalism_of_property,offender_unknown_sex_destruction_damage_vandalism_of_property,offender_female_drug_narcotic_offenses_drug_equipment_violations,offender_male_drug_narcotic_offenses_drug_equipment_violations,offender_unknown_sex_drug_narcotic_offenses_drug_equipment_violations,offender_female_drug_narcotic_offenses_drug_narcotic_violations,offender_male_drug_narcotic_offenses_drug_narcotic_violations,offender_unknown_sex_drug_narcotic_offenses_drug_narcotic_violations,offender_female_larceny_theft_offenses_all_other_larceny,offender_male_larceny_theft_offenses_all_other_larceny,offender_unknown_sex_larceny_theft_offenses_all_other_larceny,offender_female_larceny_theft_offenses_pocket_picking,offender_male_larceny_theft_offenses_pocket_picking,offender_unknown_sex_larceny_theft_offenses_pocket_picking,offender_female_larceny_theft_offenses_purse_snatching,offender_male_larceny_theft_offenses_purse_snatching,offender_unknown_sex_larceny_theft_offenses_purse_snatching,offender_female_larceny_theft_offenses_shoplifting,offender_male_larceny_theft_offenses_shoplifting,offender_unknown_sex_larceny_theft_offenses_shoplifting,offender_female_larceny_theft_offenses_theft_from_building,offender_male_larceny_theft_offenses_theft_from_building,offender_unknown_sex_larceny_theft_offenses_theft_from_building,offender_female_larceny_theft_offenses_theft_from_coin_operated_machine_or_device,offender_male_larceny_theft_offenses_theft_from_coin_operated_machine_or_device,offender_unknown_sex_larceny_theft_offenses_theft_from_coin_operated_machine_or_device,offender_female_larceny_theft_offenses_theft_from_motor_vehicle,offender_male_larceny_theft_offenses_theft_from_motor_vehicle,offender_unknown_sex_larceny_theft_offenses_theft_from_motor_vehicle,offender_female_larceny_theft_offenses_theft_of_motor_vehicle_parts_accessories,offender_male_larceny_theft_offenses_theft_of_motor_vehicle_parts_accessories,offender_unknown_sex_larceny_theft_offenses_theft_of_motor_vehicle_parts_accessories,offender_female_motor_vehicle_theft,offender_male_motor_vehicle_theft,offender_unknown_sex_motor_vehicle_theft,offender_female_murder_nonnegligent_manslaughter,offender_male_murder_nonnegligent_manslaughter,offender_unknown_sex_murder_nonnegligent_manslaughter,offender_female_robbery,offender_male_robbery,offender_unknown_sex_robbery,offender_female_sex_offenses_rape,offender_male_sex_offenses_rape,offender_unknown_sex_sex_offenses_rape,offender_male_sex_offenses_sodomy,offender_female_arson,offender_male_arson,offender_unknown_sex_arson,offender_female_counterfeiting_forgery,offender_male_counterfeiting_forgery,offender_unknown_sex_counterfeiting_forgery,offender_female_embezzlement,offender_male_embezzlement,offender_unknown_sex_embezzlement,offender_unknown_sex_extortion_blackmail,offender_female_fraud_offenses_credit_card_atm_fraud,offender_male_fraud_offenses_credit_card_atm_fraud,offender_unknown_sex_fraud_offenses_credit_card_atm_fraud,offender_female_fraud_offenses_false_pretenses_swindle_confidence_game,offender_male_fraud_offenses_false_pretenses_swindle_confidence_game,offender_unknown_sex_fraud_offenses_false_pretenses_swindle_confidence_game,offender_female_fraud_offenses_impersonation,offender_male_fraud_offenses_impersonation,offender_unknown_sex_fraud_offenses_impersonation,offender_unknown_sex_gambling_offenses_betting_wagering,offender_male_gambling_offenses_operating_promoting_assisting_gambling,offender_unknown_sex_gambling_offenses_operating_promoting_assisting_gambling,offender_female_kidnapping_abduction,offender_male_kidnapping_abduction,offender_unknown_sex_kidnapping_abduction,offender_unknown_sex_pornography_obscene_material,offender_female_prostitution_offenses_assisting_or_promoting_prostitution,offender_unknown_sex_prostitution_offenses_assisting_or_promoting_prostitution,offender_female_prostitution_offenses_prostitution,offender_unknown_sex_prostitution_offenses_prostitution,offender_male_sex_offenses_criminal_sexual_contact_formerly_fondling_indecent_liberties_child_molest,offender_unknown_sex_sex_offenses_criminal_sexual_contact_formerly_fondling_indecent_liberties_child_molest,offender_male_sex_offenses_incest,offender_unknown_sex_sex_offenses_incest,offender_female_sex_offenses_sodomy,offender_unknown_sex_sex_offenses_sodomy,offender_female_stolen_property_offenses_receiving_selling_etc,offender_male_stolen_property_offenses_receiving_selling_etc,offender_unknown_sex_stolen_property_offenses_receiving_selling_etc,offender_female_weapon_law_violations_weapon_law_violations,offender_male_weapon_law_violations_weapon_law_violations,offender_unknown_sex_weapon_law_violations_weapon_law_violations,offender_unknown_sex_assault_offenses_intimidation,offender_female_extortion_blackmail,offender_female_gambling_offenses_gambling_equipment_violations,offender_unknown_sex_gambling_offenses_gambling_equipment_violations,offender_female_gambling_offenses_operating_promoting_assisting_gambling,offender_male_prostitution_offenses_prostitution,offender_unknown_sex_sex_offenses_statutory_rape,offender_male_sex_offenses_statutory_rape,offender_male_negligent_manslaughter,offender_male_extortion_blackmail,offender_male_gambling_offenses_betting_wagering,offender_male_pornography_obscene_material,offender_male_gambling_offenses_gambling_equipment_violations,offender_female_sex_offenses_criminal_sexual_contact_formerly_fondling_indecent_liberties_child_molest,offender_female_fraud_offenses_welfare_fraud,offender_male_fraud_offenses_welfare_fraud,offender_male_sex_offenses_sexual_assault_with_an_object,offender_male_prostitution_offenses_assisting_or_promoting_prostitution,offender_female_pornography_obscene_material,offender_unknown_sex_fraud_offenses_welfare_fraud,offender_unknown_sex_sex_offenses_sexual_assault_with_an_object,offender_female_sex_offenses_sexual_assault_with_an_object,offender_female_gambling_offenses_betting_wagering,offender_female_fraud_offenses_wire_fraud,offender_female_sex_offenses_statutory_rape,offender_male_fraud_offenses_wire_fraud,offender_female_bribery,offender_male_bribery,offender_unknown_sex_bribery,offender_male_justifiable_homicide_not_a_crime,offender_unknown_sex_fraud_offenses_wire_fraud,offender_female_justifiable_homicide_not_a_crime,offender_female_sex_offenses_incest,offender_american_indian_assault_offenses_aggravated_assault,offender_asian_assault_offenses_aggravated_assault,offender_black_assault_offenses_aggravated_assault,offender_unknown_race_assault_offenses_aggravated_assault,offender_white_assault_offenses_aggravated_assault,offender_black_assault_offenses_intimidation,offender_white_assault_offenses_intimidation,offender_american_indian_assault_offenses_simple_assault,offender_black_assault_offenses_simple_assault,offender_unknown_race_assault_offenses_simple_assault,offender_white_assault_offenses_simple_assault,offender_american_indian_burglary_breaking_and_entering,offender_black_burglary_breaking_and_entering,offender_unknown_race_burglary_breaking_and_entering,offender_white_burglary_breaking_and_entering,offender_black_destruction_damage_vandalism_of_property,offender_unknown_race_destruction_damage_vandalism_of_property,offender_white_destruction_damage_vandalism_of_property,offender_unknown_race_drug_narcotic_offenses_drug_equipment_violations,offender_white_drug_narcotic_offenses_drug_equipment_violations,offender_black_drug_narcotic_offenses_drug_narcotic_violations,offender_unknown_race_drug_narcotic_offenses_drug_narcotic_violations,offender_white_drug_narcotic_offenses_drug_narcotic_violations,offender_asian_larceny_theft_offenses_all_other_larceny,offender_black_larceny_theft_offenses_all_other_larceny,offender_unknown_race_larceny_theft_offenses_all_other_larceny,offender_white_larceny_theft_offenses_all_other_larceny,offender_black_larceny_theft_offenses_pocket_picking,offender_unknown_race_larceny_theft_offenses_pocket_picking,offender_white_larceny_theft_offenses_pocket_picking,offender_black_larceny_theft_offenses_purse_snatching,offender_unknown_race_larceny_theft_offenses_purse_snatching,offender_white_larceny_theft_offenses_purse_snatching,offender_asian_larceny_theft_offenses_shoplifting,offender_black_larceny_theft_offenses_shoplifting,offender_unknown_race_larceny_theft_offenses_shoplifting,offender_white_larceny_theft_offenses_shoplifting,offender_black_larceny_theft_offenses_theft_from_building,offender_unknown_race_larceny_theft_offenses_theft_from_building,offender_white_larceny_theft_offenses_theft_from_building,offender_unknown_race_larceny_theft_offenses_theft_from_coin_operated_machine_or_device,offender_white_larceny_theft_offenses_theft_from_coin_operated_machine_or_device,offender_black_larceny_theft_offenses_theft_from_motor_vehicle,offender_unknown_race_larceny_theft_offenses_theft_from_motor_vehicle,offender_white_larceny_theft_offenses_theft_from_motor_vehicle,offender_black_larceny_theft_offenses_theft_of_motor_vehicle_parts_accessories,offender_unknown_race_larceny_theft_offenses_theft_of_motor_vehicle_parts_accessories,offender_white_larceny_theft_offenses_theft_of_motor_vehicle_parts_accessories,offender_black_motor_vehicle_theft,offender_unknown_race_motor_vehicle_theft,offender_white_motor_vehicle_theft,offender_black_murder_nonnegligent_manslaughter,offender_unknown_race_murder_nonnegligent_manslaughter,offender_white_murder_nonnegligent_manslaughter,offender_black_robbery,offender_unknown_race_robbery,offender_white_robbery,offender_black_sex_offenses_rape,offender_unknown_race_sex_offenses_rape,offender_white_sex_offenses_rape,offender_black_sex_offenses_sodomy,offender_unknown_race_sex_offenses_sodomy,offender_white_sex_offenses_sodomy,offender_black_larceny_theft_offenses_theft_from_coin_operated_machine_or_device,offender_asian_robbery,offender_black_arson,offender_unknown_race_arson,offender_white_arson,offender_asian_assault_offenses_simple_assault,offender_asian_counterfeiting_forgery,offender_black_counterfeiting_forgery,offender_unknown_race_counterfeiting_forgery,offender_white_counterfeiting_forgery,offender_american_indian_destruction_damage_vandalism_of_property,offender_asian_destruction_damage_vandalism_of_property,offender_asian_drug_narcotic_offenses_drug_narcotic_violations,offender_black_embezzlement,offender_unknown_race_embezzlement,offender_white_embezzlement,offender_unknown_race_extortion_blackmail,offender_black_fraud_offenses_credit_card_atm_fraud,offender_unknown_race_fraud_offenses_credit_card_atm_fraud,offender_white_fraud_offenses_credit_card_atm_fraud,offender_american_indian_fraud_offenses_false_pretenses_swindle_confidence_game,offender_black_fraud_offenses_false_pretenses_swindle_confidence_game,offender_unknown_race_fraud_offenses_false_pretenses_swindle_confidence_game,offender_white_fraud_offenses_false_pretenses_swindle_confidence_game,offender_black_fraud_offenses_impersonation,offender_unknown_race_fraud_offenses_impersonation,offender_unknown_race_gambling_offenses_betting_wagering,offender_black_gambling_offenses_operating_promoting_assisting_gambling,offender_unknown_race_gambling_offenses_operating_promoting_assisting_gambling,offender_black_kidnapping_abduction,offender_unknown_race_kidnapping_abduction,offender_white_kidnapping_abduction,offender_american_indian_larceny_theft_offenses_all_other_larceny,offender_american_indian_larceny_theft_offenses_shoplifting,offender_american_indian_larceny_theft_offenses_theft_from_building,offender_american_indian_larceny_theft_offenses_theft_from_motor_vehicle,offender_asian_larceny_theft_offenses_theft_from_motor_vehicle,offender_american_indian_motor_vehicle_theft,offender_unknown_race_pornography_obscene_material,offender_black_prostitution_offenses_assisting_or_promoting_prostitution,offender_unknown_race_prostitution_offenses_assisting_or_promoting_prostitution,offender_white_prostitution_offenses_assisting_or_promoting_prostitution,offender_unknown_race_prostitution_offenses_prostitution,offender_white_prostitution_offenses_prostitution,offender_american_indian_robbery,offender_black_sex_offenses_criminal_sexual_contact_formerly_fondling_indecent_liberties_child_molest,offender_unknown_race_sex_offenses_criminal_sexual_contact_formerly_fondling_indecent_liberties_child_molest,offender_white_sex_offenses_criminal_sexual_contact_formerly_fondling_indecent_liberties_child_molest,offender_black_sex_offenses_incest,offender_unknown_race_sex_offenses_incest,offender_white_sex_offenses_incest,offender_asian_sex_offenses_rape,offender_black_stolen_property_offenses_receiving_selling_etc,offender_unknown_race_stolen_property_offenses_receiving_selling_etc,offender_white_stolen_property_offenses_receiving_selling_etc,offender_black_weapon_law_violations_weapon_law_violations,offender_unknown_race_weapon_law_violations_weapon_law_violations,offender_white_weapon_law_violations_weapon_law_violations,offender_black_drug_narcotic_offenses_drug_equipment_violations,offender_unknown_race_assault_offenses_intimidation,offender_asian_larceny_theft_offenses_theft_from_building,offender_white_extortion_blackmail,offender_white_fraud_offenses_impersonation,offender_unknown_race_gambling_offenses_gambling_equipment_violations,offender_white_gambling_offenses_gambling_equipment_violations,offender_white_gambling_offenses_operating_promoting_assisting_gambling,offender_asian_larceny_theft_offenses_theft_of_motor_vehicle_parts_accessories,offender_asian_motor_vehicle_theft,offender_black_prostitution_offenses_prostitution,offender_unknown_race_sex_offenses_statutory_rape,offender_white_sex_offenses_statutory_rape,offender_asian_larceny_theft_offenses_theft_from_coin_operated_machine_or_device,offender_black_negligent_manslaughter,offender_white_negligent_manslaughter,offender_black_extortion_blackmail,offender_american_indian_assault_offenses_intimidation,offender_black_gambling_offenses_betting_wagering,offender_white_gambling_offenses_betting_wagering,offender_white_pornography_obscene_material,offender_american_indian_larceny_theft_offenses_purse_snatching,offender_black_sex_offenses_statutory_rape,offender_american_indian_larceny_theft_offenses_theft_of_motor_vehicle_parts_accessories,offender_american_indian_drug_narcotic_offenses_drug_narcotic_violations,offender_american_indian_drug_narcotic_offenses_drug_equipment_violations,offender_asian_fraud_offenses_false_pretenses_swindle_confidence_game,offender_unknown_race_fraud_offenses_welfare_fraud,offender_white_fraud_offenses_welfare_fraud,offender_white_sex_offenses_sexual_assault_with_an_object,offender_american_indian_arson,offender_american_indian_counterfeiting_forgery,offender_american_indian_sex_offenses_rape,offender_american_indian_stolen_property_offenses_receiving_selling_etc,offender_american_indian_weapon_law_violations_weapon_law_violations,offender_american_indian_larceny_theft_offenses_theft_from_coin_operated_machine_or_device,offender_asian_sex_offenses_criminal_sexual_contact_formerly_fondling_indecent_liberties_child_molest,offender_american_indian_sex_offenses_criminal_sexual_contact_formerly_fondling_indecent_liberties_child_molest,offender_american_indian_sex_offenses_statutory_rape,offender_asian_stolen_property_offenses_receiving_selling_etc,offender_asian_assault_offenses_intimidation,offender_asian_fraud_offenses_welfare_fraud,offender_american_indian_kidnapping_abduction,offender_asian_burglary_breaking_and_entering,offender_unknown_race_sex_offenses_sexual_assault_with_an_object,offender_american_indian_murder_nonnegligent_manslaughter,offender_asian_prostitution_offenses_prostitution,offender_american_indian_fraud_offenses_welfare_fraud,offender_asian_weapon_law_violations_weapon_law_violations,offender_asian_arson,offender_american_indian_larceny_theft_offenses_pocket_picking,offender_black_fraud_offenses_welfare_fraud,offender_american_indian_gambling_offenses_operating_promoting_assisting_gambling,offender_asian_drug_narcotic_offenses_drug_equipment_violations,offender_asian_embezzlement,offender_asian_gambling_offenses_betting_wagering,offender_black_gambling_offenses_gambling_equipment_violations,offender_asian_gambling_offenses_operating_promoting_assisting_gambling,offender_asian_larceny_theft_offenses_pocket_picking,offender_asian_larceny_theft_offenses_purse_snatching,offender_asian_extortion_blackmail,offender_asian_fraud_offenses_credit_card_atm_fraud,offender_asian_fraud_offenses_impersonation,offender_asian_pornography_obscene_material,offender_black_sex_offenses_sexual_assault_with_an_object,offender_asian_gambling_offenses_gambling_equipment_violations,offender_asian_fraud_offenses_wire_fraud,offender_asian_prostitution_offenses_assisting_or_promoting_prostitution,offender_unknown_race_fraud_offenses_wire_fraud,offender_black_fraud_offenses_wire_fraud,offender_white_fraud_offenses_wire_fraud,offender_black_bribery,offender_unknown_race_bribery,offender_white_bribery,offender_white_justifiable_homicide_not_a_crime,offender_asian_bribery,offender_black_pornography_obscene_material,offender_american_indian_gambling_offenses_betting_wagering,offender_black_justifiable_homicide_not_a_crime,offender_asian_kidnapping_abduction,offender_asian_murder_nonnegligent_manslaughter,offender_american_indian_fraud_offenses_credit_card_atm_fraud,offender_adult_assault_offenses_aggravated_assault,offender_juvenile_assault_offenses_aggravated_assault,offender_unknown_age_assault_offenses_aggravated_assault,offender_adult_assault_offenses_intimidation,offender_juvenile_assault_offenses_intimidation,offender_adult_assault_offenses_simple_assault,offender_juvenile_assault_offenses_simple_assault,offender_unknown_age_assault_offenses_simple_assault,offender_adult_burglary_breaking_and_entering,offender_juvenile_burglary_breaking_and_entering,offender_unknown_age_burglary_breaking_and_entering,offender_adult_destruction_damage_vandalism_of_property,offender_juvenile_destruction_damage_vandalism_of_property,offender_unknown_age_destruction_damage_vandalism_of_property,offender_adult_drug_narcotic_offenses_drug_equipment_violations,offender_unknown_age_drug_narcotic_offenses_drug_equipment_violations,offender_adult_drug_narcotic_offenses_drug_narcotic_violations,offender_juvenile_drug_narcotic_offenses_drug_narcotic_violations,offender_unknown_age_drug_narcotic_offenses_drug_narcotic_violations,offender_adult_larceny_theft_offenses_all_other_larceny,offender_juvenile_larceny_theft_offenses_all_other_larceny,offender_unknown_age_larceny_theft_offenses_all_other_larceny,offender_adult_larceny_theft_offenses_pocket_picking,offender_juvenile_larceny_theft_offenses_pocket_picking,offender_unknown_age_larceny_theft_offenses_pocket_picking,offender_adult_larceny_theft_offenses_purse_snatching,offender_juvenile_larceny_theft_offenses_purse_snatching,offender_unknown_age_larceny_theft_offenses_purse_snatching,offender_adult_larceny_theft_offenses_shoplifting,offender_juvenile_larceny_theft_offenses_shoplifting,offender_unknown_age_larceny_theft_offenses_shoplifting,offender_adult_larceny_theft_offenses_theft_from_building,offender_juvenile_larceny_theft_offenses_theft_from_building,offender_unknown_age_larceny_theft_offenses_theft_from_building,offender_adult_larceny_theft_offenses_theft_from_coin_operated_machine_or_device,offender_unknown_age_larceny_theft_offenses_theft_from_coin_operated_machine_or_device,offender_adult_larceny_theft_offenses_theft_from_motor_vehicle,offender_juvenile_larceny_theft_offenses_theft_from_motor_vehicle,offender_unknown_age_larceny_theft_offenses_theft_from_motor_vehicle,offender_adult_larceny_theft_offenses_theft_of_motor_vehicle_parts_accessories,offender_juvenile_larceny_theft_offenses_theft_of_motor_vehicle_parts_accessories,offender_unknown_age_larceny_theft_offenses_theft_of_motor_vehicle_parts_accessories,offender_adult_motor_vehicle_theft,offender_juvenile_motor_vehicle_theft,offender_unknown_age_motor_vehicle_theft,offender_adult_murder_nonnegligent_manslaughter,offender_unknown_age_murder_nonnegligent_manslaughter,offender_adult_robbery,offender_juvenile_robbery,offender_unknown_age_robbery,offender_adult_sex_offenses_rape,offender_juvenile_sex_offenses_rape,offender_unknown_age_sex_offenses_rape,offender_adult_sex_offenses_sodomy,offender_juvenile_sex_offenses_sodomy,offender_unknown_age_sex_offenses_sodomy,offender_juvenile_larceny_theft_offenses_theft_from_coin_operated_machine_or_device,offender_juvenile_murder_nonnegligent_manslaughter,offender_adult_arson,offender_juvenile_arson,offender_unknown_age_arson,offender_adult_counterfeiting_forgery,offender_juvenile_counterfeiting_forgery,offender_unknown_age_counterfeiting_forgery,offender_adult_embezzlement,offender_juvenile_embezzlement,offender_unknown_age_embezzlement,offender_unknown_age_extortion_blackmail,offender_adult_fraud_offenses_credit_card_atm_fraud,offender_juvenile_fraud_offenses_credit_card_atm_fraud,offender_unknown_age_fraud_offenses_credit_card_atm_fraud,offender_adult_fraud_offenses_false_pretenses_swindle_confidence_game,offender_juvenile_fraud_offenses_false_pretenses_swindle_confidence_game,offender_unknown_age_fraud_offenses_false_pretenses_swindle_confidence_game,offender_adult_fraud_offenses_impersonation,offender_unknown_age_fraud_offenses_impersonation,offender_unknown_age_gambling_offenses_betting_wagering,offender_juvenile_gambling_offenses_operating_promoting_assisting_gambling,offender_unknown_age_gambling_offenses_operating_promoting_assisting_gambling,offender_adult_kidnapping_abduction,offender_juvenile_kidnapping_abduction,offender_unknown_age_kidnapping_abduction,offender_unknown_age_pornography_obscene_material,offender_adult_prostitution_offenses_assisting_or_promoting_prostitution,offender_unknown_age_prostitution_offenses_assisting_or_promoting_prostitution,offender_adult_prostitution_offenses_prostitution,offender_unknown_age_prostitution_offenses_prostitution,offender_adult_sex_offenses_criminal_sexual_contact_formerly_fondling_indecent_liberties_child_molest,offender_juvenile_sex_offenses_criminal_sexual_contact_formerly_fondling_indecent_liberties_child_molest,offender_unknown_age_sex_offenses_criminal_sexual_contact_formerly_fondling_indecent_liberties_child_molest,offender_adult_sex_offenses_incest,offender_juvenile_sex_offenses_incest,offender_unknown_age_sex_offenses_incest,offender_adult_stolen_property_offenses_receiving_selling_etc,offender_juvenile_stolen_property_offenses_receiving_selling_etc,offender_unknown_age_stolen_property_offenses_receiving_selling_etc,offender_adult_weapon_law_violations_weapon_law_violations,offender_juvenile_weapon_law_violations_weapon_law_violations,offender_unknown_age_weapon_law_violations_weapon_law_violations,offender_unknown_age_assault_offenses_intimidation,offender_adult_extortion_blackmail,offender_adult_gambling_offenses_gambling_equipment_violations,offender_unknown_age_gambling_offenses_gambling_equipment_violations,offender_adult_gambling_offenses_operating_promoting_assisting_gambling,offender_adult_sex_offenses_statutory_rape,offender_unknown_age_sex_offenses_statutory_rape,offender_adult_negligent_manslaughter,offender_adult_gambling_offenses_betting_wagering,offender_juvenile_gambling_offenses_betting_wagering,offender_adult_pornography_obscene_material,offender_adult_fraud_offenses_welfare_fraud,offender_unknown_age_fraud_offenses_welfare_fraud,offender_adult_sex_offenses_sexual_assault_with_an_object,offender_juvenile_drug_narcotic_offenses_drug_equipment_violations,offender_juvenile_fraud_offenses_impersonation,offender_juvenile_sex_offenses_statutory_rape,offender_juvenile_negligent_manslaughter,offender_unknown_age_sex_offenses_sexual_assault_with_an_object,offender_juvenile_sex_offenses_sexual_assault_with_an_object,offender_adult_fraud_offenses_wire_fraud,offender_juvenile_extortion_blackmail,offender_unknown_age_fraud_offenses_wire_fraud,offender_adult_bribery,offender_unknown_age_bribery,offender_adult_justifiable_homicide_not_a_crime,offender_juvenile_pornography_obscene_material,offender_juvenile_prostitution_offenses_prostitution,offender_juvenile_gambling_offenses_gambling_equipment_violations,offender_juvenile_fraud_offenses_wire_fraud,arrestee_all_other_offenses,arrestee_assault_offenses_aggravated_assault,arrestee_assault_offenses_simple_assault,arrestee_bad_checks,arrestee_burglary_breaking_and_entering,arrestee_disorderly_conduct,arrestee_driving_under_the_influence,arrestee_drug_narcotic_offenses_drug_narcotic_violations,arrestee_drunkenness,arrestee_family_offenses_nonviolent,arrestee_larceny_theft_offenses_all_other_larceny,arrestee_larceny_theft_offenses_shoplifting,arrestee_larceny_theft_offenses_theft_from_building,arrestee_larceny_theft_offenses_theft_from_coin_operated_machine_or_device,arrestee_larceny_theft_offenses_theft_from_motor_vehicle,arrestee_larceny_theft_offenses_theft_of_motor_vehicle_parts_accessories,arrestee_liquor_law_violations,arrestee_motor_vehicle_theft,arrestee_robbery,arrestee_trespass_of_real_property,arrestee_curfew_loitering_vagrancy_violations,arrestee_murder_nonnegligent_manslaughter,arrestee_drug_narcotic_offenses_drug_equipment_violations,arrestee_larceny_theft_offenses_purse_snatching,arrestee_sex_offenses_rape,arrestee_counterfeiting_forgery,arrestee_fraud_offenses_credit_card_atm_fraud,arrestee_peeping_tom,arrestee_runaway,arrestee_destruction_damage_vandalism_of_property,arrestee_gambling_offenses_betting_wagering,arrestee_prostitution_offenses_prostitution,arrestee_sex_offenses_criminal_sexual_contact_formerly_fondling_indecent_liberties_child_molest,arrestee_stolen_property_offenses_receiving_selling_etc,arrestee_weapon_law_violations_weapon_law_violations,arrestee_kidnapping_abduction,arrestee_arson,arrestee_assault_offenses_intimidation,arrestee_gambling_offenses_operating_promoting_assisting_gambling,arrestee_sex_offenses_incest,arrestee_sex_offenses_sexual_assault_with_an_object,arrestee_fraud_offenses_false_pretenses_swindle_confidence_game,arrestee_fraud_offenses_impersonation,arrestee_sex_offenses_statutory_rape,arrestee_larceny_theft_offenses_pocket_picking,arrestee_negligent_manslaughter,arrestee_extortion_blackmail,arrestee_embezzlement,arrestee_fraud_offenses_welfare_fraud,arrestee_fraud_offenses_wire_fraud,arrestee_sex_offenses_sodomy,arrestee_gambling_offenses_gambling_equipment_violations,arrestee_prostitution_offenses_assisting_or_promoting_prostitution,arrestee_pornography_obscene_material,arrestee_bribery,arrestee_female_all_other_offenses,arrestee_male_all_other_offenses,arrestee_male_assault_offenses_aggravated_assault,arrestee_female_assault_offenses_simple_assault,arrestee_male_assault_offenses_simple_assault,arrestee_female_bad_checks,arrestee_male_bad_checks,arrestee_male_burglary_breaking_and_entering,arrestee_female_disorderly_conduct,arrestee_male_disorderly_conduct,arrestee_female_driving_under_the_influence,arrestee_male_driving_under_the_influence,arrestee_female_drug_narcotic_offenses_drug_narcotic_violations,arrestee_male_drug_narcotic_offenses_drug_narcotic_violations,arrestee_female_drunkenness,arrestee_male_drunkenness,arrestee_female_family_offenses_nonviolent,arrestee_male_family_offenses_nonviolent,arrestee_male_larceny_theft_offenses_all_other_larceny,arrestee_female_larceny_theft_offenses_shoplifting,arrestee_female_larceny_theft_offenses_theft_from_building,arrestee_male_larceny_theft_offenses_theft_from_building,arrestee_female_larceny_theft_offenses_theft_from_coin_operated_machine_or_device,arrestee_male_larceny_theft_offenses_theft_from_coin_operated_machine_or_device,arrestee_male_larceny_theft_offenses_theft_from_motor_vehicle,arrestee_male_larceny_theft_offenses_theft_of_motor_vehicle_parts_accessories,arrestee_female_liquor_law_violations,arrestee_male_liquor_law_violations,arrestee_male_motor_vehicle_theft,arrestee_female_robbery,arrestee_male_robbery,arrestee_female_trespass_of_real_property,arrestee_male_trespass_of_real_property,arrestee_female_assault_offenses_aggravated_assault,arrestee_female_burglary_breaking_and_entering,arrestee_female_curfew_loitering_vagrancy_violations,arrestee_male_curfew_loitering_vagrancy_violations,arrestee_male_larceny_theft_offenses_shoplifting,arrestee_female_murder_nonnegligent_manslaughter,arrestee_male_murder_nonnegligent_manslaughter,arrestee_male_drug_narcotic_offenses_drug_equipment_violations,arrestee_male_larceny_theft_offenses_purse_snatching,arrestee_female_motor_vehicle_theft,arrestee_male_sex_offenses_rape,arrestee_male_counterfeiting_forgery,arrestee_male_fraud_offenses_credit_card_atm_fraud,arrestee_female_larceny_theft_offenses_all_other_larceny,arrestee_male_peeping_tom,arrestee_male_runaway,arrestee_female_counterfeiting_forgery,arrestee_female_destruction_damage_vandalism_of_property,arrestee_male_destruction_damage_vandalism_of_property,arrestee_female_drug_narcotic_offenses_drug_equipment_violations,arrestee_female_fraud_offenses_credit_card_atm_fraud,arrestee_male_gambling_offenses_betting_wagering,arrestee_female_larceny_theft_offenses_theft_from_motor_vehicle,arrestee_female_prostitution_offenses_prostitution,arrestee_male_prostitution_offenses_prostitution,arrestee_female_runaway,arrestee_male_sex_offenses_criminal_sexual_contact_formerly_fondling_indecent_liberties_child_molest,arrestee_female_stolen_property_offenses_receiving_selling_etc,arrestee_male_stolen_property_offenses_receiving_selling_etc,arrestee_female_weapon_law_violations_weapon_law_violations,arrestee_male_weapon_law_violations_weapon_law_violations,arrestee_female_larceny_theft_offenses_purse_snatching,arrestee_male_kidnapping_abduction,arrestee_female_arson,arrestee_male_arson,arrestee_female_assault_offenses_intimidation,arrestee_female_sex_offenses_rape,arrestee_male_assault_offenses_intimidation,arrestee_female_gambling_offenses_operating_promoting_assisting_gambling,arrestee_male_gambling_offenses_operating_promoting_assisting_gambling,arrestee_female_kidnapping_abduction,arrestee_male_sex_offenses_incest,arrestee_male_sex_offenses_sexual_assault_with_an_object,arrestee_female_fraud_offenses_false_pretenses_swindle_confidence_game,arrestee_male_fraud_offenses_false_pretenses_swindle_confidence_game,arrestee_male_fraud_offenses_impersonation,arrestee_female_larceny_theft_offenses_theft_of_motor_vehicle_parts_accessories,arrestee_male_sex_offenses_statutory_rape,arrestee_male_larceny_theft_offenses_pocket_picking,arrestee_male_negligent_manslaughter,arrestee_male_extortion_blackmail,arrestee_female_embezzlement,arrestee_male_fraud_offenses_welfare_fraud,arrestee_female_sex_offenses_criminal_sexual_contact_formerly_fondling_indecent_liberties_child_molest,arrestee_female_gambling_offenses_betting_wagering,arrestee_female_fraud_offenses_wire_fraud,arrestee_male_sex_offenses_sodomy,arrestee_male_gambling_offenses_gambling_equipment_violations,arrestee_male_prostitution_offenses_assisting_or_promoting_prostitution,arrestee_male_pornography_obscene_material,arrestee_male_embezzlement,arrestee_male_bribery,arrestee_female_fraud_offenses_impersonation,arrestee_female_gambling_offenses_gambling_equipment_violations,arrestee_female_larceny_theft_offenses_pocket_picking,arrestee_female_pornography_obscene_material,arrestee_female_extortion_blackmail,arrestee_female_prostitution_offenses_assisting_or_promoting_prostitution,arrestee_asian_all_other_offenses,arrestee_black_all_other_offenses,arrestee_white_all_other_offenses,arrestee_black_assault_offenses_aggravated_assault,arrestee_white_assault_offenses_aggravated_assault,arrestee_white_assault_offenses_simple_assault,arrestee_black_bad_checks,arrestee_white_bad_checks,arrestee_black_burglary_breaking_and_entering,arrestee_white_burglary_breaking_and_entering,arrestee_black_disorderly_conduct,arrestee_white_disorderly_conduct,arrestee_black_driving_under_the_influence,arrestee_white_driving_under_the_influence,arrestee_black_drug_narcotic_offenses_drug_narcotic_violations,arrestee_white_drug_narcotic_offenses_drug_narcotic_violations,arrestee_black_drunkenness,arrestee_white_drunkenness,arrestee_white_family_offenses_nonviolent,arrestee_black_larceny_theft_offenses_all_other_larceny,arrestee_white_larceny_theft_offenses_all_other_larceny,arrestee_black_larceny_theft_offenses_shoplifting,arrestee_white_larceny_theft_offenses_shoplifting,arrestee_black_larceny_theft_offenses_theft_from_building,arrestee_white_larceny_theft_offenses_theft_from_building,arrestee_white_larceny_theft_offenses_theft_from_coin_operated_machine_or_device,arrestee_black_larceny_theft_offenses_theft_from_motor_vehicle,arrestee_white_larceny_theft_offenses_theft_from_motor_vehicle,arrestee_white_larceny_theft_offenses_theft_of_motor_vehicle_parts_accessories,arrestee_asian_liquor_law_violations,arrestee_black_liquor_law_violations,arrestee_white_liquor_law_violations,arrestee_black_motor_vehicle_theft,arrestee_white_motor_vehicle_theft,arrestee_black_robbery,arrestee_white_robbery,arrestee_black_trespass_of_real_property,arrestee_white_trespass_of_real_property,arrestee_black_assault_offenses_simple_assault,arrestee_black_curfew_loitering_vagrancy_violations,arrestee_white_curfew_loitering_vagrancy_violations,arrestee_black_family_offenses_nonviolent,arrestee_black_murder_nonnegligent_manslaughter,arrestee_white_murder_nonnegligent_manslaughter,arrestee_american_indian_all_other_offenses,arrestee_american_indian_disorderly_conduct,arrestee_asian_disorderly_conduct,arrestee_american_indian_driving_under_the_influence,arrestee_asian_driving_under_the_influence,arrestee_american_indian_drunkenness,arrestee_asian_drunkenness,arrestee_asian_trespass_of_real_property,arrestee_american_indian_larceny_theft_offenses_shoplifting,arrestee_black_drug_narcotic_offenses_drug_equipment_violations,arrestee_black_larceny_theft_offenses_purse_snatching,arrestee_black_sex_offenses_rape,arrestee_asian_bad_checks,arrestee_black_larceny_theft_offenses_theft_of_motor_vehicle_parts_accessories,arrestee_white_counterfeiting_forgery,arrestee_black_fraud_offenses_credit_card_atm_fraud,arrestee_american_indian_bad_checks,arrestee_white_larceny_theft_offenses_purse_snatching,arrestee_white_peeping_tom,arrestee_black_runaway,arrestee_black_counterfeiting_forgery,arrestee_asian_curfew_loitering_vagrancy_violations,arrestee_black_destruction_damage_vandalism_of_property,arrestee_white_destruction_damage_vandalism_of_property,arrestee_white_drug_narcotic_offenses_drug_equipment_violations,arrestee_white_fraud_offenses_credit_card_atm_fraud,arrestee_black_gambling_offenses_betting_wagering,arrestee_asian_larceny_theft_offenses_shoplifting,arrestee_black_peeping_tom,arrestee_black_prostitution_offenses_prostitution,arrestee_asian_runaway,arrestee_white_runaway,arrestee_white_sex_offenses_criminal_sexual_contact_formerly_fondling_indecent_liberties_child_molest,arrestee_white_sex_offenses_rape,arrestee_black_stolen_property_offenses_receiving_selling_etc,arrestee_white_stolen_property_offenses_receiving_selling_etc,arrestee_black_weapon_law_violations_weapon_law_violations,arrestee_white_weapon_law_violations_weapon_law_violations,arrestee_asian_assault_offenses_simple_assault,arrestee_american_indian_family_offenses_nonviolent,arrestee_black_kidnapping_abduction,arrestee_black_arson,arrestee_white_assault_offenses_intimidation,arrestee_american_indian_liquor_law_violations,arrestee_asian_family_offenses_nonviolent,arrestee_white_kidnapping_abduction,arrestee_asian_larceny_theft_offenses_theft_from_motor_vehicle,arrestee_asian_larceny_theft_offenses_purse_snatching,arrestee_asian_peeping_tom,arrestee_american_indian_trespass_of_real_property,arrestee_black_larceny_theft_offenses_theft_from_coin_operated_machine_or_device,arrestee_black_assault_offenses_intimidation,arrestee_white_gambling_offenses_operating_promoting_assisting_gambling,arrestee_american_indian_assault_offenses_simple_assault,arrestee_american_indian_burglary_breaking_and_entering,arrestee_american_indian_drug_narcotic_offenses_drug_narcotic_violations,arrestee_white_gambling_offenses_betting_wagering,arrestee_white_sex_offenses_incest,arrestee_white_sex_offenses_sexual_assault_with_an_object,arrestee_white_arson,arrestee_american_indian_assault_offenses_aggravated_assault,arrestee_american_indian_assault_offenses_intimidation,arrestee_american_indian_counterfeiting_forgery,arrestee_american_indian_destruction_damage_vandalism_of_property,arrestee_black_fraud_offenses_false_pretenses_swindle_confidence_game,arrestee_white_fraud_offenses_false_pretenses_swindle_confidence_game,arrestee_white_fraud_offenses_impersonation,arrestee_american_indian_larceny_theft_offenses_all_other_larceny,arrestee_american_indian_larceny_theft_offenses_theft_from_building,arrestee_american_indian_larceny_theft_offenses_theft_from_motor_vehicle,arrestee_american_indian_larceny_theft_offenses_theft_of_motor_vehicle_parts_accessories,arrestee_american_indian_motor_vehicle_theft,arrestee_american_indian_robbery,arrestee_american_indian_stolen_property_offenses_receiving_selling_etc,arrestee_american_indian_weapon_law_violations_weapon_law_violations,arrestee_american_indian_sex_offenses_rape,arrestee_white_sex_offenses_statutory_rape,arrestee_white_larceny_theft_offenses_pocket_picking,arrestee_unknown_race_driving_under_the_influence,arrestee_unknown_race_all_other_offenses,arrestee_unknown_race_bad_checks,arrestee_asian_counterfeiting_forgery,arrestee_asian_larceny_theft_offenses_all_other_larceny,arrestee_unknown_race_larceny_theft_offenses_all_other_larceny,arrestee_unknown_race_larceny_theft_offenses_theft_from_building,arrestee_american_indian_larceny_theft_offenses_theft_from_coin_operated_machine_or_device,arrestee_american_indian_curfew_loitering_vagrancy_violations,arrestee_unknown_race_disorderly_conduct,arrestee_american_indian_drug_narcotic_offenses_drug_equipment_violations,arrestee_unknown_race_larceny_theft_offenses_shoplifting,arrestee_unknown_race_larceny_theft_offenses_theft_from_motor_vehicle,arrestee_unknown_race_motor_vehicle_theft,arrestee_american_indian_runaway,arrestee_unknown_race_runaway,arrestee_asian_stolen_property_offenses_receiving_selling_etc,arrestee_unknown_race_liquor_law_violations,arrestee_asian_burglary_breaking_and_entering,arrestee_asian_assault_offenses_intimidation,arrestee_white_negligent_manslaughter,arrestee_asian_motor_vehicle_theft,arrestee_american_indian_fraud_offenses_false_pretenses_swindle_confidence_game,arrestee_american_indian_murder_nonnegligent_manslaughter,arrestee_asian_prostitution_offenses_prostitution,arrestee_asian_drug_narcotic_offenses_drug_narcotic_violations,arrestee_asian_weapon_law_violations_weapon_law_violations,arrestee_white_extortion_blackmail,arrestee_asian_fraud_offenses_false_pretenses_swindle_confidence_game,arrestee_white_embezzlement,arrestee_black_fraud_offenses_welfare_fraud,arrestee_asian_larceny_theft_offenses_theft_from_building,arrestee_black_sex_offenses_criminal_sexual_contact_formerly_fondling_indecent_liberties_child_molest,arrestee_unknown_race_drunkenness,arrestee_white_prostitution_offenses_prostitution,arrestee_black_sex_offenses_statutory_rape,arrestee_unknown_race_drug_narcotic_offenses_drug_narcotic_violations,arrestee_white_fraud_offenses_wire_fraud,arrestee_unknown_race_counterfeiting_forgery,arrestee_white_sex_offenses_sodomy,arrestee_black_fraud_offenses_impersonation,arrestee_unknown_race_burglary_breaking_and_entering,arrestee_black_gambling_offenses_gambling_equipment_violations,arrestee_black_gambling_offenses_operating_promoting_assisting_gambling,arrestee_black_sex_offenses_sodomy,arrestee_unknown_race_assault_offenses_simple_assault,arrestee_white_gambling_offenses_gambling_equipment_violations,arrestee_unknown_race_peeping_tom,arrestee_unknown_race_trespass_of_real_property,arrestee_white_prostitution_offenses_assisting_or_promoting_prostitution,arrestee_white_pornography_obscene_material,arrestee_black_embezzlement,arrestee_black_sex_offenses_sexual_assault_with_an_object,arrestee_unknown_race_fraud_offenses_false_pretenses_swindle_confidence_game,arrestee_unknown_race_arson,arrestee_asian_assault_offenses_aggravated_assault,arrestee_white_bribery,arrestee_unknown_race_destruction_damage_vandalism_of_property,arrestee_black_extortion_blackmail,arrestee_unknown_race_gambling_offenses_operating_promoting_assisting_gambling,arrestee_unknown_race_larceny_theft_offenses_theft_of_motor_vehicle_parts_accessories,arrestee_black_pornography_obscene_material,arrestee_unknown_race_robbery,arrestee_unknown_race_stolen_property_offenses_receiving_selling_etc,arrestee_asian_embezzlement,arrestee_black_prostitution_offenses_assisting_or_promoting_prostitution,arrestee_black_sex_offenses_incest,arrestee_unknown_race_embezzlement,arrestee_asian_gambling_offenses_betting_wagering,arrestee_asian_sex_offenses_criminal_sexual_contact_formerly_fondling_indecent_liberties_child_molest,arrestee_asian_robbery,arrestee_unknown_ethnicity_all_other_offenses,arrestee_unknown_ethnicity_assault_offenses_aggravated_assault,arrestee_unknown_ethnicity_assault_offenses_simple_assault,arrestee_unknown_ethnicity_bad_checks,arrestee_unknown_ethnicity_burglary_breaking_and_entering,arrestee_unknown_ethnicity_disorderly_conduct,arrestee_unknown_ethnicity_driving_under_the_influence,arrestee_unknown_ethnicity_drug_narcotic_offenses_drug_narcotic_violations,arrestee_unknown_ethnicity_drunkenness,arrestee_unknown_ethnicity_family_offenses_nonviolent,arrestee_unknown_ethnicity_larceny_theft_offenses_all_other_larceny,arrestee_unknown_ethnicity_larceny_theft_offenses_shoplifting,arrestee_unknown_ethnicity_larceny_theft_offenses_theft_from_building,arrestee_unknown_ethnicity_larceny_theft_offenses_theft_from_coin_operated_machine_or_device,arrestee_unknown_ethnicity_larceny_theft_offenses_theft_from_motor_vehicle,arrestee_unknown_ethnicity_larceny_theft_offenses_theft_of_motor_vehicle_parts_accessories,arrestee_unknown_ethnicity_liquor_law_violations,arrestee_unknown_ethnicity_motor_vehicle_theft,arrestee_unknown_ethnicity_robbery,arrestee_unknown_ethnicity_trespass_of_real_property,arrestee_unknown_ethnicity_curfew_loitering_vagrancy_violations,arrestee_unknown_ethnicity_murder_nonnegligent_manslaughter,arrestee_unknown_ethnicity_drug_narcotic_offenses_drug_equipment_violations,arrestee_unknown_ethnicity_larceny_theft_offenses_purse_snatching,arrestee_unknown_ethnicity_sex_offenses_rape,arrestee_unknown_ethnicity_counterfeiting_forgery,arrestee_unknown_ethnicity_fraud_offenses_credit_card_atm_fraud,arrestee_unknown_ethnicity_peeping_tom,arrestee_unknown_ethnicity_runaway,arrestee_unknown_ethnicity_destruction_damage_vandalism_of_property,arrestee_unknown_ethnicity_gambling_offenses_betting_wagering,arrestee_unknown_ethnicity_prostitution_offenses_prostitution,arrestee_unknown_ethnicity_sex_offenses_criminal_sexual_contact_formerly_fondling_indecent_liberties_child_molest,arrestee_unknown_ethnicity_stolen_property_offenses_receiving_selling_etc,arrestee_unknown_ethnicity_weapon_law_violations_weapon_law_violations,arrestee_unknown_ethnicity_kidnapping_abduction,arrestee_unknown_ethnicity_arson,arrestee_unknown_ethnicity_assault_offenses_intimidation,arrestee_not_hispanic_all_other_offenses,arrestee_not_hispanic_assault_offenses_aggravated_assault,arrestee_not_hispanic_assault_offenses_intimidation,arrestee_not_hispanic_assault_offenses_simple_assault,arrestee_not_hispanic_burglary_breaking_and_entering,arrestee_not_hispanic_disorderly_conduct,arrestee_not_hispanic_driving_under_the_influence,arrestee_not_hispanic_drug_narcotic_offenses_drug_narcotic_violations,arrestee_not_hispanic_family_offenses_nonviolent,arrestee_not_hispanic_larceny_theft_offenses_theft_from_building,arrestee_not_hispanic_larceny_theft_offenses_theft_of_motor_vehicle_parts_accessories,arrestee_not_hispanic_liquor_law_violations,arrestee_not_hispanic_bad_checks,arrestee_hispanic_driving_under_the_influence,arrestee_not_hispanic_gambling_offenses_operating_promoting_assisting_gambling,arrestee_not_hispanic_motor_vehicle_theft,arrestee_not_hispanic_sex_offenses_criminal_sexual_contact_formerly_fondling_indecent_liberties_child_molest,arrestee_not_hispanic_trespass_of_real_property,arrestee_not_hispanic_weapon_law_violations_weapon_law_violations,arrestee_not_hispanic_larceny_theft_offenses_all_other_larceny,arrestee_not_hispanic_larceny_theft_offenses_shoplifting,arrestee_not_hispanic_counterfeiting_forgery,arrestee_not_hispanic_destruction_damage_vandalism_of_property,arrestee_not_hispanic_stolen_property_offenses_receiving_selling_etc,arrestee_not_hispanic_drug_narcotic_offenses_drug_equipment_violations,arrestee_not_hispanic_kidnapping_abduction,arrestee_hispanic_bad_checks,arrestee_hispanic_disorderly_conduct,arrestee_not_hispanic_gambling_offenses_betting_wagering,arrestee_unknown_ethnicity_sex_offenses_incest,arrestee_not_hispanic_sex_offenses_rape,arrestee_not_hispanic_sex_offenses_sexual_assault_with_an_object,arrestee_not_hispanic_sex_offenses_incest,arrestee_hispanic_assault_offenses_aggravated_assault,arrestee_hispanic_burglary_breaking_and_entering,arrestee_hispanic_family_offenses_nonviolent,arrestee_unknown_ethnicity_fraud_offenses_false_pretenses_swindle_confidence_game,arrestee_unknown_ethnicity_fraud_offenses_impersonation,arrestee_hispanic_larceny_theft_offenses_shoplifting,arrestee_hispanic_larceny_theft_offenses_theft_of_motor_vehicle_parts_accessories,arrestee_hispanic_motor_vehicle_theft,arrestee_unknown_ethnicity_sex_offenses_statutory_rape,arrestee_not_hispanic_arson,arrestee_not_hispanic_drunkenness,arrestee_not_hispanic_larceny_theft_offenses_pocket_picking,arrestee_not_hispanic_larceny_theft_offenses_theft_from_motor_vehicle,arrestee_not_hispanic_peeping_tom,arrestee_hispanic_all_other_offenses,arrestee_hispanic_assault_offenses_intimidation,arrestee_hispanic_destruction_damage_vandalism_of_property,arrestee_hispanic_drug_narcotic_offenses_drug_narcotic_violations,arrestee_hispanic_larceny_theft_offenses_all_other_larceny,arrestee_not_hispanic_larceny_theft_offenses_theft_from_coin_operated_machine_or_device,arrestee_hispanic_liquor_law_violations,arrestee_hispanic_runaway,arrestee_not_hispanic_runaway,arrestee_hispanic_stolen_property_offenses_receiving_selling_etc,arrestee_hispanic_trespass_of_real_property,arrestee_hispanic_weapon_law_violations_weapon_law_violations,arrestee_not_hispanic_sex_offenses_statutory_rape,arrestee_hispanic_assault_offenses_simple_assault,arrestee_not_hispanic_curfew_loitering_vagrancy_violations,arrestee_not_hispanic_fraud_offenses_false_pretenses_swindle_confidence_game,arrestee_not_hispanic_larceny_theft_offenses_purse_snatching,arrestee_hispanic_larceny_theft_offenses_theft_from_motor_vehicle,arrestee_not_hispanic_robbery,arrestee_hispanic_sex_offenses_rape,arrestee_not_hispanic_fraud_offenses_credit_card_atm_fraud,arrestee_not_hispanic_negligent_manslaughter,arrestee_not_hispanic_murder_nonnegligent_manslaughter,arrestee_not_hispanic_prostitution_offenses_prostitution,arrestee_not_hispanic_extortion_blackmail,arrestee_hispanic_curfew_loitering_vagrancy_violations,arrestee_unknown_ethnicity_embezzlement,arrestee_unknown_ethnicity_fraud_offenses_welfare_fraud,arrestee_hispanic_larceny_theft_offenses_purse_snatching,arrestee_hispanic_drunkenness,arrestee_not_hispanic_fraud_offenses_wire_fraud,arrestee_hispanic_robbery,arrestee_hispanic_sex_offenses_sodomy,arrestee_unknown_ethnicity_sex_offenses_sexual_assault_with_an_object,arrestee_not_hispanic_sex_offenses_sodomy,arrestee_not_hispanic_fraud_offenses_impersonation,arrestee_not_hispanic_fraud_offenses_welfare_fraud,arrestee_not_hispanic_gambling_offenses_gambling_equipment_violations,arrestee_unknown_ethnicity_prostitution_offenses_assisting_or_promoting_prostitution,arrestee_unknown_ethnicity_sex_offenses_sodomy,arrestee_not_hispanic_pornography_obscene_material,arrestee_not_hispanic_embezzlement,arrestee_unknown_ethnicity_bribery,arrestee_unknown_ethnicity_extortion_blackmail,arrestee_unknown_ethnicity_fraud_offenses_wire_fraud,arrestee_unknown_ethnicity_gambling_offenses_gambling_equipment_violations,arrestee_unknown_ethnicity_gambling_offenses_operating_promoting_assisting_gambling,arrestee_unknown_ethnicity_larceny_theft_offenses_pocket_picking,arrestee_unknown_ethnicity_pornography_obscene_material,arrestee_hispanic_fraud_offenses_credit_card_atm_fraud,arrestee_hispanic_fraud_offenses_false_pretenses_swindle_confidence_game,arrestee_hispanic_murder_nonnegligent_manslaughter,arrestee_hispanic_prostitution_offenses_assisting_or_promoting_prostitution,arrestee_not_hispanic_prostitution_offenses_assisting_or_promoting_prostitution,arrestee_hispanic_counterfeiting_forgery,arrestee_adult_all_other_offenses,arrestee_adult_assault_offenses_aggravated_assault,arrestee_juvenile_assault_offenses_aggravated_assault,arrestee_adult_assault_offenses_simple_assault,arrestee_adult_bad_checks,arrestee_adult_burglary_breaking_and_entering,arrestee_juvenile_burglary_breaking_and_entering,arrestee_adult_disorderly_conduct,arrestee_adult_driving_under_the_influence,arrestee_adult_drug_narcotic_offenses_drug_narcotic_violations,arrestee_juvenile_drug_narcotic_offenses_drug_narcotic_violations,arrestee_adult_drunkenness,arrestee_adult_family_offenses_nonviolent,arrestee_adult_larceny_theft_offenses_all_other_larceny,arrestee_juvenile_larceny_theft_offenses_all_other_larceny,arrestee_adult_larceny_theft_offenses_shoplifting,arrestee_juvenile_larceny_theft_offenses_shoplifting,arrestee_adult_larceny_theft_offenses_theft_from_building,arrestee_adult_larceny_theft_offenses_theft_from_coin_operated_machine_or_device,arrestee_adult_larceny_theft_offenses_theft_from_motor_vehicle,arrestee_juvenile_larceny_theft_offenses_theft_from_motor_vehicle,arrestee_adult_larceny_theft_offenses_theft_of_motor_vehicle_parts_accessories,arrestee_adult_liquor_law_violations,arrestee_juvenile_motor_vehicle_theft,arrestee_adult_robbery,arrestee_juvenile_robbery,arrestee_adult_trespass_of_real_property,arrestee_juvenile_assault_offenses_simple_assault,arrestee_adult_curfew_loitering_vagrancy_violations,arrestee_adult_motor_vehicle_theft,arrestee_adult_murder_nonnegligent_manslaughter,arrestee_juvenile_murder_nonnegligent_manslaughter,arrestee_juvenile_all_other_offenses,arrestee_juvenile_disorderly_conduct,arrestee_juvenile_family_offenses_nonviolent,arrestee_unknown_age_family_offenses_nonviolent,arrestee_adult_drug_narcotic_offenses_drug_equipment_violations,arrestee_adult_larceny_theft_offenses_purse_snatching,arrestee_adult_sex_offenses_rape,arrestee_juvenile_bad_checks,arrestee_juvenile_larceny_theft_offenses_theft_of_motor_vehicle_parts_accessories,arrestee_adult_counterfeiting_forgery,arrestee_adult_fraud_offenses_credit_card_atm_fraud,arrestee_juvenile_trespass_of_real_property,arrestee_adult_peeping_tom,arrestee_juvenile_runaway,arrestee_juvenile_driving_under_the_influence,arrestee_unknown_age_assault_offenses_simple_assault,arrestee_juvenile_curfew_loitering_vagrancy_violations,arrestee_adult_destruction_damage_vandalism_of_property,arrestee_juvenile_destruction_damage_vandalism_of_property,arrestee_juvenile_drunkenness,arrestee_juvenile_fraud_offenses_credit_card_atm_fraud,arrestee_adult_gambling_offenses_betting_wagering,arrestee_juvenile_larceny_theft_offenses_purse_snatching,arrestee_juvenile_larceny_theft_offenses_theft_from_building,arrestee_juvenile_liquor_law_violations,arrestee_adult_prostitution_offenses_prostitution,arrestee_juvenile_sex_offenses_criminal_sexual_contact_formerly_fondling_indecent_liberties_child_molest,arrestee_adult_stolen_property_offenses_receiving_selling_etc,arrestee_juvenile_stolen_property_offenses_receiving_selling_etc,arrestee_unknown_age_trespass_of_real_property,arrestee_adult_weapon_law_violations_weapon_law_violations,arrestee_juvenile_weapon_law_violations_weapon_law_violations,arrestee_juvenile_larceny_theft_offenses_theft_from_coin_operated_machine_or_device,arrestee_juvenile_sex_offenses_rape,arrestee_adult_kidnapping_abduction,arrestee_adult_arson,arrestee_adult_assault_offenses_intimidation,arrestee_adult_gambling_offenses_operating_promoting_assisting_gambling,arrestee_adult_sex_offenses_criminal_sexual_contact_formerly_fondling_indecent_liberties_child_molest,arrestee_unknown_age_liquor_law_violations,arrestee_unknown_age_all_other_offenses,arrestee_unknown_age_gambling_offenses_betting_wagering,arrestee_adult_sex_offenses_incest,arrestee_adult_sex_offenses_sexual_assault_with_an_object,arrestee_unknown_age_larceny_theft_offenses_all_other_larceny,arrestee_juvenile_arson,arrestee_juvenile_assault_offenses_intimidation,arrestee_unknown_age_burglary_breaking_and_entering,arrestee_juvenile_counterfeiting_forgery,arrestee_unknown_age_counterfeiting_forgery,arrestee_juvenile_drug_narcotic_offenses_drug_equipment_violations,arrestee_adult_fraud_offenses_false_pretenses_swindle_confidence_game,arrestee_unknown_age_fraud_offenses_false_pretenses_swindle_confidence_game,arrestee_adult_fraud_offenses_impersonation,arrestee_unknown_age_larceny_theft_offenses_theft_from_building,arrestee_unknown_age_motor_vehicle_theft,arrestee_unknown_age_robbery,arrestee_adult_sex_offenses_statutory_rape,arrestee_adult_larceny_theft_offenses_pocket_picking,arrestee_unknown_age_driving_under_the_influence,arrestee_unknown_age_bad_checks,arrestee_juvenile_peeping_tom,arrestee_unknown_age_disorderly_conduct,arrestee_unknown_age_larceny_theft_offenses_theft_from_motor_vehicle,arrestee_unknown_age_assault_offenses_aggravated_assault,arrestee_juvenile_larceny_theft_offenses_pocket_picking,arrestee_unknown_age_larceny_theft_offenses_shoplifting,arrestee_unknown_age_destruction_damage_vandalism_of_property,arrestee_juvenile_negligent_manslaughter,arrestee_unknown_age_drug_narcotic_offenses_drug_narcotic_violations,arrestee_juvenile_fraud_offenses_false_pretenses_swindle_confidence_game,arrestee_unknown_age_assault_offenses_intimidation,arrestee_adult_extortion_blackmail,arrestee_unknown_age_drunkenness,arrestee_adult_embezzlement,arrestee_adult_fraud_offenses_welfare_fraud,arrestee_adult_fraud_offenses_wire_fraud,arrestee_juvenile_sex_offenses_sodomy,arrestee_juvenile_sex_offenses_sexual_assault_with_an_object,arrestee_adult_sex_offenses_sodomy,arrestee_juvenile_kidnapping_abduction,arrestee_juvenile_gambling_offenses_betting_wagering,arrestee_adult_gambling_offenses_gambling_equipment_violations,arrestee_adult_prostitution_offenses_assisting_or_promoting_prostitution,arrestee_adult_pornography_obscene_material,arrestee_juvenile_sex_offenses_statutory_rape,arrestee_adult_bribery,arrestee_juvenile_extortion_blackmail,arrestee_juvenile_prostitution_offenses_prostitution,arrestee_on_view_arrest_all_other_offenses,arrestee_taken_into_custody_all_other_offenses,arrestee_on_view_arrest_assault_offenses_aggravated_assault,arrestee_taken_into_custody_assault_offenses_aggravated_assault,arrestee_on_view_arrest_assault_offenses_simple_assault,arrestee_taken_into_custody_assault_offenses_simple_assault,arrestee_on_view_arrest_bad_checks,arrestee_taken_into_custody_bad_checks,arrestee_on_view_arrest_burglary_breaking_and_entering,arrestee_taken_into_custody_burglary_breaking_and_entering,arrestee_on_view_arrest_disorderly_conduct,arrestee_taken_into_custody_disorderly_conduct,arrestee_on_view_arrest_driving_under_the_influence,arrestee_taken_into_custody_driving_under_the_influence,arrestee_on_view_arrest_drug_narcotic_offenses_drug_narcotic_violations,arrestee_taken_into_custody_drug_narcotic_offenses_drug_narcotic_violations,arrestee_on_view_arrest_drunkenness,arrestee_taken_into_custody_drunkenness,arrestee_on_view_arrest_family_offenses_nonviolent,arrestee_taken_into_custody_family_offenses_nonviolent,arrestee_on_view_arrest_larceny_theft_offenses_all_other_larceny,arrestee_taken_into_custody_larceny_theft_offenses_all_other_larceny,arrestee_on_view_arrest_larceny_theft_offenses_shoplifting,arrestee_on_view_arrest_larceny_theft_offenses_theft_from_building,arrestee_on_view_arrest_larceny_theft_offenses_theft_from_coin_operated_machine_or_device,arrestee_on_view_arrest_larceny_theft_offenses_theft_from_motor_vehicle,arrestee_on_view_arrest_larceny_theft_offenses_theft_of_motor_vehicle_parts_accessories,arrestee_on_view_arrest_liquor_law_violations,arrestee_taken_into_custody_liquor_law_violations,arrestee_on_view_arrest_motor_vehicle_theft,arrestee_on_view_arrest_robbery,arrestee_taken_into_custody_robbery,arrestee_on_view_arrest_trespass_of_real_property,arrestee_taken_into_custody_trespass_of_real_property,arrestee_on_view_arrest_curfew_loitering_vagrancy_violations,arrestee_taken_into_custody_larceny_theft_offenses_shoplifting,arrestee_on_view_arrest_murder_nonnegligent_manslaughter,arrestee_taken_into_custody_curfew_loitering_vagrancy_violations,arrestee_taken_into_custody_murder_nonnegligent_manslaughter,arrestee_on_view_arrest_drug_narcotic_offenses_drug_equipment_violations,arrestee_on_view_arrest_larceny_theft_offenses_purse_snatching,arrestee_on_view_arrest_sex_offenses_rape,arrestee_on_view_arrest_counterfeiting_forgery,arrestee_on_view_arrest_fraud_offenses_credit_card_atm_fraud,arrestee_taken_into_custody_peeping_tom,arrestee_on_view_arrest_runaway,arrestee_on_view_arrest_peeping_tom,arrestee_on_view_arrest_destruction_damage_vandalism_of_property,arrestee_taken_into_custody_destruction_damage_vandalism_of_property,arrestee_on_view_arrest_gambling_offenses_betting_wagering,arrestee_taken_into_custody_larceny_theft_offenses_theft_from_building,arrestee_taken_into_custody_larceny_theft_offenses_theft_from_motor_vehicle,arrestee_on_view_arrest_prostitution_offenses_prostitution,arrestee_taken_into_custody_prostitution_offenses_prostitution,arrestee_on_view_arrest_sex_offenses_criminal_sexual_contact_formerly_fondling_indecent_liberties_child_molest,arrestee_on_view_arrest_stolen_property_offenses_receiving_selling_etc,arrestee_taken_into_custody_stolen_property_offenses_receiving_selling_etc,arrestee_on_view_arrest_weapon_law_violations_weapon_law_violations,arrestee_taken_into_custody_motor_vehicle_theft,arrestee_taken_into_custody_larceny_theft_offenses_theft_from_coin_operated_machine_or_device,arrestee_taken_into_custody_larceny_theft_offenses_purse_snatching,arrestee_taken_into_custody_kidnapping_abduction,arrestee_taken_into_custody_arson,arrestee_on_view_arrest_assault_offenses_intimidation,arrestee_taken_into_custody_assault_offenses_intimidation,arrestee_taken_into_custody_sex_offenses_rape,arrestee_taken_into_custody_larceny_theft_offenses_theft_of_motor_vehicle_parts_accessories,arrestee_taken_into_custody_drug_narcotic_offenses_drug_equipment_violations,arrestee_on_view_arrest_kidnapping_abduction,arrestee_taken_into_custody_runaway,arrestee_taken_into_custody_counterfeiting_forgery,arrestee_summoned_cited_all_other_offenses,arrestee_summoned_cited_disorderly_conduct,arrestee_summoned_cited_larceny_theft_offenses_theft_from_building,arrestee_summoned_cited_larceny_theft_offenses_theft_of_motor_vehicle_parts_accessories,arrestee_summoned_cited_liquor_law_violations,arrestee_summoned_cited_assault_offenses_intimidation,arrestee_summoned_cited_assault_offenses_simple_assault,arrestee_summoned_cited_bad_checks,arrestee_summoned_cited_burglary_breaking_and_entering,arrestee_summoned_cited_driving_under_the_influence,arrestee_summoned_cited_gambling_offenses_operating_promoting_assisting_gambling,arrestee_summoned_cited_motor_vehicle_theft,arrestee_summoned_cited_sex_offenses_criminal_sexual_contact_formerly_fondling_indecent_liberties_child_molest,arrestee_summoned_cited_trespass_of_real_property,arrestee_taken_into_custody_weapon_law_violations_weapon_law_violations,arrestee_summoned_cited_larceny_theft_offenses_all_other_larceny,arrestee_summoned_cited_larceny_theft_offenses_shoplifting,arrestee_summoned_cited_destruction_damage_vandalism_of_property,arrestee_summoned_cited_stolen_property_offenses_receiving_selling_etc,arrestee_taken_into_custody_sex_offenses_incest,arrestee_on_view_arrest_sex_offenses_sexual_assault_with_an_object,arrestee_on_view_arrest_arson,arrestee_summoned_cited_arson,arrestee_summoned_cited_assault_offenses_aggravated_assault,arrestee_summoned_cited_counterfeiting_forgery,arrestee_summoned_cited_drug_narcotic_offenses_drug_equipment_violations,arrestee_summoned_cited_drug_narcotic_offenses_drug_narcotic_violations,arrestee_summoned_cited_family_offenses_nonviolent,arrestee_summoned_cited_fraud_offenses_false_pretenses_swindle_confidence_game,arrestee_summoned_cited_fraud_offenses_impersonation,arrestee_summoned_cited_larceny_theft_offenses_theft_from_motor_vehicle,arrestee_summoned_cited_robbery,arrestee_summoned_cited_sex_offenses_rape,arrestee_summoned_cited_sex_offenses_statutory_rape,arrestee_summoned_cited_larceny_theft_offenses_pocket_picking,arrestee_summoned_cited_peeping_tom,arrestee_summoned_cited_larceny_theft_offenses_theft_from_coin_operated_machine_or_device,arrestee_summoned_cited_runaway,arrestee_summoned_cited_weapon_law_violations_weapon_law_violations,arrestee_taken_into_custody_sex_offenses_statutory_rape,arrestee_summoned_cited_curfew_loitering_vagrancy_violations,arrestee_taken_into_custody_fraud_offenses_false_pretenses_swindle_confidence_game,arrestee_taken_into_custody_sex_offenses_criminal_sexual_contact_formerly_fondling_indecent_liberties_child_molest,arrestee_taken_into_custody_larceny_theft_offenses_pocket_picking,arrestee_summoned_cited_fraud_offenses_credit_card_atm_fraud,arrestee_taken_into_custody_negligent_manslaughter,arrestee_taken_into_custody_extortion_blackmail,arrestee_summoned_cited_drunkenness,arrestee_taken_into_custody_embezzlement,arrestee_taken_into_custody_fraud_offenses_welfare_fraud,arrestee_summoned_cited_gambling_offenses_betting_wagering,arrestee_taken_into_custody_gambling_offenses_betting_wagering,arrestee_taken_into_custody_fraud_offenses_credit_card_atm_fraud,arrestee_on_view_arrest_fraud_offenses_false_pretenses_swindle_confidence_game,arrestee_summoned_cited_murder_nonnegligent_manslaughter,arrestee_taken_into_custody_fraud_offenses_wire_fraud,arrestee_on_view_arrest_extortion_blackmail,arrestee_taken_into_custody_sex_offenses_sodomy,arrestee_taken_into_custody_sex_offenses_sexual_assault_with_an_object,arrestee_on_view_arrest_fraud_offenses_impersonation,arrestee_summoned_cited_fraud_offenses_welfare_fraud,arrestee_on_view_arrest_gambling_offenses_operating_promoting_assisting_gambling,arrestee_on_view_arrest_gambling_offenses_gambling_equipment_violations,arrestee_taken_into_custody_gambling_offenses_gambling_equipment_violations,arrestee_taken_into_custody_prostitution_offenses_assisting_or_promoting_prostitution,arrestee_summoned_cited_kidnapping_abduction,arrestee_taken_into_custody_pornography_obscene_material,arrestee_on_view_arrest_sex_offenses_sodomy,arrestee_summoned_cited_larceny_theft_offenses_purse_snatching,arrestee_summoned_cited_embezzlement,arrestee_summoned_cited_sex_offenses_sexual_assault_with_an_object,arrestee_on_view_arrest_embezzlement,arrestee_on_view_arrest_sex_offenses_statutory_rape,arrestee_taken_into_custody_bribery,arrestee_summoned_cited_extortion_blackmail,arrestee_summoned_cited_gambling_offenses_gambling_equipment_violations,arrestee_taken_into_custody_gambling_offenses_operating_promoting_assisting_gambling,arrestee_on_view_arrest_larceny_theft_offenses_pocket_picking,arrestee_taken_into_custody_fraud_offenses_impersonation,arrestee_on_view_arrest_pornography_obscene_material,arrestee_on_view_arrest_prostitution_offenses_assisting_or_promoting_prostitution,arrestee_summoned_cited_prostitution_offenses_prostitution,arrestee_on_view_arrest_sex_offenses_incest,arrestee_summoned_cited_sex_offenses_sodomy,victim_assault_offenses_aggravated_assault,victim_assault_offenses_intimidation,victim_assault_offenses_simple_assault,victim_burglary_breaking_and_entering,victim_destruction_damage_vandalism_of_property,victim_drug_narcotic_offenses_drug_equipment_violations,victim_drug_narcotic_offenses_drug_narcotic_violations,victim_larceny_theft_offenses_all_other_larceny,victim_larceny_theft_offenses_pocket_picking,victim_larceny_theft_offenses_purse_snatching,victim_larceny_theft_offenses_shoplifting,victim_larceny_theft_offenses_theft_from_building,victim_larceny_theft_offenses_theft_from_coin_operated_machine_or_device,victim_larceny_theft_offenses_theft_from_motor_vehicle,victim_larceny_theft_offenses_theft_of_motor_vehicle_parts_accessories,victim_motor_vehicle_theft,victim_murder_nonnegligent_manslaughter,victim_robbery,victim_sex_offenses_rape,victim_sex_offenses_sodomy,victim_arson,victim_counterfeiting_forgery,victim_embezzlement,victim_extortion_blackmail,victim_fraud_offenses_credit_card_atm_fraud,victim_fraud_offenses_false_pretenses_swindle_confidence_game,victim_fraud_offenses_impersonation,victim_gambling_offenses_betting_wagering,victim_gambling_offenses_operating_promoting_assisting_gambling,victim_kidnapping_abduction,victim_pornography_obscene_material,victim_prostitution_offenses_assisting_or_promoting_prostitution,victim_prostitution_offenses_prostitution,victim_sex_offenses_criminal_sexual_contact_formerly_fondling_indecent_liberties_child_molest,victim_sex_offenses_incest,victim_stolen_property_offenses_receiving_selling_etc,victim_weapon_law_violations_weapon_law_violations,victim_gambling_offenses_gambling_equipment_violations,victim_sex_offenses_statutory_rape,victim_negligent_manslaughter,victim_fraud_offenses_welfare_fraud,victim_sex_offenses_sexual_assault_with_an_object,victim_fraud_offenses_wire_fraud,victim_bribery,victim_justifiable_homicide_not_a_crime,victim_female_assault_offenses_aggravated_assault,victim_male_assault_offenses_aggravated_assault,victim_unknown_sex_assault_offenses_aggravated_assault,victim_female_assault_offenses_intimidation,victim_female_assault_offenses_simple_assault,victim_male_assault_offenses_simple_assault,victim_unknown_sex_assault_offenses_simple_assault,victim_female_burglary_breaking_and_entering,victim_male_burglary_breaking_and_entering,victim_unknown_sex_burglary_breaking_and_entering,victim_female_destruction_damage_vandalism_of_property,victim_male_destruction_damage_vandalism_of_property,victim_unknown_sex_destruction_damage_vandalism_of_property,victim_female_larceny_theft_offenses_all_other_larceny,victim_male_larceny_theft_offenses_all_other_larceny,victim_unknown_sex_larceny_theft_offenses_all_other_larceny,victim_female_larceny_theft_offenses_pocket_picking,victim_unknown_sex_larceny_theft_offenses_pocket_picking,victim_female_larceny_theft_offenses_purse_snatching,victim_unknown_sex_larceny_theft_offenses_purse_snatching,victim_female_larceny_theft_offenses_shoplifting,victim_male_larceny_theft_offenses_shoplifting,victim_unknown_sex_larceny_theft_offenses_shoplifting,victim_female_larceny_theft_offenses_theft_from_building,victim_male_larceny_theft_offenses_theft_from_building,victim_unknown_sex_larceny_theft_offenses_theft_from_building,victim_unknown_sex_larceny_theft_offenses_theft_from_coin_operated_machine_or_device,victim_female_larceny_theft_offenses_theft_from_motor_vehicle,victim_male_larceny_theft_offenses_theft_from_motor_vehicle,victim_unknown_sex_larceny_theft_offenses_theft_from_motor_vehicle,victim_female_larceny_theft_offenses_theft_of_motor_vehicle_parts_accessories,victim_male_larceny_theft_offenses_theft_of_motor_vehicle_parts_accessories,victim_unknown_sex_larceny_theft_offenses_theft_of_motor_vehicle_parts_accessories,victim_female_motor_vehicle_theft,victim_male_motor_vehicle_theft,victim_unknown_sex_motor_vehicle_theft,victim_female_murder_nonnegligent_manslaughter,victim_male_murder_nonnegligent_manslaughter,victim_female_robbery,victim_male_robbery,victim_unknown_sex_robbery,victim_female_sex_offenses_rape,victim_female_sex_offenses_sodomy,victim_male_sex_offenses_sodomy,victim_male_larceny_theft_offenses_pocket_picking,victim_male_larceny_theft_offenses_purse_snatching,victim_female_arson,victim_male_arson,victim_unknown_sex_arson,victim_female_counterfeiting_forgery,victim_male_counterfeiting_forgery,victim_unknown_sex_counterfeiting_forgery,victim_female_embezzlement,victim_male_embezzlement,victim_unknown_sex_embezzlement,victim_male_extortion_blackmail,victim_female_fraud_offenses_credit_card_atm_fraud,victim_male_fraud_offenses_credit_card_atm_fraud,victim_unknown_sex_fraud_offenses_credit_card_atm_fraud,victim_female_fraud_offenses_false_pretenses_swindle_confidence_game,victim_male_fraud_offenses_false_pretenses_swindle_confidence_game,victim_unknown_sex_fraud_offenses_false_pretenses_swindle_confidence_game,victim_female_fraud_offenses_impersonation,victim_male_fraud_offenses_impersonation,victim_female_kidnapping_abduction,victim_male_kidnapping_abduction,victim_unknown_sex_kidnapping_abduction,victim_male_larceny_theft_offenses_theft_from_coin_operated_machine_or_device,victim_unknown_sex_murder_nonnegligent_manslaughter,victim_female_sex_offenses_criminal_sexual_contact_formerly_fondling_indecent_liberties_child_molest,victim_female_sex_offenses_incest,victim_male_sex_offenses_rape,victim_female_stolen_property_offenses_receiving_selling_etc,victim_male_stolen_property_offenses_receiving_selling_etc,victim_unknown_sex_stolen_property_offenses_receiving_selling_etc,victim_female_larceny_theft_offenses_theft_from_coin_operated_machine_or_device,victim_male_assault_offenses_intimidation,victim_male_sex_offenses_criminal_sexual_contact_formerly_fondling_indecent_liberties_child_molest,victim_unknown_sex_assault_offenses_intimidation,victim_unknown_sex_extortion_blackmail,victim_unknown_sex_fraud_offenses_impersonation,victim_unknown_sex_sex_offenses_criminal_sexual_contact_formerly_fondling_indecent_liberties_child_molest,victim_unknown_sex_sex_offenses_incest,victim_female_sex_offenses_statutory_rape,victim_female_negligent_manslaughter,victim_male_negligent_manslaughter,victim_female_sex_offenses_sexual_assault_with_an_object,victim_male_sex_offenses_statutory_rape,victim_male_sex_offenses_incest,victim_male_sex_offenses_sexual_assault_with_an_object,victim_female_extortion_blackmail,victim_female_fraud_offenses_wire_fraud,victim_male_fraud_offenses_wire_fraud,victim_female_bribery,victim_male_bribery,victim_female_fraud_offenses_welfare_fraud,victim_male_justifiable_homicide_not_a_crime,victim_american_indian_assault_offenses_aggravated_assault,victim_black_assault_offenses_aggravated_assault,victim_unknown_race_assault_offenses_aggravated_assault,victim_white_assault_offenses_aggravated_assault,victim_black_assault_offenses_intimidation,victim_white_assault_offenses_intimidation,victim_asian_assault_offenses_simple_assault,victim_black_assault_offenses_simple_assault,victim_unknown_race_assault_offenses_simple_assault,victim_white_assault_offenses_simple_assault,victim_black_burglary_breaking_and_entering,victim_unknown_race_burglary_breaking_and_entering,victim_white_burglary_breaking_and_entering,victim_black_destruction_damage_vandalism_of_property,victim_unknown_race_destruction_damage_vandalism_of_property,victim_white_destruction_damage_vandalism_of_property,victim_black_larceny_theft_offenses_all_other_larceny,victim_unknown_race_larceny_theft_offenses_all_other_larceny,victim_white_larceny_theft_offenses_all_other_larceny,victim_unknown_race_larceny_theft_offenses_pocket_picking,victim_white_larceny_theft_offenses_pocket_picking,victim_unknown_race_larceny_theft_offenses_purse_snatching,victim_white_larceny_theft_offenses_purse_snatching,victim_unknown_race_larceny_theft_offenses_shoplifting,victim_white_larceny_theft_offenses_shoplifting,victim_unknown_race_larceny_theft_offenses_theft_from_building,victim_white_larceny_theft_offenses_theft_from_building,victim_unknown_race_larceny_theft_offenses_theft_from_coin_operated_machine_or_device,victim_black_larceny_theft_offenses_theft_from_motor_vehicle,victim_unknown_race_larceny_theft_offenses_theft_from_motor_vehicle,victim_white_larceny_theft_offenses_theft_from_motor_vehicle,victim_asian_larceny_theft_offenses_theft_of_motor_vehicle_parts_accessories,victim_black_larceny_theft_offenses_theft_of_motor_vehicle_parts_accessories,victim_unknown_race_larceny_theft_offenses_theft_of_motor_vehicle_parts_accessories,victim_white_larceny_theft_offenses_theft_of_motor_vehicle_parts_accessories,victim_black_motor_vehicle_theft,victim_unknown_race_motor_vehicle_theft,victim_white_motor_vehicle_theft,victim_black_murder_nonnegligent_manslaughter,victim_white_murder_nonnegligent_manslaughter,victim_black_robbery,victim_unknown_race_robbery,victim_white_robbery,victim_black_sex_offenses_rape,victim_white_sex_offenses_rape,victim_black_sex_offenses_sodomy,victim_white_sex_offenses_sodomy,victim_asian_burglary_breaking_and_entering,victim_black_larceny_theft_offenses_pocket_picking,victim_black_larceny_theft_offenses_purse_snatching,victim_asian_larceny_theft_offenses_shoplifting,victim_black_larceny_theft_offenses_theft_from_building,victim_black_arson,victim_unknown_race_arson,victim_white_arson,victim_asian_assault_offenses_aggravated_assault,victim_american_indian_assault_offenses_simple_assault,victim_american_indian_burglary_breaking_and_entering,victim_asian_counterfeiting_forgery,victim_black_counterfeiting_forgery,victim_unknown_race_counterfeiting_forgery,victim_white_counterfeiting_forgery,victim_american_indian_destruction_damage_vandalism_of_property,victim_asian_destruction_damage_vandalism_of_property,victim_black_embezzlement,victim_unknown_race_embezzlement,victim_white_embezzlement,victim_white_extortion_blackmail,victim_black_fraud_offenses_credit_card_atm_fraud,victim_unknown_race_fraud_offenses_credit_card_atm_fraud,victim_white_fraud_offenses_credit_card_atm_fraud,victim_asian_fraud_offenses_false_pretenses_swindle_confidence_game,victim_black_fraud_offenses_false_pretenses_swindle_confidence_game,victim_unknown_race_fraud_offenses_false_pretenses_swindle_confidence_game,victim_white_fraud_offenses_false_pretenses_swindle_confidence_game,victim_black_fraud_offenses_impersonation,victim_white_fraud_offenses_impersonation,victim_black_kidnapping_abduction,victim_unknown_race_kidnapping_abduction,victim_white_kidnapping_abduction,victim_american_indian_larceny_theft_offenses_all_other_larceny,victim_asian_larceny_theft_offenses_all_other_larceny,victim_asian_larceny_theft_offenses_pocket_picking,victim_american_indian_larceny_theft_offenses_theft_from_building,victim_asian_larceny_theft_offenses_theft_from_building,victim_white_larceny_theft_offenses_theft_from_coin_operated_machine_or_device,victim_american_indian_larceny_theft_offenses_theft_from_motor_vehicle,victim_asian_larceny_theft_offenses_theft_from_motor_vehicle,victim_american_indian_motor_vehicle_theft,victim_asian_motor_vehicle_theft,victim_unknown_race_murder_nonnegligent_manslaughter,victim_asian_robbery,victim_black_sex_offenses_criminal_sexual_contact_formerly_fondling_indecent_liberties_child_molest,victim_unknown_race_sex_offenses_criminal_sexual_contact_formerly_fondling_indecent_liberties_child_molest,victim_white_sex_offenses_criminal_sexual_contact_formerly_fondling_indecent_liberties_child_molest,victim_black_sex_offenses_incest,victim_white_sex_offenses_incest,victim_unknown_race_sex_offenses_rape,victim_unknown_race_sex_offenses_sodomy,victim_black_stolen_property_offenses_receiving_selling_etc,victim_unknown_race_stolen_property_offenses_receiving_selling_etc,victim_white_stolen_property_offenses_receiving_selling_etc,victim_black_larceny_theft_offenses_shoplifting,victim_american_indian_robbery,victim_unknown_race_assault_offenses_intimidation,victim_unknown_race_extortion_blackmail,victim_unknown_race_fraud_offenses_impersonation,victim_unknown_race_sex_offenses_incest,victim_asian_murder_nonnegligent_manslaughter,victim_asian_sex_offenses_rape,victim_black_larceny_theft_offenses_theft_from_coin_operated_machine_or_device,victim_black_sex_offenses_statutory_rape,victim_white_sex_offenses_statutory_rape,victim_black_negligent_manslaughter,victim_white_negligent_manslaughter,victim_asian_assault_offenses_intimidation,victim_american_indian_sex_offenses_rape,victim_american_indian_assault_offenses_intimidation,victim_american_indian_kidnapping_abduction,victim_unknown_race_sex_offenses_sexual_assault_with_an_object,victim_unknown_race_sex_offenses_statutory_rape,victim_american_indian_larceny_theft_offenses_theft_of_motor_vehicle_parts_accessories,victim_american_indian_sex_offenses_criminal_sexual_contact_formerly_fondling_indecent_liberties_child_molest,victim_white_sex_offenses_sexual_assault_with_an_object,victim_american_indian_sex_offenses_statutory_rape,victim_american_indian_counterfeiting_forgery,victim_american_indian_larceny_theft_offenses_purse_snatching,victim_american_indian_arson,victim_black_sex_offenses_sexual_assault_with_an_object,victim_black_extortion_blackmail,victim_white_fraud_offenses_wire_fraud,victim_asian_kidnapping_abduction,victim_asian_sex_offenses_sodomy,victim_black_fraud_offenses_wire_fraud,victim_asian_sex_offenses_criminal_sexual_contact_formerly_fondling_indecent_liberties_child_molest,victim_asian_arson,victim_asian_sex_offenses_statutory_rape,victim_black_bribery,victim_white_bribery,victim_white_fraud_offenses_welfare_fraud,victim_white_justifiable_homicide_not_a_crime,victim_american_indian_fraud_offenses_false_pretenses_swindle_confidence_game,victim_asian_extortion_blackmail,victim_unknown_race_fraud_offenses_wire_fraud,victim_black_justifiable_homicide_not_a_crime,victim_american_indian_stolen_property_offenses_receiving_selling_etc,victim_american_indian_larceny_theft_offenses_shoplifting,victim_unknown_ethnicity_assault_offenses_aggravated_assault,victim_unknown_ethnicity_assault_offenses_intimidation,victim_unknown_ethnicity_assault_offenses_simple_assault,victim_unknown_ethnicity_burglary_breaking_and_entering,victim_unknown_ethnicity_destruction_damage_vandalism_of_property,victim_unknown_ethnicity_larceny_theft_offenses_all_other_larceny,victim_unknown_ethnicity_larceny_theft_offenses_pocket_picking,victim_unknown_ethnicity_larceny_theft_offenses_purse_snatching,victim_unknown_ethnicity_larceny_theft_offenses_shoplifting,victim_unknown_ethnicity_larceny_theft_offenses_theft_from_building,victim_unknown_ethnicity_larceny_theft_offenses_theft_from_coin_operated_machine_or_device,victim_unknown_ethnicity_larceny_theft_offenses_theft_from_motor_vehicle,victim_unknown_ethnicity_larceny_theft_offenses_theft_of_motor_vehicle_parts_accessories,victim_unknown_ethnicity_motor_vehicle_theft,victim_unknown_ethnicity_murder_nonnegligent_manslaughter,victim_unknown_ethnicity_robbery,victim_unknown_ethnicity_sex_offenses_rape,victim_unknown_ethnicity_sex_offenses_sodomy,victim_unknown_ethnicity_arson,victim_unknown_ethnicity_counterfeiting_forgery,victim_unknown_ethnicity_embezzlement,victim_unknown_ethnicity_extortion_blackmail,victim_unknown_ethnicity_fraud_offenses_credit_card_atm_fraud,victim_unknown_ethnicity_fraud_offenses_false_pretenses_swindle_confidence_game,victim_unknown_ethnicity_fraud_offenses_impersonation,victim_unknown_ethnicity_kidnapping_abduction,victim_unknown_ethnicity_sex_offenses_criminal_sexual_contact_formerly_fondling_indecent_liberties_child_molest,victim_unknown_ethnicity_sex_offenses_incest,victim_unknown_ethnicity_stolen_property_offenses_receiving_selling_etc,victim_unknown_ethnicity_sex_offenses_statutory_rape,victim_unknown_ethnicity_negligent_manslaughter,victim_not_hispanic_assault_offenses_aggravated_assault,victim_not_hispanic_assault_offenses_intimidation,victim_not_hispanic_assault_offenses_simple_assault,victim_not_hispanic_burglary_breaking_and_entering,victim_not_hispanic_destruction_damage_vandalism_of_property,victim_not_hispanic_larceny_theft_offenses_all_other_larceny,victim_not_hispanic_larceny_theft_offenses_theft_from_building,victim_not_hispanic_larceny_theft_offenses_theft_from_motor_vehicle,victim_not_hispanic_motor_vehicle_theft,victim_not_hispanic_sex_offenses_criminal_sexual_contact_formerly_fondling_indecent_liberties_child_molest,victim_not_hispanic_counterfeiting_forgery,victim_not_hispanic_fraud_offenses_false_pretenses_swindle_confidence_game,victim_not_hispanic_larceny_theft_offenses_theft_of_motor_vehicle_parts_accessories,victim_not_hispanic_kidnapping_abduction,victim_not_hispanic_larceny_theft_offenses_theft_from_coin_operated_machine_or_device,victim_unknown_ethnicity_sex_offenses_sexual_assault_with_an_object,victim_hispanic_assault_offenses_simple_assault,victim_hispanic_burglary_breaking_and_entering,victim_hispanic_counterfeiting_forgery,victim_hispanic_larceny_theft_offenses_theft_from_building,victim_hispanic_larceny_theft_offenses_theft_from_motor_vehicle,victim_hispanic_larceny_theft_offenses_theft_of_motor_vehicle_parts_accessories,victim_hispanic_motor_vehicle_theft,victim_not_hispanic_arson,victim_not_hispanic_sex_offenses_statutory_rape,victim_hispanic_assault_offenses_intimidation,victim_hispanic_destruction_damage_vandalism_of_property,victim_hispanic_larceny_theft_offenses_all_other_larceny,victim_not_hispanic_sex_offenses_rape,victim_not_hispanic_sex_offenses_sexual_assault_with_an_object,victim_hispanic_assault_offenses_aggravated_assault,victim_not_hispanic_extortion_blackmail,victim_not_hispanic_fraud_offenses_credit_card_atm_fraud,victim_not_hispanic_fraud_offenses_impersonation,victim_not_hispanic_larceny_theft_offenses_purse_snatching,victim_not_hispanic_robbery,victim_not_hispanic_sex_offenses_sodomy,victim_hispanic_sex_offenses_statutory_rape,victim_not_hispanic_sex_offenses_incest,victim_not_hispanic_stolen_property_offenses_receiving_selling_etc,victim_not_hispanic_larceny_theft_offenses_shoplifting,victim_not_hispanic_negligent_manslaughter,victim_not_hispanic_murder_nonnegligent_manslaughter,victim_not_hispanic_larceny_theft_offenses_pocket_picking,victim_hispanic_murder_nonnegligent_manslaughter,victim_not_hispanic_embezzlement,victim_hispanic_robbery,victim_hispanic_fraud_offenses_false_pretenses_swindle_confidence_game,victim_hispanic_sex_offenses_sodomy,victim_not_hispanic_fraud_offenses_wire_fraud,victim_hispanic_sex_offenses_rape,victim_hispanic_arson,victim_not_hispanic_bribery,victim_hispanic_kidnapping_abduction,victim_hispanic_fraud_offenses_credit_card_atm_fraud,victim_unknown_ethnicity_fraud_offenses_welfare_fraud,victim_not_hispanic_justifiable_homicide_not_a_crime,victim_unknown_ethnicity_fraud_offenses_wire_fraud,victim_hispanic_sex_offenses_criminal_sexual_contact_formerly_fondling_indecent_liberties_child_molest,victim_hispanic_stolen_property_offenses_receiving_selling_etc,victim_adult_assault_offenses_aggravated_assault,victim_juvenile_assault_offenses_aggravated_assault,victim_unknown_age_assault_offenses_aggravated_assault,victim_adult_assault_offenses_intimidation,victim_adult_assault_offenses_simple_assault,victim_juvenile_assault_offenses_simple_assault,victim_unknown_age_assault_offenses_simple_assault,victim_adult_burglary_breaking_and_entering,victim_juvenile_burglary_breaking_and_entering,victim_unknown_age_burglary_breaking_and_entering,victim_adult_destruction_damage_vandalism_of_property,victim_juvenile_destruction_damage_vandalism_of_property,victim_unknown_age_destruction_damage_vandalism_of_property,victim_adult_larceny_theft_offenses_all_other_larceny,victim_juvenile_larceny_theft_offenses_all_other_larceny,victim_unknown_age_larceny_theft_offenses_all_other_larceny,victim_adult_larceny_theft_offenses_pocket_picking,victim_juvenile_larceny_theft_offenses_pocket_picking,victim_unknown_age_larceny_theft_offenses_pocket_picking,victim_adult_larceny_theft_offenses_purse_snatching,victim_unknown_age_larceny_theft_offenses_purse_snatching,victim_adult_larceny_theft_offenses_shoplifting,victim_unknown_age_larceny_theft_offenses_shoplifting,victim_adult_larceny_theft_offenses_theft_from_building,victim_unknown_age_larceny_theft_offenses_theft_from_building,victim_unknown_age_larceny_theft_offenses_theft_from_coin_operated_machine_or_device,victim_adult_larceny_theft_offenses_theft_from_motor_vehicle,victim_juvenile_larceny_theft_offenses_theft_from_motor_vehicle,victim_unknown_age_larceny_theft_offenses_theft_from_motor_vehicle,victim_adult_larceny_theft_offenses_theft_of_motor_vehicle_parts_accessories,victim_unknown_age_larceny_theft_offenses_theft_of_motor_vehicle_parts_accessories,victim_adult_motor_vehicle_theft,victim_unknown_age_motor_vehicle_theft,victim_adult_murder_nonnegligent_manslaughter,victim_juvenile_murder_nonnegligent_manslaughter,victim_unknown_age_murder_nonnegligent_manslaughter,victim_adult_robbery,victim_juvenile_robbery,victim_unknown_age_robbery,victim_adult_sex_offenses_rape,victim_juvenile_sex_offenses_rape,victim_unknown_age_sex_offenses_rape,victim_adult_sex_offenses_sodomy,victim_juvenile_sex_offenses_sodomy,victim_juvenile_larceny_theft_offenses_purse_snatching,victim_juvenile_motor_vehicle_theft,victim_adult_arson,victim_juvenile_arson,victim_unknown_age_arson,victim_adult_counterfeiting_forgery,victim_juvenile_counterfeiting_forgery,victim_unknown_age_counterfeiting_forgery,victim_adult_embezzlement,victim_unknown_age_embezzlement,victim_adult_extortion_blackmail,victim_adult_fraud_offenses_credit_card_atm_fraud,victim_unknown_age_fraud_offenses_credit_card_atm_fraud,victim_adult_fraud_offenses_false_pretenses_swindle_confidence_game,victim_juvenile_fraud_offenses_false_pretenses_swindle_confidence_game,victim_unknown_age_fraud_offenses_false_pretenses_swindle_confidence_game,victim_adult_fraud_offenses_impersonation,victim_unknown_age_fraud_offenses_impersonation,victim_adult_kidnapping_abduction,victim_juvenile_kidnapping_abduction,victim_unknown_age_kidnapping_abduction,victim_juvenile_larceny_theft_offenses_theft_from_building,victim_juvenile_larceny_theft_offenses_theft_of_motor_vehicle_parts_accessories,victim_juvenile_sex_offenses_criminal_sexual_contact_formerly_fondling_indecent_liberties_child_molest,victim_juvenile_sex_offenses_incest,victim_adult_stolen_property_offenses_receiving_selling_etc,victim_juvenile_stolen_property_offenses_receiving_selling_etc,victim_unknown_age_stolen_property_offenses_receiving_selling_etc,victim_juvenile_larceny_theft_offenses_shoplifting,victim_adult_larceny_theft_offenses_theft_from_coin_operated_machine_or_device,victim_juvenile_assault_offenses_intimidation,victim_unknown_age_assault_offenses_intimidation,victim_unknown_age_extortion_blackmail,victim_unknown_age_sex_offenses_criminal_sexual_contact_formerly_fondling_indecent_liberties_child_molest,victim_unknown_age_sex_offenses_incest,victim_adult_sex_offenses_statutory_rape,victim_juvenile_sex_offenses_statutory_rape,victim_adult_sex_offenses_criminal_sexual_contact_formerly_fondling_indecent_liberties_child_molest,victim_adult_negligent_manslaughter,victim_juvenile_sex_offenses_sexual_assault_with_an_object,victim_juvenile_negligent_manslaughter,victim_adult_sex_offenses_sexual_assault_with_an_object,victim_adult_sex_offenses_incest,victim_unknown_age_sex_offenses_statutory_rape,victim_juvenile_fraud_offenses_impersonation,victim_unknown_age_sex_offenses_sodomy,victim_adult_fraud_offenses_wire_fraud,victim_juvenile_fraud_offenses_credit_card_atm_fraud,victim_adult_bribery,victim_adult_fraud_offenses_welfare_fraud,victim_adult_justifiable_homicide_not_a_crime,victim_juvenile_extortion_blackmail,victim_unknown_age_fraud_offenses_wire_fraud,victim_unknown_age_sex_offenses_sexual_assault_with_an_object,victim_juvenile_larceny_theft_offenses_theft_from_coin_operated_machine_or_device,victim_minor_injury_assault_offenses_aggravated_assault,victim_no_injury_assault_offenses_aggravated_assault,victim_unknown_injury_assault_offenses_intimidation,victim_minor_injury_assault_offenses_simple_assault,victim_no_injury_assault_offenses_simple_assault,victim_unknown_injury_destruction_damage_vandalism_of_property,victim_unknown_injury_motor_vehicle_theft,victim_unknown_injury_murder_nonnegligent_manslaughter,victim_minor_injury_robbery,victim_no_injury_robbery,victim_minor_injury_sex_offenses_rape,victim_no_injury_sex_offenses_rape,victim_minor_injury_sex_offenses_sodomy,victim_no_injury_sex_offenses_sodomy,victim_no_injury_extortion_blackmail,victim_minor_injury_kidnapping_abduction,victim_no_injury_kidnapping_abduction,victim_unknown_injury_sex_offenses_incest,victim_unknown_injury_sex_offenses_statutory_rape,victim_unknown_injury_negligent_manslaughter,victim_serious_injury_assault_offenses_aggravated_assault,victim_minor_injury_assault_offenses_intimidation,victim_no_injury_assault_offenses_intimidation,victim_serious_injury_assault_offenses_simple_assault,victim_no_injury_sex_offenses_sexual_assault_with_an_object,victim_minor_injury_destruction_damage_vandalism_of_property,victim_no_injury_destruction_damage_vandalism_of_property,victim_serious_injury_robbery,victim_minor_injury_sex_offenses_sexual_assault_with_an_object,victim_serious_injury_destruction_damage_vandalism_of_property,victim_minor_injury_motor_vehicle_theft,victim_serious_injury_sex_offenses_rape,victim_serious_injury_sex_offenses_sexual_assault_with_an_object,victim_serious_injury_sex_offenses_sodomy,victim_serious_injury_assault_offenses_intimidation,victim_no_injury_motor_vehicle_theft,victim_serious_injury_kidnapping_abduction,victim_serious_injury_murder_nonnegligent_manslaughter,victim_serious_injury_motor_vehicle_theft,victim_serious_injury_extortion_blackmail,victim_no_injury_murder_nonnegligent_manslaughter,victim_no_injury_sex_offenses_incest,victim_unknown_injury_robbery,victim_unknown_injury_justifiable_homicide_not_a_crime,victim_no_injury_sex_offenses_statutory_rape,victim_unknown_injury_extortion_blackmail,victim_intimate_partner_assault_offenses_aggravated_assault,victim_other_family_assault_offenses_aggravated_assault,victim_other_relationship_assault_offenses_aggravated_assault,victim_stranger_assault_offenses_aggravated_assault,victim_unknown_relationship_assault_offenses_aggravated_assault,victim_other_family_assault_offenses_intimidation,victim_other_relationship_assault_offenses_intimidation,victim_intimate_partner_assault_offenses_simple_assault,victim_other_family_assault_offenses_simple_assault,victim_other_relationship_assault_offenses_simple_assault,victim_stranger_assault_offenses_simple_assault,victim_unknown_relationship_assault_offenses_simple_assault,victim_unknown_relationship_burglary_breaking_and_entering,victim_unknown_relationship_destruction_damage_vandalism_of_property,victim_unknown_relationship_larceny_theft_offenses_all_other_larceny,victim_unknown_relationship_larceny_theft_offenses_pocket_picking,victim_unknown_relationship_larceny_theft_offenses_purse_snatching,victim_unknown_relationship_larceny_theft_offenses_shoplifting,victim_unknown_relationship_larceny_theft_offenses_theft_from_building,victim_unknown_relationship_larceny_theft_offenses_theft_from_coin_operated_machine_or_device,victim_unknown_relationship_larceny_theft_offenses_theft_from_motor_vehicle,victim_unknown_relationship_larceny_theft_offenses_theft_of_motor_vehicle_parts_accessories,victim_unknown_relationship_motor_vehicle_theft,victim_intimate_partner_murder_nonnegligent_manslaughter,victim_other_family_murder_nonnegligent_manslaughter,victim_other_relationship_murder_nonnegligent_manslaughter,victim_unknown_relationship_murder_nonnegligent_manslaughter,victim_intimate_partner_robbery,victim_other_family_robbery,victim_other_relationship_robbery,victim_stranger_robbery,victim_unknown_relationship_robbery,victim_intimate_partner_sex_offenses_rape,victim_other_family_sex_offenses_rape,victim_other_relationship_sex_offenses_rape,victim_stranger_sex_offenses_rape,victim_unknown_relationship_sex_offenses_rape,victim_other_family_sex_offenses_sodomy,victim_other_relationship_sex_offenses_sodomy,victim_unknown_relationship_sex_offenses_sodomy,victim_stranger_murder_nonnegligent_manslaughter,victim_stranger_sex_offenses_sodomy,victim_unknown_relationship_arson,victim_unknown_relationship_counterfeiting_forgery,victim_unknown_relationship_embezzlement,victim_unknown_relationship_extortion_blackmail,victim_unknown_relationship_fraud_offenses_credit_card_atm_fraud,victim_unknown_relationship_fraud_offenses_false_pretenses_swindle_confidence_game,victim_unknown_relationship_fraud_offenses_impersonation,victim_intimate_partner_kidnapping_abduction,victim_other_family_kidnapping_abduction,victim_other_relationship_kidnapping_abduction,victim_stranger_kidnapping_abduction,victim_unknown_relationship_kidnapping_abduction,victim_other_family_sex_offenses_criminal_sexual_contact_formerly_fondling_indecent_liberties_child_molest,victim_other_relationship_sex_offenses_criminal_sexual_contact_formerly_fondling_indecent_liberties_child_molest,victim_stranger_sex_offenses_criminal_sexual_contact_formerly_fondling_indecent_liberties_child_molest,victim_unknown_relationship_sex_offenses_criminal_sexual_contact_formerly_fondling_indecent_liberties_child_molest,victim_other_family_sex_offenses_incest,victim_intimate_partner_sex_offenses_sodomy,victim_unknown_relationship_stolen_property_offenses_receiving_selling_etc,victim_intimate_partner_assault_offenses_intimidation,victim_unknown_relationship_assault_offenses_intimidation,victim_stranger_assault_offenses_intimidation,victim_intimate_partner_sex_offenses_statutory_rape,victim_other_relationship_sex_offenses_statutory_rape,victim_unknown_relationship_sex_offenses_statutory_rape,victim_intimate_partner_negligent_manslaughter,victim_stranger_negligent_manslaughter,victim_other_family_sex_offenses_statutory_rape,victim_other_relationship_destruction_damage_vandalism_of_property,victim_unknown_relationship_sex_offenses_incest,victim_other_relationship_sex_offenses_sexual_assault_with_an_object,victim_unknown_relationship_sex_offenses_sexual_assault_with_an_object,victim_other_relationship_stolen_property_offenses_receiving_selling_etc,victim_intimate_partner_destruction_damage_vandalism_of_property,victim_other_family_destruction_damage_vandalism_of_property,victim_other_relationship_burglary_breaking_and_entering,victim_stranger_destruction_damage_vandalism_of_property,victim_other_relationship_extortion_blackmail,victim_other_relationship_larceny_theft_offenses_all_other_larceny,victim_stranger_larceny_theft_offenses_all_other_larceny,victim_intimate_partner_larceny_theft_offenses_theft_from_building,victim_stranger_larceny_theft_offenses_theft_from_motor_vehicle,victim_intimate_partner_motor_vehicle_theft,victim_intimate_partner_sex_offenses_criminal_sexual_contact_formerly_fondling_indecent_liberties_child_molest,victim_intimate_partner_sex_offenses_sexual_assault_with_an_object,victim_stranger_sex_offenses_statutory_rape,victim_stranger_motor_vehicle_theft,victim_other_relationship_larceny_theft_offenses_theft_from_building,victim_stranger_burglary_breaking_and_entering,victim_other_family_negligent_manslaughter,victim_stranger_larceny_theft_offenses_shoplifting,victim_intimate_partner_larceny_theft_offenses_all_other_larceny,victim_intimate_partner_burglary_breaking_and_entering,victim_other_relationship_motor_vehicle_theft,victim_other_relationship_larceny_theft_offenses_theft_from_motor_vehicle,victim_other_family_sex_offenses_sexual_assault_with_an_object,victim_other_relationship_fraud_offenses_false_pretenses_swindle_confidence_game,victim_other_relationship_arson,victim_other_family_larceny_theft_offenses_all_other_larceny,victim_stranger_arson,victim_other_relationship_larceny_theft_offenses_purse_snatching,victim_other_relationship_negligent_manslaughter,victim_stranger_fraud_offenses_false_pretenses_swindle_confidence_game,victim_stranger_extortion_blackmail,victim_other_family_arson,victim_other_family_burglary_breaking_and_entering,victim_other_family_larceny_theft_offenses_theft_from_building,victim_intimate_partner_arson,victim_unknown_relationship_fraud_offenses_wire_fraud,victim_stranger_sex_offenses_sexual_assault_with_an_object,victim_intimate_partner_larceny_theft_offenses_theft_from_motor_vehicle,victim_other_relationship_larceny_theft_offenses_theft_of_motor_vehicle_parts_accessories,victim_stranger_larceny_theft_offenses_theft_of_motor_vehicle_parts_accessories,victim_other_family_motor_vehicle_theft,victim_intimate_partner_larceny_theft_offenses_theft_of_motor_vehicle_parts_accessories,victim_intimate_partner_stolen_property_offenses_receiving_selling_etc,victim_other_family_fraud_offenses_credit_card_atm_fraud,victim_unknown_relationship_bribery,victim_other_family_counterfeiting_forgery,victim_unknown_relationship_fraud_offenses_welfare_fraud,victim_intimate_partner_counterfeiting_forgery,victim_intimate_partner_sex_offenses_incest,victim_other_family_justifiable_homicide_not_a_crime,victim_intimate_partner_fraud_offenses_false_pretenses_swindle_confidence_game,victim_stranger_stolen_property_offenses_receiving_selling_etc,victim_stranger_larceny_theft_offenses_theft_from_building,victim_other_family_fraud_offenses_false_pretenses_swindle_confidence_game,victim_stranger_larceny_theft_offenses_purse_snatching,victim_other_family_larceny_theft_offenses_theft_from_motor_vehicle,victim_stranger_sex_offenses_incest,victim_stranger_counterfeiting_forgery,victim_other_relationship_sex_offenses_incest,victim_stranger_justifiable_homicide_not_a_crime,victim_stranger_larceny_theft_offenses_theft_from_coin_operated_machine_or_device,victim_stranger_fraud_offenses_credit_card_atm_fraud,victim_stranger_fraud_offenses_impersonation,victim_other_relationship_fraud_offenses_credit_card_atm_fraud,victim_stranger_larceny_theft_offenses_pocket_picking,victim_other_relationship_larceny_theft_offenses_shoplifting,victim_intimate_partner_larceny_theft_offenses_pocket_picking,offense_no_gun_justifiable_homicide_not_a_crime,offense_death_of_suspect_arson,offense_death_of_suspect_larceny_theft_offenses_purse_snatching,offense_juvenile_no_custody_drug_narcotic_offenses_drug_narcotic_violations,offense_juvenile_no_custody_drug_narcotic_offenses_drug_equipment_violations,offense_juvenile_no_custody_embezzlement,offense_death_of_suspect_larceny_theft_offenses_theft_of_motor_vehicle_parts_accessories,offense_death_of_suspect_drug_narcotic_offenses_drug_narcotic_violations,offense_victim_refused_to_cooperate_pornography_obscene_material,offense_juvenile_no_custody_prostitution_offenses_prostitution,offense_juvenile_no_custody_sex_offenses_incest,offense_juvenile_no_custody_fraud_offenses_impersonation,offense_death_of_suspect_fraud_offenses_credit_card_atm_fraud,offense_death_of_suspect_justifiable_homicide_not_a_crime,offense_extradition_denied_kidnapping_abduction,offense_extradition_denied_robbery,offense_extradition_denied_sex_offenses_sexual_assault_with_an_object,offense_death_of_suspect_larceny_theft_offenses_theft_from_building,offense_death_of_suspect_embezzlement,offense_extradition_denied_arson,offense_school_embezzlement,offense_school_stolen_property_offenses_receiving_selling_etc,offense_school_extortion_blackmail,offense_school_sex_offenses_statutory_rape,offense_school_prostitution_offenses_prostitution,offense_school_sex_offenses_sexual_assault_with_an_object,offense_school_fraud_offenses_wire_fraud,offense_bar_nightclub_justifiable_homicide_not_a_crime,offender_unknown_sex_negligent_manslaughter,offender_female_negligent_manslaughter,offender_unknown_race_negligent_manslaughter,offender_american_indian_embezzlement,offender_american_indian_prostitution_offenses_prostitution,offender_american_indian_sex_offenses_incest,offender_american_indian_fraud_offenses_impersonation,offender_american_indian_sex_offenses_sodomy,offender_american_indian_extortion_blackmail,offender_unknown_age_negligent_manslaughter,arrestee_gambling_offenses_sports_tampering,arrestee_female_bribery,arrestee_female_negligent_manslaughter,arrestee_female_sex_offenses_sodomy,arrestee_female_sex_offenses_statutory_rape,arrestee_female_sex_offenses_incest,arrestee_female_fraud_offenses_welfare_fraud,arrestee_male_fraud_offenses_wire_fraud,arrestee_male_gambling_offenses_sports_tampering,arrestee_female_sex_offenses_sexual_assault_with_an_object,arrestee_female_gambling_offenses_sports_tampering,arrestee_unknown_race_assault_offenses_aggravated_assault,arrestee_unknown_race_curfew_loitering_vagrancy_violations,arrestee_asian_destruction_damage_vandalism_of_property,arrestee_asian_larceny_theft_offenses_theft_of_motor_vehicle_parts_accessories,arrestee_white_fraud_offenses_welfare_fraud,arrestee_unknown_race_sex_offenses_statutory_rape,arrestee_unknown_race_fraud_offenses_credit_card_atm_fraud,arrestee_american_indian_sex_offenses_criminal_sexual_contact_formerly_fondling_indecent_liberties_child_molest,arrestee_black_larceny_theft_offenses_pocket_picking,arrestee_asian_murder_nonnegligent_manslaughter,arrestee_unknown_race_prostitution_offenses_prostitution,arrestee_american_indian_prostitution_offenses_prostitution,arrestee_unknown_race_sex_offenses_criminal_sexual_contact_formerly_fondling_indecent_liberties_child_molest,arrestee_unknown_race_sex_offenses_rape,arrestee_american_indian_fraud_offenses_credit_card_atm_fraud,arrestee_american_indian_sex_offenses_incest,arrestee_american_indian_fraud_offenses_impersonation,arrestee_asian_fraud_offenses_impersonation,arrestee_asian_fraud_offenses_credit_card_atm_fraud,arrestee_asian_larceny_theft_offenses_theft_from_coin_operated_machine_or_device,arrestee_asian_fraud_offenses_wire_fraud,arrestee_black_negligent_manslaughter,arrestee_asian_drug_narcotic_offenses_drug_equipment_violations,arrestee_american_indian_arson,arrestee_unknown_race_weapon_law_violations_weapon_law_violations,arrestee_black_gambling_offenses_sports_tampering,arrestee_unknown_race_family_offenses_nonviolent,arrestee_black_fraud_offenses_wire_fraud,arrestee_unknown_race_murder_nonnegligent_manslaughter,arrestee_asian_arson,arrestee_american_indian_gambling_offenses_betting_wagering,arrestee_white_gambling_offenses_sports_tampering,arrestee_hispanic_arson,arrestee_hispanic_drug_narcotic_offenses_drug_equipment_violations,arrestee_hispanic_embezzlement,arrestee_hispanic_larceny_theft_offenses_theft_from_building,arrestee_hispanic_sex_offenses_criminal_sexual_contact_formerly_fondling_indecent_liberties_child_molest,arrestee_hispanic_sex_offenses_statutory_rape,arrestee_hispanic_fraud_offenses_impersonation,arrestee_hispanic_kidnapping_abduction,arrestee_hispanic_extortion_blackmail,arrestee_hispanic_sex_offenses_incest,arrestee_hispanic_larceny_theft_offenses_pocket_picking,arrestee_hispanic_fraud_offenses_welfare_fraud,arrestee_hispanic_negligent_manslaughter,arrestee_unknown_ethnicity_negligent_manslaughter,arrestee_hispanic_prostitution_offenses_prostitution,arrestee_not_hispanic_gambling_offenses_sports_tampering,arrestee_hispanic_sex_offenses_sexual_assault_with_an_object,arrestee_adult_negligent_manslaughter,arrestee_juvenile_sex_offenses_incest,arrestee_juvenile_embezzlement,arrestee_juvenile_fraud_offenses_impersonation,arrestee_unknown_age_drug_narcotic_offenses_drug_equipment_violations,arrestee_unknown_age_prostitution_offenses_assisting_or_promoting_prostitution,arrestee_unknown_age_stolen_property_offenses_receiving_selling_etc,arrestee_unknown_age_murder_nonnegligent_manslaughter,arrestee_unknown_age_negligent_manslaughter,arrestee_unknown_age_sex_offenses_criminal_sexual_contact_formerly_fondling_indecent_liberties_child_molest,arrestee_unknown_age_larceny_theft_offenses_theft_of_motor_vehicle_parts_accessories,arrestee_juvenile_gambling_offenses_sports_tampering,arrestee_juvenile_fraud_offenses_wire_fraud,arrestee_adult_gambling_offenses_sports_tampering,arrestee_juvenile_gambling_offenses_operating_promoting_assisting_gambling,arrestee_on_view_arrest_bribery,arrestee_on_view_arrest_fraud_offenses_welfare_fraud,arrestee_summoned_cited_pornography_obscene_material,arrestee_summoned_cited_sex_offenses_incest,arrestee_on_view_arrest_fraud_offenses_wire_fraud,arrestee_summoned_cited_fraud_offenses_wire_fraud,arrestee_on_view_arrest_negligent_manslaughter,arrestee_summoned_cited_negligent_manslaughter,arrestee_on_view_arrest_gambling_offenses_sports_tampering,victim_unknown_sex_bribery,victim_female_justifiable_homicide_not_a_crime,victim_male_fraud_offenses_welfare_fraud,victim_asian_stolen_property_offenses_receiving_selling_etc,victim_unknown_race_bribery,victim_asian_fraud_offenses_credit_card_atm_fraud,victim_asian_larceny_theft_offenses_theft_from_coin_operated_machine_or_device,victim_american_indian_sex_offenses_sodomy,victim_american_indian_murder_nonnegligent_manslaughter,victim_american_indian_sex_offenses_incest,victim_american_indian_negligent_manslaughter,victim_american_indian_larceny_theft_offenses_pocket_picking,victim_american_indian_extortion_blackmail,victim_unknown_ethnicity_bribery,victim_unknown_ethnicity_justifiable_homicide_not_a_crime,victim_hispanic_larceny_theft_offenses_purse_snatching,victim_not_hispanic_fraud_offenses_welfare_fraud,victim_hispanic_sex_offenses_incest,victim_hispanic_larceny_theft_offenses_pocket_picking,victim_hispanic_larceny_theft_offenses_shoplifting,victim_hispanic_fraud_offenses_impersonation,victim_hispanic_justifiable_homicide_not_a_crime,victim_hispanic_sex_offenses_sexual_assault_with_an_object,victim_juvenile_embezzlement,victim_unknown_age_bribery,victim_unknown_age_justifiable_homicide_not_a_crime,victim_minor_injury_extortion_blackmail,victim_minor_injury_sex_offenses_statutory_rape,victim_unknown_relationship_negligent_manslaughter,victim_other_relationship_justifiable_homicide_not_a_crime,victim_other_family_extortion_blackmail,victim_other_relationship_fraud_offenses_impersonation,victim_intimate_partner_larceny_theft_offenses_purse_snatching,victim_other_relationship_larceny_theft_offenses_pocket_picking,victim_other_family_larceny_theft_offenses_theft_of_motor_vehicle_parts_accessories,victim_intimate_partner_fraud_offenses_credit_card_atm_fraud,offense_prosecution_declined_fraud_offenses_welfare_fraud,offense_death_of_suspect_larceny_theft_offenses_shoplifting,offense_juvenile_no_custody_pornography_obscene_material,offense_juvenile_no_custody_fraud_offenses_wire_fraud,offense_juvenile_no_custody_larceny_theft_offenses_pocket_picking,offense_death_of_suspect_sex_offenses_criminal_sexual_contact_formerly_fondling_indecent_liberties_child_molest,offense_prosecution_declined_prostitution_offenses_assisting_or_promoting_prostitution,offense_death_of_suspect_sex_offenses_statutory_rape,offense_extradition_denied_embezzlement,offense_extradition_denied_fraud_offenses_impersonation,offense_prosecution_declined_justifiable_homicide_not_a_crime,offense_prosecution_declined_gambling_offenses_gambling_equipment_violations,offense_juvenile_no_custody_fraud_offenses_credit_card_atm_fraud,offense_juvenile_no_custody_prostitution_offenses_assisting_or_promoting_prostitution,offense_victim_refused_to_cooperate_fraud_offenses_welfare_fraud,offense_juvenile_no_custody_fraud_offenses_welfare_fraud,offense_death_of_suspect_weapon_law_violations_weapon_law_violations,offense_extradition_denied_weapon_law_violations_weapon_law_violations,offense_death_of_suspect_sex_offenses_sexual_assault_with_an_object,offense_death_of_suspect_pornography_obscene_material,offense_death_of_suspect_fraud_offenses_impersonation,offense_extradition_denied_drug_narcotic_offenses_drug_equipment_violations,offense_outside_fraud_offenses_welfare_fraud,offense_bar_nightclub_pornography_obscene_material,offense_bar_nightclub_extortion_blackmail,offense_school_pornography_obscene_material,offense_school_fraud_offenses_welfare_fraud,offense_school_gambling_offenses_operating_promoting_assisting_gambling,offense_outside_fraud_offenses_wire_fraud,offense_bar_nightclub_fraud_offenses_welfare_fraud,offense_bar_nightclub_negligent_manslaughter,offense_bar_nightclub_sex_offenses_sexual_assault_with_an_object,offense_na_weapon_law_violations_weapon_law_violations,offense_na_counterfeiting_forgery,offense_na_stolen_property_offenses_receiving_selling_etc,offender_asian_sex_offenses_sodomy,offender_asian_sex_offenses_sexual_assault_with_an_object,offender_asian_sex_offenses_statutory_rape,offender_american_indian_fraud_offenses_wire_fraud,offender_american_indian_prostitution_offenses_assisting_or_promoting_prostitution,offender_juvenile_prostitution_offenses_assisting_or_promoting_prostitution,offender_juvenile_fraud_offenses_welfare_fraud,offender_juvenile_bribery,arrestee_female_peeping_tom,arrestee_asian_gambling_offenses_operating_promoting_assisting_gambling,arrestee_unknown_race_assault_offenses_intimidation,arrestee_american_indian_sex_offenses_statutory_rape,arrestee_asian_pornography_obscene_material,arrestee_american_indian_pornography_obscene_material,arrestee_american_indian_kidnapping_abduction,arrestee_asian_kidnapping_abduction,arrestee_asian_sex_offenses_rape,arrestee_asian_sex_offenses_sexual_assault_with_an_object,arrestee_american_indian_fraud_offenses_wire_fraud,arrestee_american_indian_larceny_theft_offenses_pocket_picking,arrestee_unknown_race_drug_narcotic_offenses_drug_equipment_violations,arrestee_asian_extortion_blackmail,arrestee_unknown_race_fraud_offenses_welfare_fraud,arrestee_unknown_race_kidnapping_abduction,arrestee_unknown_race_larceny_theft_offenses_pocket_picking,arrestee_black_bribery,arrestee_unknown_race_bribery,arrestee_unknown_race_larceny_theft_offenses_theft_from_coin_operated_machine_or_device,arrestee_american_indian_prostitution_offenses_assisting_or_promoting_prostitution,arrestee_asian_prostitution_offenses_assisting_or_promoting_prostitution,arrestee_american_indian_peeping_tom,arrestee_american_indian_fraud_offenses_welfare_fraud,arrestee_hispanic_larceny_theft_offenses_theft_from_coin_operated_machine_or_device,arrestee_not_hispanic_bribery,arrestee_hispanic_peeping_tom,arrestee_hispanic_pornography_obscene_material,arrestee_juvenile_prostitution_offenses_assisting_or_promoting_prostitution,arrestee_juvenile_pornography_obscene_material,arrestee_unknown_age_weapon_law_violations_weapon_law_violations,arrestee_juvenile_fraud_offenses_welfare_fraud,arrestee_juvenile_bribery,arrestee_unknown_age_sex_offenses_rape,arrestee_unknown_age_sex_offenses_statutory_rape,arrestee_summoned_cited_prostitution_offenses_assisting_or_promoting_prostitution,arrestee_summoned_cited_bribery,victim_unknown_sex_sex_offenses_sexual_assault_with_an_object,victim_unknown_sex_sex_offenses_sodomy,victim_unknown_sex_fraud_offenses_welfare_fraud,victim_unknown_sex_negligent_manslaughter,victim_asian_fraud_offenses_impersonation,victim_asian_fraud_offenses_wire_fraud,victim_american_indian_sex_offenses_sexual_assault_with_an_object,victim_asian_justifiable_homicide_not_a_crime,victim_unknown_race_fraud_offenses_welfare_fraud,victim_black_fraud_offenses_welfare_fraud,victim_asian_fraud_offenses_welfare_fraud,victim_asian_larceny_theft_offenses_purse_snatching,victim_unknown_race_negligent_manslaughter,victim_asian_sex_offenses_incest,victim_hispanic_extortion_blackmail,victim_hispanic_fraud_offenses_wire_fraud,victim_hispanic_negligent_manslaughter,victim_juvenile_fraud_offenses_welfare_fraud,victim_unknown_age_fraud_offenses_welfare_fraud,victim_unknown_age_negligent_manslaughter,victim_minor_injury_sex_offenses_incest,victim_other_relationship_counterfeiting_forgery,victim_other_relationship_bribery,victim_stranger_fraud_offenses_welfare_fraud,victim_other_relationship_embezzlement,victim_intimate_partner_extortion_blackmail,victim_other_family_larceny_theft_offenses_purse_snatching,offense_gambling_offenses_sports_tampering,offense_juvenile_no_custody_extortion_blackmail,offense_prosecution_declined_negligent_manslaughter,offense_extradition_denied_sex_offenses_statutory_rape,offense_cleared_by_arrest_gambling_offenses_sports_tampering,not_cleared_gambling_offenses_sports_tampering,offense_extradition_denied_stolen_property_offenses_receiving_selling_etc,offense_home_gambling_offenses_sports_tampering,offense_other_unknown_location_gambling_offenses_sports_tampering,offense_outside_gambling_offenses_sports_tampering,offense_school_bribery,offense_na_drug_narcotic_offenses_drug_equipment_violations,offender_gambling_offenses_sports_tampering,offender_male_gambling_offenses_sports_tampering,offender_unknown_sex_gambling_offenses_sports_tampering,offender_american_indian_negligent_manslaughter,offender_american_indian_pornography_obscene_material,offender_black_gambling_offenses_sports_tampering,offender_unknown_race_gambling_offenses_sports_tampering,offender_american_indian_sex_offenses_sexual_assault_with_an_object,offender_asian_negligent_manslaughter,offender_american_indian_bribery,offender_adult_gambling_offenses_sports_tampering,offender_unknown_age_gambling_offenses_sports_tampering,arrestee_asian_larceny_theft_offenses_pocket_picking,arrestee_asian_bribery,arrestee_asian_sex_offenses_statutory_rape,arrestee_unknown_race_sex_offenses_sodomy,arrestee_hispanic_bribery,arrestee_unknown_age_fraud_offenses_credit_card_atm_fraud,arrestee_unknown_age_curfew_loitering_vagrancy_violations,arrestee_unknown_age_arson,arrestee_juvenile_gambling_offenses_gambling_equipment_violations,arrestee_unknown_age_sex_offenses_sodomy,victim_gambling_offenses_sports_tampering,victim_american_indian_fraud_offenses_impersonation,victim_american_indian_larceny_theft_offenses_theft_from_coin_operated_machine_or_device,victim_american_indian_fraud_offenses_credit_card_atm_fraud,victim_asian_negligent_manslaughter,victim_asian_sex_offenses_sexual_assault_with_an_object,victim_hispanic_bribery,victim_minor_injury_murder_nonnegligent_manslaughter,victim_other_family_larceny_theft_offenses_shoplifting,victim_unknown_relationship_justifiable_homicide_not_a_crime,victim_other_family_stolen_property_offenses_receiving_selling_etc,victim_intimate_partner_justifiable_homicide_not_a_crime,victim_intimate_partner_larceny_theft_offenses_shoplifting,offense_prosecution_declined_bribery,offense_extradition_denied_fraud_offenses_wire_fraud,offense_death_of_suspect_larceny_theft_offenses_theft_from_coin_operated_machine_or_device,offense_death_of_suspect_drug_narcotic_offenses_drug_equipment_violations,offense_extradition_denied_drug_narcotic_offenses_drug_narcotic_violations,offense_death_of_suspect_stolen_property_offenses_receiving_selling_etc,offense_school_prostitution_offenses_assisting_or_promoting_prostitution,offense_school_sex_offenses_incest,arrestee_asian_gambling_offenses_gambling_equipment_violations,arrestee_unknown_race_fraud_offenses_wire_fraud,arrestee_american_indian_sex_offenses_sexual_assault_with_an_object,arrestee_american_indian_negligent_manslaughter,arrestee_unknown_race_fraud_offenses_impersonation,arrestee_american_indian_sex_offenses_sodomy,arrestee_unknown_race_pornography_obscene_material,arrestee_hispanic_fraud_offenses_wire_fraud,arrestee_hispanic_gambling_offenses_gambling_equipment_violations,arrestee_unknown_age_embezzlement,arrestee_unknown_age_peeping_tom,arrestee_unknown_age_larceny_theft_offenses_theft_from_coin_operated_machine_or_device,arrestee_unknown_age_sex_offenses_incest,victim_american_indian_embezzlement,victim_juvenile_fraud_offenses_wire_fraud,victim_serious_injury_sex_offenses_incest,offense_death_of_suspect_prostitution_offenses_assisting_or_promoting_prostitution,offense_bar_nightclub_fraud_offenses_wire_fraud,offense_school_gambling_offenses_gambling_equipment_violations,offender_unknown_age_justifiable_homicide_not_a_crime,arrestee_american_indian_embezzlement,arrestee_american_indian_larceny_theft_offenses_purse_snatching,arrestee_unknown_race_extortion_blackmail,arrestee_unknown_race_prostitution_offenses_assisting_or_promoting_prostitution,arrestee_unknown_race_sex_offenses_sexual_assault_with_an_object,arrestee_unknown_race_sex_offenses_incest,arrestee_unknown_race_negligent_manslaughter,arrestee_asian_sex_offenses_sodomy,arrestee_hispanic_gambling_offenses_betting_wagering,arrestee_unknown_ethnicity_gambling_offenses_sports_tampering,arrestee_hispanic_gambling_offenses_operating_promoting_assisting_gambling,arrestee_unknown_age_fraud_offenses_welfare_fraud,arrestee_taken_into_custody_gambling_offenses_sports_tampering,victim_unknown_sex_fraud_offenses_wire_fraud,victim_asian_embezzlement,victim_american_indian_fraud_offenses_welfare_fraud,victim_asian_bribery,victim_hispanic_embezzlement,victim_intimate_partner_fraud_offenses_impersonation,offense_death_of_suspect_sex_offenses_incest,offense_death_of_suspect_extortion_blackmail,offense_extradition_denied_sex_offenses_incest,offender_asian_sex_offenses_incest,offender_juvenile_justifiable_homicide_not_a_crime,arrestee_asian_sex_offenses_incest,arrestee_unknown_race_gambling_offenses_betting_wagering,arrestee_asian_negligent_manslaughter,arrestee_adult_runaway,arrestee_unknown_age_sex_offenses_sexual_assault_with_an_object,arrestee_unknown_age_kidnapping_abduction,victim_american_indian_fraud_offenses_wire_fraud,victim_hispanic_larceny_theft_offenses_theft_from_coin_operated_machine_or_device,victim_juvenile_justifiable_homicide_not_a_crime,victim_other_family_larceny_theft_offenses_pocket_picking,offense_death_of_suspect_fraud_offenses_welfare_fraud,offense_extradition_denied_larceny_theft_offenses_purse_snatching,offense_juvenile_no_custody_gambling_offenses_betting_wagering,offense_bar_nightclub_sex_offenses_statutory_rape,offense_bar_nightclub_bribery,offender_white_gambling_offenses_sports_tampering,arrestee_unknown_race_larceny_theft_offenses_purse_snatching,arrestee_american_indian_extortion_blackmail,arrestee_unknown_age_fraud_offenses_impersonation,arrestee_unknown_age_larceny_theft_offenses_purse_snatching,arrestee_unknown_age_extortion_blackmail,victim_unknown_sex_justifiable_homicide_not_a_crime,victim_unknown_race_justifiable_homicide_not_a_crime,victim_juvenile_bribery,victim_serious_injury_sex_offenses_statutory_rape,victim_stranger_bribery,victim_intimate_partner_bribery,victim_intimate_partner_embezzlement,offense_extradition_denied_murder_nonnegligent_manslaughter,offense_extradition_denied_negligent_manslaughter,offense_extradition_denied_gambling_offenses_betting_wagering,offense_extradition_denied_bribery,offense_bar_nightclub_sex_offenses_incest,offense_na_gambling_offenses_gambling_equipment_violations,offender_female_gambling_offenses_sports_tampering,offender_asian_justifiable_homicide_not_a_crime,arrestee_unknown_age_pornography_obscene_material,victim_hispanic_fraud_offenses_welfare_fraud,victim_other_family_fraud_offenses_impersonation,victim_stranger_embezzlement,offense_extradition_denied_pornography_obscene_material,offense_death_of_suspect_fraud_offenses_wire_fraud,offense_extradition_denied_larceny_theft_offenses_pocket_picking,offense_bar_nightclub_gambling_offenses_sports_tampering,arrestee_american_indian_bribery,arrestee_unknown_age_larceny_theft_offenses_pocket_picking,arrestee_unknown_age_gambling_offenses_operating_promoting_assisting_gambling,victim_intimate_partner_fraud_offenses_wire_fraud,victim_other_family_embezzlement,victim_other_relationship_fraud_offenses_wire_fraud,victim_intimate_partner_larceny_theft_offenses_theft_from_coin_operated_machine_or_device,offense_death_of_suspect_prostitution_offenses_prostitution,offense_death_of_suspect_negligent_manslaughter,offense_victim_refused_to_cooperate_bribery,offender_american_indian_gambling_offenses_gambling_equipment_violations,arrestee_american_indian_gambling_offenses_operating_promoting_assisting_gambling,arrestee_unknown_age_gambling_offenses_gambling_equipment_violations,arrestee_unknown_age_prostitution_offenses_prostitution,victim_american_indian_bribery,victim_other_family_bribery,victim_other_relationship_larceny_theft_offenses_theft_from_coin_operated_machine_or_device,offense_extradition_denied_prostitution_offenses_prostitution,arrestee_unknown_race_gambling_offenses_gambling_equipment_violations,offense_extradition_denied_extortion_blackmail,offense_school_justifiable_homicide_not_a_crime,offense_school_negligent_manslaughter,arrestee_hispanic_gambling_offenses_sports_tampering,offense_extradition_denied_fraud_offenses_welfare_fraud,arrestee_american_indian_gambling_offenses_gambling_equipment_violations,arrestee_summoned_cited_gambling_offenses_sports_tampering,victim_stranger_fraud_offenses_wire_fraud,victim_other_relationship_fraud_offenses_welfare_fraud,victim_other_family_fraud_offenses_welfare_fraud,offense_juvenile_no_custody_murder_nonnegligent_manslaughter,arrestee_asian_fraud_offenses_welfare_fraud,victim_intimate_partner_fraud_offenses_welfare_fraud,offense_juvenile_no_custody_gambling_offenses_operating_promoting_assisting_gambling,arrestee_asian_gambling_offenses_sports_tampering,victim_serious_injury_negligent_manslaughter,offense_victim_refused_to_cooperate_gambling_offenses_operating_promoting_assisting_gambling,offense_prosecution_declined_gambling_offenses_sports_tampering,offense_death_of_suspect_gambling_offenses_betting_wagering,offender_juvenile_gambling_offenses_sports_tampering,victim_american_indian_justifiable_homicide_not_a_crime,offense_extradition_denied_justifiable_homicide_not_a_crime,offense_extradition_denied_gambling_offenses_operating_promoting_assisting_gambling,victim_other_family_larceny_theft_offenses_theft_from_coin_operated_machine_or_device,offense_extradition_denied_prostitution_offenses_assisting_or_promoting_prostitution,offense_death_of_suspect_gambling_offenses_operating_promoting_assisting_gambling,offender_american_indian_justifiable_homicide_not_a_crime,arrestee_unknown_age_runaway,victim_other_family_fraud_offenses_wire_fraud,offense_school_gambling_offenses_sports_tampering,arrestee_unknown_age_bribery,offense_prostitution_offenses_purchasing_prostitution,offense_human_trafficking_commercial_sex_acts,offense_no_gun_human_trafficking_commercial_sex_acts,offense_cleared_by_arrest_prostitution_offenses_purchasing_prostitution,offense_victim_refused_to_cooperate_prostitution_offenses_purchasing_prostitution,offense_extradition_denied_gambling_offenses_gambling_equipment_violations,not_cleared_prostitution_offenses_purchasing_prostitution,offense_cleared_by_arrest_human_trafficking_commercial_sex_acts,not_cleared_human_trafficking_commercial_sex_acts,offense_outside_prostitution_offenses_purchasing_prostitution,offense_other_unknown_location_prostitution_offenses_purchasing_prostitution,offense_home_prostitution_offenses_purchasing_prostitution,offense_school_prostitution_offenses_purchasing_prostitution,offense_home_human_trafficking_commercial_sex_acts,offense_other_unknown_location_human_trafficking_commercial_sex_acts,offense_school_human_trafficking_commercial_sex_acts,offender_prostitution_offenses_purchasing_prostitution,offender_human_trafficking_commercial_sex_acts,offender_female_prostitution_offenses_purchasing_prostitution,offender_male_prostitution_offenses_purchasing_prostitution,offender_unknown_sex_prostitution_offenses_purchasing_prostitution,offender_male_human_trafficking_commercial_sex_acts,offender_female_human_trafficking_commercial_sex_acts,offender_black_prostitution_offenses_purchasing_prostitution,offender_white_prostitution_offenses_purchasing_prostitution,offender_unknown_race_prostitution_offenses_purchasing_prostitution,offender_white_human_trafficking_commercial_sex_acts,offender_asian_prostitution_offenses_purchasing_prostitution,offender_black_human_trafficking_commercial_sex_acts,offender_adult_prostitution_offenses_purchasing_prostitution,offender_unknown_age_prostitution_offenses_purchasing_prostitution,offender_adult_human_trafficking_commercial_sex_acts,arrestee_prostitution_offenses_purchasing_prostitution,arrestee_human_trafficking_commercial_sex_acts,arrestee_female_prostitution_offenses_purchasing_prostitution,arrestee_male_prostitution_offenses_purchasing_prostitution,arrestee_male_human_trafficking_commercial_sex_acts,arrestee_black_prostitution_offenses_purchasing_prostitution,arrestee_white_prostitution_offenses_purchasing_prostitution,arrestee_white_human_trafficking_commercial_sex_acts,arrestee_asian_prostitution_offenses_purchasing_prostitution,arrestee_unknown_race_prostitution_offenses_purchasing_prostitution,arrestee_hispanic_prostitution_offenses_purchasing_prostitution,arrestee_not_hispanic_prostitution_offenses_purchasing_prostitution,arrestee_hispanic_human_trafficking_commercial_sex_acts,arrestee_adult_prostitution_offenses_purchasing_prostitution,arrestee_adult_human_trafficking_commercial_sex_acts,arrestee_on_view_arrest_prostitution_offenses_purchasing_prostitution,arrestee_summoned_cited_prostitution_offenses_purchasing_prostitution,arrestee_taken_into_custody_prostitution_offenses_purchasing_prostitution,arrestee_on_view_arrest_human_trafficking_commercial_sex_acts,victim_prostitution_offenses_purchasing_prostitution,victim_human_trafficking_commercial_sex_acts,victim_female_human_trafficking_commercial_sex_acts,victim_white_human_trafficking_commercial_sex_acts,victim_black_human_trafficking_commercial_sex_acts,victim_hispanic_human_trafficking_commercial_sex_acts,victim_not_hispanic_human_trafficking_commercial_sex_acts,victim_juvenile_human_trafficking_commercial_sex_acts,victim_adult_human_trafficking_commercial_sex_acts,victim_no_injury_human_trafficking_commercial_sex_acts,victim_minor_injury_human_trafficking_commercial_sex_acts,victim_other_relationship_human_trafficking_commercial_sex_acts,victim_intimate_partner_human_trafficking_commercial_sex_acts,victim_unknown_relationship_human_trafficking_commercial_sex_acts,offense_human_trafficking_involuntary_servitude,offense_no_gun_human_trafficking_involuntary_servitude,offense_handgun_human_trafficking_involuntary_servitude,offense_handgun_human_trafficking_commercial_sex_acts,offense_other_unknown_gun_human_trafficking_commercial_sex_acts,not_cleared_human_trafficking_involuntary_servitude,offense_extradition_denied_human_trafficking_commercial_sex_acts,offense_prosecution_declined_prostitution_offenses_purchasing_prostitution,offense_cleared_by_arrest_human_trafficking_involuntary_servitude,offense_death_of_suspect_gambling_offenses_gambling_equipment_violations,offense_outside_human_trafficking_commercial_sex_acts,offense_home_human_trafficking_involuntary_servitude,offense_outside_human_trafficking_involuntary_servitude,offense_other_unknown_location_human_trafficking_involuntary_servitude,offender_human_trafficking_involuntary_servitude,offender_male_human_trafficking_involuntary_servitude,offender_unknown_sex_human_trafficking_commercial_sex_acts,offender_female_human_trafficking_involuntary_servitude,offender_black_human_trafficking_involuntary_servitude,offender_white_human_trafficking_involuntary_servitude,offender_american_indian_prostitution_offenses_purchasing_prostitution,offender_unknown_race_human_trafficking_commercial_sex_acts,offender_adult_human_trafficking_involuntary_servitude,offender_unknown_age_human_trafficking_commercial_sex_acts,offender_juvenile_human_trafficking_commercial_sex_acts,arrestee_human_trafficking_involuntary_servitude,arrestee_female_human_trafficking_involuntary_servitude,arrestee_male_human_trafficking_involuntary_servitude,arrestee_female_human_trafficking_commercial_sex_acts,arrestee_black_human_trafficking_commercial_sex_acts,arrestee_black_human_trafficking_involuntary_servitude,arrestee_white_human_trafficking_involuntary_servitude,arrestee_unknown_race_human_trafficking_commercial_sex_acts,arrestee_not_hispanic_human_trafficking_commercial_sex_acts,arrestee_unknown_ethnicity_prostitution_offenses_purchasing_prostitution,arrestee_not_hispanic_human_trafficking_involuntary_servitude,arrestee_unknown_age_fraud_offenses_wire_fraud,arrestee_adult_human_trafficking_involuntary_servitude,arrestee_taken_into_custody_human_trafficking_commercial_sex_acts,arrestee_on_view_arrest_human_trafficking_involuntary_servitude,arrestee_taken_into_custody_human_trafficking_involuntary_servitude,victim_human_trafficking_involuntary_servitude,victim_female_human_trafficking_involuntary_servitude,victim_unknown_sex_human_trafficking_commercial_sex_acts,victim_white_human_trafficking_involuntary_servitude,victim_unknown_race_human_trafficking_commercial_sex_acts,victim_black_human_trafficking_involuntary_servitude,victim_not_hispanic_human_trafficking_involuntary_servitude,victim_unknown_ethnicity_human_trafficking_commercial_sex_acts,victim_adult_human_trafficking_involuntary_servitude,victim_juvenile_human_trafficking_involuntary_servitude,victim_unknown_age_human_trafficking_commercial_sex_acts,victim_minor_injury_human_trafficking_involuntary_servitude,victim_no_injury_human_trafficking_involuntary_servitude,victim_serious_injury_human_trafficking_commercial_sex_acts,victim_intimate_partner_human_trafficking_involuntary_servitude,victim_other_relationship_human_trafficking_involuntary_servitude,victim_stranger_human_trafficking_commercial_sex_acts,offense_fraud_offenses_identity_theft,offense_animal_cruelty,offense_fraud_offenses_hacking_computer_invasion,offense_cleared_by_arrest_fraud_offenses_identity_theft,offense_prosecution_declined_human_trafficking_commercial_sex_acts,offense_cleared_by_arrest_animal_cruelty,not_cleared_fraud_offenses_identity_theft,not_cleared_animal_cruelty,offense_prosecution_declined_fraud_offenses_identity_theft,not_cleared_fraud_offenses_hacking_computer_invasion,offense_extradition_denied_fraud_offenses_identity_theft,offense_cleared_by_arrest_fraud_offenses_hacking_computer_invasion,offense_victim_refused_to_cooperate_human_trafficking_commercial_sex_acts,offense_other_unknown_location_fraud_offenses_identity_theft,offense_bar_nightclub_human_trafficking_commercial_sex_acts,offense_home_animal_cruelty,offense_home_fraud_offenses_identity_theft,offense_outside_fraud_offenses_identity_theft,offense_home_fraud_offenses_hacking_computer_invasion,offense_other_unknown_location_fraud_offenses_hacking_computer_invasion,offense_bar_nightclub_fraud_offenses_identity_theft,offense_school_fraud_offenses_identity_theft,offense_abuse_torture_animal_cruelty,offender_fraud_offenses_identity_theft,offender_animal_cruelty,offender_fraud_offenses_hacking_computer_invasion,offender_female_fraud_offenses_identity_theft,offender_male_fraud_offenses_identity_theft,offender_male_animal_cruelty,offender_unknown_sex_animal_cruelty,offender_unknown_sex_fraud_offenses_identity_theft,offender_female_fraud_offenses_hacking_computer_invasion,offender_male_fraud_offenses_hacking_computer_invasion,offender_unknown_sex_fraud_offenses_hacking_computer_invasion,offender_unknown_sex_human_trafficking_involuntary_servitude,offender_female_animal_cruelty,offender_black_fraud_offenses_identity_theft,offender_white_animal_cruelty,offender_unknown_race_animal_cruelty,offender_unknown_race_fraud_offenses_identity_theft,offender_white_fraud_offenses_identity_theft,offender_white_fraud_offenses_hacking_computer_invasion,offender_unknown_race_fraud_offenses_hacking_computer_invasion,offender_black_fraud_offenses_hacking_computer_invasion,offender_asian_fraud_offenses_hacking_computer_invasion,offender_asian_human_trafficking_commercial_sex_acts,offender_asian_human_trafficking_involuntary_servitude,offender_american_indian_fraud_offenses_identity_theft,offender_unknown_race_human_trafficking_involuntary_servitude,offender_asian_fraud_offenses_identity_theft,offender_adult_fraud_offenses_identity_theft,offender_adult_animal_cruelty,offender_unknown_age_animal_cruelty,offender_unknown_age_fraud_offenses_identity_theft,offender_juvenile_fraud_offenses_identity_theft,offender_adult_fraud_offenses_hacking_computer_invasion,offender_juvenile_fraud_offenses_hacking_computer_invasion,offender_unknown_age_fraud_offenses_hacking_computer_invasion,offender_juvenile_prostitution_offenses_purchasing_prostitution,offender_unknown_age_human_trafficking_involuntary_servitude,arrestee_animal_cruelty,arrestee_fraud_offenses_identity_theft,arrestee_fraud_offenses_hacking_computer_invasion,arrestee_male_animal_cruelty,arrestee_female_fraud_offenses_identity_theft,arrestee_male_fraud_offenses_identity_theft,arrestee_female_fraud_offenses_hacking_computer_invasion,arrestee_male_fraud_offenses_hacking_computer_invasion,arrestee_female_animal_cruelty,arrestee_white_animal_cruelty,arrestee_white_fraud_offenses_identity_theft,arrestee_black_fraud_offenses_identity_theft,arrestee_white_fraud_offenses_hacking_computer_invasion,arrestee_unknown_race_fraud_offenses_identity_theft,arrestee_american_indian_fraud_offenses_identity_theft,arrestee_asian_human_trafficking_commercial_sex_acts,arrestee_hispanic_human_trafficking_involuntary_servitude,arrestee_not_hispanic_animal_cruelty,arrestee_not_hispanic_fraud_offenses_identity_theft,arrestee_not_hispanic_fraud_offenses_hacking_computer_invasion,arrestee_unknown_ethnicity_fraud_offenses_identity_theft,arrestee_unknown_ethnicity_human_trafficking_commercial_sex_acts,arrestee_hispanic_fraud_offenses_identity_theft,arrestee_adult_animal_cruelty,arrestee_adult_fraud_offenses_identity_theft,arrestee_adult_fraud_offenses_hacking_computer_invasion,arrestee_taken_into_custody_animal_cruelty,arrestee_taken_into_custody_fraud_offenses_identity_theft,arrestee_on_view_arrest_fraud_offenses_identity_theft,arrestee_taken_into_custody_fraud_offenses_hacking_computer_invasion,arrestee_summoned_cited_fraud_offenses_identity_theft,arrestee_summoned_cited_animal_cruelty,victim_fraud_offenses_identity_theft,victim_animal_cruelty,victim_fraud_offenses_hacking_computer_invasion,victim_male_fraud_offenses_identity_theft,victim_unknown_sex_human_trafficking_involuntary_servitude,victim_female_fraud_offenses_identity_theft,victim_unknown_sex_fraud_offenses_identity_theft,victim_female_fraud_offenses_hacking_computer_invasion,victim_male_fraud_offenses_hacking_computer_invasion,victim_male_human_trafficking_commercial_sex_acts,victim_white_fraud_offenses_identity_theft,victim_unknown_race_human_trafficking_involuntary_servitude,victim_unknown_race_fraud_offenses_identity_theft,victim_black_fraud_offenses_identity_theft,victim_white_fraud_offenses_hacking_computer_invasion,victim_american_indian_fraud_offenses_identity_theft,victim_asian_fraud_offenses_identity_theft,victim_asian_human_trafficking_commercial_sex_acts,victim_asian_human_trafficking_involuntary_servitude,victim_not_hispanic_fraud_offenses_identity_theft,victim_unknown_ethnicity_human_trafficking_involuntary_servitude,victim_hispanic_fraud_offenses_identity_theft,victim_unknown_ethnicity_fraud_offenses_identity_theft,victim_not_hispanic_fraud_offenses_hacking_computer_invasion,victim_adult_fraud_offenses_identity_theft,victim_unknown_age_fraud_offenses_identity_theft,victim_adult_fraud_offenses_hacking_computer_invasion,victim_juvenile_fraud_offenses_identity_theft,victim_juvenile_fraud_offenses_hacking_computer_invasion,victim_serious_injury_human_trafficking_involuntary_servitude,victim_unknown_relationship_fraud_offenses_identity_theft,victim_stranger_human_trafficking_involuntary_servitude,victim_unknown_relationship_fraud_offenses_hacking_computer_invasion,victim_other_family_fraud_offenses_identity_theft,victim_unknown_relationship_human_trafficking_involuntary_servitude,victim_other_family_human_trafficking_commercial_sex_acts,victim_other_relationship_fraud_offenses_identity_theft,offense_victim_refused_to_cooperate_fraud_offenses_identity_theft,offense_death_of_suspect_fraud_offenses_identity_theft,offense_prosecution_declined_animal_cruelty,offense_victim_refused_to_cooperate_animal_cruelty,offense_prosecution_declined_fraud_offenses_hacking_computer_invasion,offense_victim_refused_to_cooperate_fraud_offenses_hacking_computer_invasion,offense_extradition_denied_fraud_offenses_hacking_computer_invasion,offense_juvenile_no_custody_animal_cruelty,offense_victim_refused_to_cooperate_human_trafficking_involuntary_servitude,offense_other_unknown_location_animal_cruelty,offense_outside_animal_cruelty,offense_school_animal_cruelty,offense_outside_fraud_offenses_hacking_computer_invasion,offense_school_fraud_offenses_hacking_computer_invasion,offense_bar_nightclub_prostitution_offenses_purchasing_prostitution,offense_bar_nightclub_human_trafficking_involuntary_servitude,offense_neglect_animal_cruelty,offense_animal_fighting_animal_cruelty,offense_bestiality_animal_cruelty,offender_american_indian_human_trafficking_involuntary_servitude,offender_black_animal_cruelty,offender_asian_animal_cruelty,offender_american_indian_animal_cruelty,offender_asian_gambling_offenses_sports_tampering,offender_american_indian_fraud_offenses_hacking_computer_invasion,offender_juvenile_animal_cruelty,offender_juvenile_human_trafficking_involuntary_servitude,arrestee_american_indian_human_trafficking_involuntary_servitude,arrestee_black_animal_cruelty,arrestee_unknown_race_animal_cruelty,arrestee_asian_fraud_offenses_identity_theft,arrestee_black_fraud_offenses_hacking_computer_invasion,arrestee_american_indian_prostitution_offenses_purchasing_prostitution,arrestee_unknown_race_fraud_offenses_hacking_computer_invasion,arrestee_american_indian_animal_cruelty,arrestee_hispanic_fraud_offenses_hacking_computer_invasion,arrestee_unknown_ethnicity_animal_cruelty,arrestee_hispanic_animal_cruelty,arrestee_unknown_ethnicity_fraud_offenses_hacking_computer_invasion,arrestee_juvenile_animal_cruelty,arrestee_juvenile_fraud_offenses_identity_theft,arrestee_unknown_age_fraud_offenses_identity_theft,arrestee_juvenile_fraud_offenses_hacking_computer_invasion,arrestee_juvenile_human_trafficking_commercial_sex_acts,arrestee_summoned_cited_fraud_offenses_hacking_computer_invasion,arrestee_on_view_arrest_animal_cruelty,arrestee_on_view_arrest_fraud_offenses_hacking_computer_invasion,arrestee_summoned_cited_human_trafficking_commercial_sex_acts,victim_male_human_trafficking_involuntary_servitude,victim_male_animal_cruelty,victim_unknown_sex_fraud_offenses_hacking_computer_invasion,victim_unknown_race_animal_cruelty,victim_black_fraud_offenses_hacking_computer_invasion,victim_unknown_race_fraud_offenses_hacking_computer_invasion,victim_asian_fraud_offenses_hacking_computer_invasion,victim_american_indian_fraud_offenses_hacking_computer_invasion,victim_american_indian_human_trafficking_commercial_sex_acts,victim_hispanic_human_trafficking_involuntary_servitude,victim_hispanic_fraud_offenses_hacking_computer_invasion,victim_unknown_ethnicity_animal_cruelty,victim_unknown_ethnicity_fraud_offenses_hacking_computer_invasion,victim_juvenile_animal_cruelty,victim_unknown_age_fraud_offenses_hacking_computer_invasion,victim_stranger_fraud_offenses_identity_theft,victim_unknown_relationship_animal_cruelty,victim_intimate_partner_fraud_offenses_identity_theft,victim_stranger_fraud_offenses_hacking_computer_invasion,victim_other_relationship_fraud_offenses_hacking_computer_invasion,victim_other_family_human_trafficking_involuntary_servitude,victim_intimate_partner_fraud_offenses_hacking_computer_invasion,offense_other_unknown_gun_human_trafficking_involuntary_servitude,offense_extradition_denied_animal_cruelty,offense_prosecution_declined_human_trafficking_involuntary_servitude,offense_death_of_suspect_bribery,offense_juvenile_no_custody_fraud_offenses_identity_theft,offense_death_of_suspect_animal_cruelty,offense_bar_nightclub_animal_cruelty,offense_bar_nightclub_fraud_offenses_hacking_computer_invasion,offender_unknown_sex_justifiable_homicide_not_a_crime,offender_american_indian_human_trafficking_commercial_sex_acts,offender_unknown_race_justifiable_homicide_not_a_crime,arrestee_asian_animal_cruelty,arrestee_asian_fraud_offenses_hacking_computer_invasion,arrestee_american_indian_human_trafficking_commercial_sex_acts,arrestee_unknown_ethnicity_human_trafficking_involuntary_servitude,arrestee_juvenile_human_trafficking_involuntary_servitude,arrestee_juvenile_prostitution_offenses_purchasing_prostitution,arrestee_summoned_cited_human_trafficking_involuntary_servitude,victim_unknown_age_human_trafficking_involuntary_servitude,victim_other_family_fraud_offenses_hacking_computer_invasion,offense_juvenile_no_custody_fraud_offenses_hacking_computer_invasion,offense_school_human_trafficking_involuntary_servitude,arrestee_american_indian_fraud_offenses_hacking_computer_invasion,victim_american_indian_human_trafficking_involuntary_servitude,offense_death_of_suspect_fraud_offenses_hacking_computer_invasion,offense_juvenile_no_custody_bribery,offense_extradition_denied_human_trafficking_involuntary_servitude,offense_victim_refused_to_cooperate_justifiable_homicide_not_a_crime,offense_death_of_suspect_human_trafficking_involuntary_servitude,arrestee_asian_human_trafficking_involuntary_servitude,arrestee_unknown_race_human_trafficking_involuntary_servitude,offense_juvenile_no_custody_justifiable_homicide_not_a_crime,offense_extradition_denied_prostitution_offenses_purchasing_prostitution,offense_death_of_suspect_human_trafficking_commercial_sex_acts,arrestee_bond_default_failure_to_appear,arrestee_female_bond_default_failure_to_appear,arrestee_american_indian_bond_default_failure_to_appear,arrestee_not_hispanic_bond_default_failure_to_appear,arrestee_unknown_age_prostitution_offenses_purchasing_prostitution,arrestee_unknown_age_animal_cruelty,arrestee_adult_bond_default_failure_to_appear,arrestee_taken_into_custody_bond_default_failure_to_appear,offense_commerce_violations_federal_liquor_offenses,offense_weapon_law_violations_explosives,offense_sex_offenses_failure_to_register_as_a_sex_offender,offense_fugitive_offenses_flight_to_avoid_prosecution,offense_fugitive_offenses_harboring_escapee_concealing_from_arrest,offense_fugitive_offenses_flight_to_avoid_deportation,offense_immigration_violations_illegal_entry_into_the_united_states,offense_commerce_violations_federal_tobacco_offenses,offense_weapon_law_violations_violation_of_national_firearm_act_of_1934,offense_no_gun_weapon_law_violations_explosives,offense_cleared_by_arrest_commerce_violations_federal_liquor_offenses,not_cleared_commerce_violations_federal_liquor_offenses,not_cleared_weapon_law_violations_explosives,not_cleared_sex_offenses_failure_to_register_as_a_sex_offender,offense_cleared_by_arrest_fugitive_offenses_flight_to_avoid_prosecution,offense_cleared_by_arrest_fugitive_offenses_harboring_escapee_concealing_from_arrest,offense_juvenile_no_custody_human_trafficking_commercial_sex_acts,offense_cleared_by_arrest_sex_offenses_failure_to_register_as_a_sex_offender,offense_juvenile_no_custody_prostitution_offenses_purchasing_prostitution,offense_juvenile_no_custody_gambling_offenses_gambling_equipment_violations,offense_juvenile_no_custody_fugitive_offenses_flight_to_avoid_deportation,offense_extradition_denied_fugitive_offenses_flight_to_avoid_prosecution,not_cleared_fugitive_offenses_flight_to_avoid_prosecution,not_cleared_immigration_violations_illegal_entry_into_the_united_states,offense_extradition_denied_commerce_violations_federal_liquor_offenses,offense_juvenile_no_custody_commerce_violations_federal_liquor_offenses,offense_juvenile_no_custody_commerce_violations_federal_tobacco_offenses,offense_juvenile_no_custody_fugitive_offenses_flight_to_avoid_prosecution,not_cleared_weapon_law_violations_violation_of_national_firearm_act_of_1934,offense_home_commerce_violations_federal_liquor_offenses,offense_outside_commerce_violations_federal_liquor_offenses,offense_other_unknown_location_commerce_violations_federal_liquor_offenses,offense_outside_weapon_law_violations_explosives,offense_other_unknown_location_sex_offenses_failure_to_register_as_a_sex_offender,offense_other_unknown_location_fugitive_offenses_flight_to_avoid_prosecution,offense_outside_fugitive_offenses_flight_to_avoid_prosecution,offense_other_unknown_location_fugitive_offenses_harboring_escapee_concealing_from_arrest,offense_home_sex_offenses_failure_to_register_as_a_sex_offender,offense_school_sex_offenses_failure_to_register_as_a_sex_offender,offense_outside_fugitive_offenses_flight_to_avoid_deportation,offense_other_unknown_location_immigration_violations_illegal_entry_into_the_united_states,offense_bar_nightclub_commerce_violations_federal_liquor_offenses,offense_school_commerce_violations_federal_liquor_offenses,offense_school_commerce_violations_federal_tobacco_offenses,offense_home_fugitive_offenses_flight_to_avoid_prosecution,offense_school_fugitive_offenses_flight_to_avoid_prosecution,offense_other_unknown_location_weapon_law_violations_explosives,offense_home_weapon_law_violations_violation_of_national_firearm_act_of_1934,offense_buy_possess_consume_commerce_violations_federal_liquor_offenses,offense_sell_create_assist_commerce_violations_federal_liquor_offenses,offense_buy_possess_consume_weapon_law_violations_explosives,offense_buy_possess_consume_commerce_violations_federal_tobacco_offenses,offense_sell_create_assist_weapon_law_violations_explosives,offender_commerce_violations_federal_liquor_offenses,offender_weapon_law_violations_explosives,offender_sex_offenses_failure_to_register_as_a_sex_offender,offender_fugitive_offenses_flight_to_avoid_prosecution,offender_fugitive_offenses_harboring_escapee_concealing_from_arrest,offender_fugitive_offenses_flight_to_avoid_deportation,offender_immigration_violations_illegal_entry_into_the_united_states,offender_commerce_violations_federal_tobacco_offenses,offender_weapon_law_violations_violation_of_national_firearm_act_of_1934,offender_male_commerce_violations_federal_liquor_offenses,offender_unknown_sex_commerce_violations_federal_liquor_offenses,offender_unknown_sex_weapon_law_violations_explosives,offender_male_sex_offenses_failure_to_register_as_a_sex_offender,offender_female_fugitive_offenses_flight_to_avoid_prosecution,offender_male_fugitive_offenses_flight_to_avoid_prosecution,offender_female_fugitive_offenses_harboring_escapee_concealing_from_arrest,offender_female_sex_offenses_failure_to_register_as_a_sex_offender,offender_male_fugitive_offenses_flight_to_avoid_deportation,offender_unknown_sex_fugitive_offenses_flight_to_avoid_prosecution,offender_female_commerce_violations_federal_liquor_offenses,offender_female_immigration_violations_illegal_entry_into_the_united_states,offender_male_immigration_violations_illegal_entry_into_the_united_states,offender_unknown_sex_immigration_violations_illegal_entry_into_the_united_states,offender_male_commerce_violations_federal_tobacco_offenses,offender_female_weapon_law_violations_explosives,offender_unknown_sex_weapon_law_violations_violation_of_national_firearm_act_of_1934,offender_american_indian_commerce_violations_federal_liquor_offenses,offender_unknown_race_commerce_violations_federal_liquor_offenses,offender_unknown_race_weapon_law_violations_explosives,offender_american_indian_sex_offenses_failure_to_register_as_a_sex_offender,offender_american_indian_fugitive_offenses_flight_to_avoid_prosecution,offender_asian_fugitive_offenses_flight_to_avoid_prosecution,offender_black_fugitive_offenses_flight_to_avoid_prosecution,offender_white_fugitive_offenses_flight_to_avoid_prosecution,offender_white_fugitive_offenses_harboring_escapee_concealing_from_arrest,offender_unknown_race_sex_offenses_failure_to_register_as_a_sex_offender,offender_white_fugitive_offenses_flight_to_avoid_deportation,offender_unknown_race_fugitive_offenses_flight_to_avoid_prosecution,offender_white_commerce_violations_federal_liquor_offenses,offender_unknown_race_immigration_violations_illegal_entry_into_the_united_states,offender_white_immigration_violations_illegal_entry_into_the_united_states,offender_black_commerce_violations_federal_liquor_offenses,offender_american_indian_commerce_violations_federal_tobacco_offenses,offender_american_indian_weapon_law_violations_explosives,offender_unknown_race_weapon_law_violations_violation_of_national_firearm_act_of_1934,offender_adult_commerce_violations_federal_liquor_offenses,offender_unknown_age_commerce_violations_federal_liquor_offenses,offender_unknown_age_weapon_law_violations_explosives,offender_adult_sex_offenses_failure_to_register_as_a_sex_offender,offender_adult_fugitive_offenses_flight_to_avoid_prosecution,offender_adult_fugitive_offenses_harboring_escapee_concealing_from_arrest,offender_juvenile_fugitive_offenses_flight_to_avoid_deportation,offender_unknown_age_fugitive_offenses_flight_to_avoid_prosecution,offender_juvenile_commerce_violations_federal_liquor_offenses,offender_adult_immigration_violations_illegal_entry_into_the_united_states,offender_unknown_age_immigration_violations_illegal_entry_into_the_united_states,offender_juvenile_commerce_violations_federal_tobacco_offenses,offender_juvenile_fugitive_offenses_flight_to_avoid_prosecution,offender_adult_weapon_law_violations_explosives,offender_unknown_age_weapon_law_violations_violation_of_national_firearm_act_of_1934,arrestee_commerce_violations_federal_liquor_offenses,arrestee_federal_resource_violations,arrestee_fugitive_offenses_flight_to_avoid_prosecution,arrestee_fugitive_offenses_harboring_escapee_concealing_from_arrest,arrestee_sex_offenses_failure_to_register_as_a_sex_offender,arrestee_male_commerce_violations_federal_liquor_offenses,arrestee_male_bond_default_failure_to_appear,arrestee_male_federal_resource_violations,arrestee_female_fugitive_offenses_flight_to_avoid_prosecution,arrestee_male_fugitive_offenses_flight_to_avoid_prosecution,arrestee_female_fugitive_offenses_harboring_escapee_concealing_from_arrest,arrestee_male_sex_offenses_failure_to_register_as_a_sex_offender,arrestee_female_sex_offenses_failure_to_register_as_a_sex_offender,arrestee_female_federal_resource_violations,arrestee_american_indian_commerce_violations_federal_liquor_offenses,arrestee_american_indian_federal_resource_violations,arrestee_white_bond_default_failure_to_appear,arrestee_asian_bond_default_failure_to_appear,arrestee_black_bond_default_failure_to_appear,arrestee_american_indian_fugitive_offenses_flight_to_avoid_prosecution,arrestee_asian_fugitive_offenses_flight_to_avoid_prosecution,arrestee_black_fugitive_offenses_flight_to_avoid_prosecution,arrestee_white_fugitive_offenses_flight_to_avoid_prosecution,arrestee_white_fugitive_offenses_harboring_escapee_concealing_from_arrest,arrestee_unknown_race_bond_default_failure_to_appear,arrestee_unknown_race_sex_offenses_failure_to_register_as_a_sex_offender,arrestee_american_indian_sex_offenses_failure_to_register_as_a_sex_offender,arrestee_unknown_race_federal_resource_violations,arrestee_black_commerce_violations_federal_liquor_offenses,arrestee_unknown_ethnicity_commerce_violations_federal_liquor_offenses,arrestee_hispanic_bond_default_failure_to_appear,arrestee_not_hispanic_federal_resource_violations,arrestee_unknown_ethnicity_federal_resource_violations,arrestee_hispanic_fugitive_offenses_flight_to_avoid_prosecution,arrestee_not_hispanic_fugitive_offenses_flight_to_avoid_prosecution,arrestee_hispanic_fugitive_offenses_harboring_escapee_concealing_from_arrest,arrestee_unknown_ethnicity_bond_default_failure_to_appear,arrestee_unknown_ethnicity_sex_offenses_failure_to_register_as_a_sex_offender,arrestee_not_hispanic_sex_offenses_failure_to_register_as_a_sex_offender,arrestee_unknown_ethnicity_fugitive_offenses_flight_to_avoid_prosecution,arrestee_not_hispanic_commerce_violations_federal_liquor_offenses,arrestee_adult_commerce_violations_federal_liquor_offenses,arrestee_juvenile_bond_default_failure_to_appear,arrestee_adult_federal_resource_violations,arrestee_adult_fugitive_offenses_flight_to_avoid_prosecution,arrestee_adult_fugitive_offenses_harboring_escapee_concealing_from_arrest,arrestee_adult_sex_offenses_failure_to_register_as_a_sex_offender,arrestee_unknown_age_bond_default_failure_to_appear,arrestee_taken_into_custody_commerce_violations_federal_liquor_offenses,arrestee_on_view_arrest_bond_default_failure_to_appear,arrestee_on_view_arrest_federal_resource_violations,arrestee_summoned_cited_federal_resource_violations,arrestee_taken_into_custody_fugitive_offenses_flight_to_avoid_prosecution,arrestee_taken_into_custody_fugitive_offenses_harboring_escapee_concealing_from_arrest,arrestee_taken_into_custody_sex_offenses_failure_to_register_as_a_sex_offender,arrestee_summoned_cited_bond_default_failure_to_appear,arrestee_on_view_arrest_fugitive_offenses_flight_to_avoid_prosecution,arrestee_on_view_arrest_sex_offenses_failure_to_register_as_a_sex_offender,arrestee_summoned_cited_sex_offenses_failure_to_register_as_a_sex_offender,arrestee_taken_into_custody_federal_resource_violations,arrestee_summoned_cited_fugitive_offenses_flight_to_avoid_prosecution,arrestee_summoned_cited_commerce_violations_federal_liquor_offenses,victim_commerce_violations_federal_liquor_offenses,victim_weapon_law_violations_explosives,victim_sex_offenses_failure_to_register_as_a_sex_offender,victim_fugitive_offenses_flight_to_avoid_prosecution,victim_fugitive_offenses_harboring_escapee_concealing_from_arrest,victim_fugitive_offenses_flight_to_avoid_deportation,victim_immigration_violations_illegal_entry_into_the_united_states,victim_commerce_violations_federal_tobacco_offenses,victim_weapon_law_violations_violation_of_national_firearm_act_of_1934,offense_fraud_offenses_money_laundering,not_cleared_fugitive_offenses_harboring_escapee_concealing_from_arrest,not_cleared_fraud_offenses_money_laundering,offense_prosecution_declined_sex_offenses_failure_to_register_as_a_sex_offender,offense_juvenile_no_custody_human_trafficking_involuntary_servitude,offense_extradition_denied_weapon_law_violations_explosives,offense_cleared_by_arrest_immigration_violations_illegal_entry_into_the_united_states,offense_juvenile_no_custody_weapon_law_violations_explosives,offense_extradition_denied_fugitive_offenses_flight_to_avoid_deportation,offense_cleared_by_arrest_weapon_law_violations_violation_of_national_firearm_act_of_1934,offense_school_weapon_law_violations_explosives,offense_home_fugitive_offenses_harboring_escapee_concealing_from_arrest,offense_outside_sex_offenses_failure_to_register_as_a_sex_offender,offense_home_fraud_offenses_money_laundering,offense_outside_fraud_offenses_money_laundering,offense_outside_immigration_violations_illegal_entry_into_the_united_states,offense_other_unknown_location_fraud_offenses_money_laundering,offense_outside_weapon_law_violations_violation_of_national_firearm_act_of_1934,offense_bar_nightclub_fugitive_offenses_flight_to_avoid_prosecution,offender_fraud_offenses_money_laundering,offender_male_fugitive_offenses_harboring_escapee_concealing_from_arrest,offender_female_fraud_offenses_money_laundering,offender_male_fraud_offenses_money_laundering,offender_male_weapon_law_violations_explosives,offender_unknown_sex_fraud_offenses_money_laundering,offender_male_weapon_law_violations_violation_of_national_firearm_act_of_1934,offender_american_indian_fugitive_offenses_harboring_escapee_concealing_from_arrest,offender_black_fraud_offenses_money_laundering,offender_unknown_race_fraud_offenses_money_laundering,offender_white_fraud_offenses_money_laundering,offender_black_sex_offenses_failure_to_register_as_a_sex_offender,offender_white_sex_offenses_failure_to_register_as_a_sex_offender,offender_white_weapon_law_violations_explosives,offender_black_immigration_violations_illegal_entry_into_the_united_states,offender_american_indian_weapon_law_violations_violation_of_national_firearm_act_of_1934,offender_adult_fraud_offenses_money_laundering,offender_unknown_age_fraud_offenses_money_laundering,offender_juvenile_weapon_law_violations_explosives,offender_adult_fugitive_offenses_flight_to_avoid_deportation,offender_adult_weapon_law_violations_violation_of_national_firearm_act_of_1934,arrestee_immigration_violations_illegal_entry_into_the_united_states,arrestee_weapon_law_violations_explosives,arrestee_perjury,arrestee_female_commerce_violations_federal_liquor_offenses,arrestee_male_immigration_violations_illegal_entry_into_the_united_states,arrestee_male_weapon_law_violations_explosives,arrestee_female_perjury,arrestee_male_perjury,arrestee_white_sex_offenses_failure_to_register_as_a_sex_offender,arrestee_black_immigration_violations_illegal_entry_into_the_united_states,arrestee_american_indian_weapon_law_violations_explosives,arrestee_american_indian_fugitive_offenses_harboring_escapee_concealing_from_arrest,arrestee_american_indian_perjury,arrestee_hispanic_immigration_violations_illegal_entry_into_the_united_states,arrestee_not_hispanic_weapon_law_violations_explosives,arrestee_not_hispanic_fugitive_offenses_harboring_escapee_concealing_from_arrest,arrestee_not_hispanic_perjury,arrestee_unknown_age_commerce_violations_federal_liquor_offenses,arrestee_juvenile_fugitive_offenses_flight_to_avoid_prosecution,arrestee_adult_immigration_violations_illegal_entry_into_the_united_states,arrestee_juvenile_weapon_law_violations_explosives,arrestee_adult_perjury,arrestee_on_view_arrest_commerce_violations_federal_liquor_offenses,arrestee_taken_into_custody_immigration_violations_illegal_entry_into_the_united_states,arrestee_taken_into_custody_weapon_law_violations_explosives,arrestee_taken_into_custody_perjury,victim_fraud_offenses_money_laundering,offense_commerce_violations_wildlife_trafficking,offense_cleared_by_arrest_weapon_law_violations_explosives,offense_cleared_by_arrest_commerce_violations_wildlife_trafficking,not_cleared_commerce_violations_wildlife_trafficking,offense_prosecution_declined_fugitive_offenses_flight_to_avoid_prosecution,offense_extradition_denied_sex_offenses_failure_to_register_as_a_sex_offender,offense_home_weapon_law_violations_explosives,offense_outside_commerce_violations_wildlife_trafficking,offense_other_unknown_location_commerce_violations_wildlife_trafficking,offense_sell_create_assist_commerce_violations_wildlife_trafficking,offense_buy_possess_consume_commerce_violations_wildlife_trafficking,offender_commerce_violations_wildlife_trafficking,offender_female_commerce_violations_wildlife_trafficking,offender_unknown_sex_commerce_violations_wildlife_trafficking,offender_american_indian_commerce_violations_wildlife_trafficking,offender_unknown_race_commerce_violations_wildlife_trafficking,offender_adult_commerce_violations_wildlife_trafficking,offender_unknown_age_commerce_violations_wildlife_trafficking,arrestee_commerce_violations_wildlife_trafficking,arrestee_female_commerce_violations_wildlife_trafficking,arrestee_white_weapon_law_violations_explosives,arrestee_black_sex_offenses_failure_to_register_as_a_sex_offender,arrestee_american_indian_commerce_violations_wildlife_trafficking,arrestee_white_perjury,arrestee_hispanic_sex_offenses_failure_to_register_as_a_sex_offender,arrestee_unknown_ethnicity_perjury,arrestee_not_hispanic_commerce_violations_wildlife_trafficking,arrestee_adult_commerce_violations_wildlife_trafficking,arrestee_summoned_cited_commerce_violations_wildlife_trafficking,arrestee_summoned_cited_perjury,victim_commerce_violations_wildlife_trafficking,victim_no_injury_negligent_manslaughter,offense_weapon_law_violations_weapons_of_mass_destruction,offense_immigration_violations_smuggling_aliens,offense_cleared_by_arrest_weapon_law_violations_weapons_of_mass_destruction,offense_cleared_by_arrest_immigration_violations_smuggling_aliens,offense_other_unknown_location_weapon_law_violations_weapons_of_mass_destruction,offense_outside_immigration_violations_smuggling_aliens,offense_na_animal_cruelty,offender_weapon_law_violations_weapons_of_mass_destruction,offender_immigration_violations_smuggling_aliens,offender_female_weapon_law_violations_weapons_of_mass_destruction,offender_male_weapon_law_violations_weapons_of_mass_destruction,offender_male_commerce_violations_wildlife_trafficking,offender_female_immigration_violations_smuggling_aliens,offender_american_indian_immigration_violations_illegal_entry_into_the_united_states,offender_american_indian_weapon_law_violations_weapons_of_mass_destruction,offender_american_indian_immigration_violations_smuggling_aliens,offender_adult_weapon_law_violations_weapons_of_mass_destruction,offender_adult_immigration_violations_smuggling_aliens,arrestee_male_commerce_violations_wildlife_trafficking,arrestee_white_federal_resource_violations,arrestee_juvenile_commerce_violations_federal_liquor_offenses,arrestee_unknown_age_fraud_offenses_hacking_computer_invasion,victim_weapon_law_violations_weapons_of_mass_destruction,victim_immigration_violations_smuggling_aliens,victim_no_injury_justifiable_homicide_not_a_crime,victim_serious_injury_justifiable_homicide_not_a_crime,victim_minor_injury_negligent_manslaughter,victim_unknown_injury_assault_offenses_aggravated_assault,victim_unknown_injury_assault_offenses_simple_assault,offense_buy_possess_consume_burglary_breaking_and_entering,offense_sell_create_assist_burglary_breaking_and_entering,offense_prosecution_declined_commerce_violations_federal_liquor_offenses,offense_victim_refused_to_cooperate_commerce_violations_federal_liquor_offenses,offense_death_of_suspect_commerce_violations_federal_liquor_offenses,offender_asian_commerce_violations_federal_liquor_offenses,arrestee_white_commerce_violations_federal_liquor_offenses,arrestee_asian_commerce_violations_federal_liquor_offenses,arrestee_unknown_race_commerce_violations_federal_liquor_offenses,arrestee_hispanic_commerce_violations_federal_liquor_offenses,offense_extradition_denied_commerce_violations_federal_tobacco_offenses,not_cleared_commerce_violations_federal_tobacco_offenses,offense_prosecution_declined_commerce_violations_federal_tobacco_offenses,offense_victim_refused_to_cooperate_commerce_violations_federal_tobacco_offenses,offense_cleared_by_arrest_commerce_violations_federal_tobacco_offenses,offense_death_of_suspect_commerce_violations_federal_tobacco_offenses,offense_home_commerce_violations_federal_tobacco_offenses,offense_other_unknown_location_commerce_violations_federal_tobacco_offenses,offense_outside_commerce_violations_federal_tobacco_offenses,offense_bar_nightclub_commerce_violations_federal_tobacco_offenses,offender_female_commerce_violations_federal_tobacco_offenses,offender_unknown_sex_commerce_violations_federal_tobacco_offenses,offender_asian_commerce_violations_federal_tobacco_offenses,offender_black_commerce_violations_federal_tobacco_offenses,offender_unknown_race_commerce_violations_federal_tobacco_offenses,offender_white_commerce_violations_federal_tobacco_offenses,offender_adult_commerce_violations_federal_tobacco_offenses,offender_unknown_age_commerce_violations_federal_tobacco_offenses,arrestee_commerce_violations_federal_tobacco_offenses,arrestee_male_commerce_violations_federal_tobacco_offenses,arrestee_female_commerce_violations_federal_tobacco_offenses,arrestee_white_commerce_violations_federal_tobacco_offenses,arrestee_black_commerce_violations_federal_tobacco_offenses,arrestee_american_indian_commerce_violations_federal_tobacco_offenses,arrestee_asian_commerce_violations_federal_tobacco_offenses,arrestee_unknown_race_commerce_violations_federal_tobacco_offenses,arrestee_unknown_ethnicity_commerce_violations_federal_tobacco_offenses,arrestee_not_hispanic_commerce_violations_federal_tobacco_offenses,arrestee_hispanic_commerce_violations_federal_tobacco_offenses,arrestee_adult_commerce_violations_federal_tobacco_offenses,arrestee_juvenile_commerce_violations_federal_tobacco_offenses,arrestee_unknown_age_commerce_violations_federal_tobacco_offenses,arrestee_on_view_arrest_commerce_violations_federal_tobacco_offenses,arrestee_taken_into_custody_commerce_violations_federal_tobacco_offenses,arrestee_summoned_cited_commerce_violations_federal_tobacco_offenses,offense_sell_create_assist_commerce_violations_federal_tobacco_offenses,offense_extradition_denied_commerce_violations_wildlife_trafficking,offense_prosecution_declined_commerce_violations_wildlife_trafficking,offense_victim_refused_to_cooperate_commerce_violations_wildlife_trafficking,offense_juvenile_no_custody_commerce_violations_wildlife_trafficking,offense_death_of_suspect_commerce_violations_wildlife_trafficking,offense_home_commerce_violations_wildlife_trafficking,offense_school_commerce_violations_wildlife_trafficking,offense_bar_nightclub_commerce_violations_wildlife_trafficking,offender_asian_commerce_violations_wildlife_trafficking,offender_black_commerce_violations_wildlife_trafficking,offender_white_commerce_violations_wildlife_trafficking,offender_juvenile_commerce_violations_wildlife_trafficking,arrestee_white_commerce_violations_wildlife_trafficking,arrestee_black_commerce_violations_wildlife_trafficking,arrestee_asian_commerce_violations_wildlife_trafficking,arrestee_unknown_race_commerce_violations_wildlife_trafficking,arrestee_unknown_ethnicity_commerce_violations_wildlife_trafficking,arrestee_hispanic_commerce_violations_wildlife_trafficking,arrestee_juvenile_commerce_violations_wildlife_trafficking,arrestee_unknown_age_commerce_violations_wildlife_trafficking,arrestee_on_view_arrest_commerce_violations_wildlife_trafficking,arrestee_taken_into_custody_commerce_violations_wildlife_trafficking,offense_buy_possess_consume_destruction_damage_vandalism_of_property,offense_sell_create_assist_destruction_damage_vandalism_of_property,offense_extradition_denied_fraud_offenses_money_laundering,offense_prosecution_declined_fraud_offenses_money_laundering,offense_victim_refused_to_cooperate_fraud_offenses_money_laundering,offense_cleared_by_arrest_fraud_offenses_money_laundering,offense_juvenile_no_custody_fraud_offenses_money_laundering,offense_death_of_suspect_fraud_offenses_money_laundering,offense_school_fraud_offenses_money_laundering,offense_bar_nightclub_fraud_offenses_money_laundering,offender_asian_fraud_offenses_money_laundering,offender_american_indian_fraud_offenses_money_laundering,offender_juvenile_fraud_offenses_money_laundering,arrestee_fraud_offenses_money_laundering,arrestee_male_fraud_offenses_money_laundering,arrestee_female_fraud_offenses_money_laundering,arrestee_white_fraud_offenses_money_laundering,arrestee_black_fraud_offenses_money_laundering,arrestee_american_indian_fraud_offenses_money_laundering,arrestee_asian_fraud_offenses_money_laundering,arrestee_unknown_race_fraud_offenses_money_laundering,arrestee_unknown_ethnicity_fraud_offenses_money_laundering,arrestee_not_hispanic_fraud_offenses_money_laundering,arrestee_hispanic_fraud_offenses_money_laundering,arrestee_adult_fraud_offenses_money_laundering,arrestee_juvenile_fraud_offenses_money_laundering,arrestee_unknown_age_fraud_offenses_money_laundering,arrestee_on_view_arrest_fraud_offenses_money_laundering,arrestee_taken_into_custody_fraud_offenses_money_laundering,arrestee_summoned_cited_fraud_offenses_money_laundering,victim_female_fraud_offenses_money_laundering,victim_male_fraud_offenses_money_laundering,victim_unknown_sex_fraud_offenses_money_laundering,victim_asian_fraud_offenses_money_laundering,victim_black_fraud_offenses_money_laundering,victim_unknown_race_fraud_offenses_money_laundering,victim_white_fraud_offenses_money_laundering,victim_american_indian_fraud_offenses_money_laundering,victim_unknown_ethnicity_fraud_offenses_money_laundering,victim_not_hispanic_fraud_offenses_money_laundering,victim_hispanic_fraud_offenses_money_laundering,victim_adult_fraud_offenses_money_laundering,victim_juvenile_fraud_offenses_money_laundering,victim_unknown_age_fraud_offenses_money_laundering,victim_unknown_relationship_fraud_offenses_money_laundering,victim_other_family_fraud_offenses_money_laundering,victim_intimate_partner_fraud_offenses_money_laundering,victim_stranger_fraud_offenses_money_laundering,victim_other_relationship_fraud_offenses_money_laundering,not_cleared_fugitive_offenses_flight_to_avoid_deportation,offense_prosecution_declined_fugitive_offenses_flight_to_avoid_deportation,offense_victim_refused_to_cooperate_fugitive_offenses_flight_to_avoid_deportation,offense_cleared_by_arrest_fugitive_offenses_flight_to_avoid_deportation,offense_death_of_suspect_fugitive_offenses_flight_to_avoid_deportation,offense_home_fugitive_offenses_flight_to_avoid_deportation,offense_other_unknown_location_fugitive_offenses_flight_to_avoid_deportation,offense_school_fugitive_offenses_flight_to_avoid_deportation,offense_bar_nightclub_fugitive_offenses_flight_to_avoid_deportation,offender_female_fugitive_offenses_flight_to_avoid_deportation,offender_unknown_sex_fugitive_offenses_flight_to_avoid_deportation,offender_asian_fugitive_offenses_flight_to_avoid_deportation,offender_black_fugitive_offenses_flight_to_avoid_deportation,offender_unknown_race_fugitive_offenses_flight_to_avoid_deportation,offender_american_indian_fugitive_offenses_flight_to_avoid_deportation,offender_unknown_age_fugitive_offenses_flight_to_avoid_deportation,arrestee_fugitive_offenses_flight_to_avoid_deportation,arrestee_male_fugitive_offenses_flight_to_avoid_deportation,arrestee_female_fugitive_offenses_flight_to_avoid_deportation,arrestee_white_fugitive_offenses_flight_to_avoid_deportation,arrestee_black_fugitive_offenses_flight_to_avoid_deportation,arrestee_american_indian_fugitive_offenses_flight_to_avoid_deportation,arrestee_asian_fugitive_offenses_flight_to_avoid_deportation,arrestee_unknown_race_fugitive_offenses_flight_to_avoid_deportation,arrestee_unknown_ethnicity_fugitive_offenses_flight_to_avoid_deportation,arrestee_not_hispanic_fugitive_offenses_flight_to_avoid_deportation,arrestee_hispanic_fugitive_offenses_flight_to_avoid_deportation,arrestee_adult_fugitive_offenses_flight_to_avoid_deportation,arrestee_juvenile_fugitive_offenses_flight_to_avoid_deportation,arrestee_unknown_age_fugitive_offenses_flight_to_avoid_deportation,arrestee_on_view_arrest_fugitive_offenses_flight_to_avoid_deportation,arrestee_taken_into_custody_fugitive_offenses_flight_to_avoid_deportation,arrestee_summoned_cited_fugitive_offenses_flight_to_avoid_deportation,offense_victim_refused_to_cooperate_fugitive_offenses_flight_to_avoid_prosecution,offense_death_of_suspect_fugitive_offenses_flight_to_avoid_prosecution,arrestee_unknown_race_fugitive_offenses_flight_to_avoid_prosecution,arrestee_unknown_age_fugitive_offenses_flight_to_avoid_prosecution,offense_extradition_denied_fugitive_offenses_harboring_escapee_concealing_from_arrest,offense_prosecution_declined_fugitive_offenses_harboring_escapee_concealing_from_arrest,offense_victim_refused_to_cooperate_fugitive_offenses_harboring_escapee_concealing_from_arrest,offense_juvenile_no_custody_fugitive_offenses_harboring_escapee_concealing_from_arrest,offense_death_of_suspect_fugitive_offenses_harboring_escapee_concealing_from_arrest,offense_outside_fugitive_offenses_harboring_escapee_concealing_from_arrest,offense_school_fugitive_offenses_harboring_escapee_concealing_from_arrest,offense_bar_nightclub_fugitive_offenses_harboring_escapee_concealing_from_arrest,offender_unknown_sex_fugitive_offenses_harboring_escapee_concealing_from_arrest,offender_asian_fugitive_offenses_harboring_escapee_concealing_from_arrest,offender_black_fugitive_offenses_harboring_escapee_concealing_from_arrest,offender_unknown_race_fugitive_offenses_harboring_escapee_concealing_from_arrest,offender_juvenile_fugitive_offenses_harboring_escapee_concealing_from_arrest,offender_unknown_age_fugitive_offenses_harboring_escapee_concealing_from_arrest,arrestee_male_fugitive_offenses_harboring_escapee_concealing_from_arrest,arrestee_black_fugitive_offenses_harboring_escapee_concealing_from_arrest,arrestee_asian_fugitive_offenses_harboring_escapee_concealing_from_arrest,arrestee_unknown_race_fugitive_offenses_harboring_escapee_concealing_from_arrest,arrestee_unknown_ethnicity_fugitive_offenses_harboring_escapee_concealing_from_arrest,arrestee_juvenile_fugitive_offenses_harboring_escapee_concealing_from_arrest,arrestee_unknown_age_fugitive_offenses_harboring_escapee_concealing_from_arrest,arrestee_on_view_arrest_fugitive_offenses_harboring_escapee_concealing_from_arrest,arrestee_summoned_cited_fugitive_offenses_harboring_escapee_concealing_from_arrest,offense_buy_possess_consume_fugitive_offenses_harboring_escapee_concealing_from_arrest,offense_sell_create_assist_fugitive_offenses_harboring_escapee_concealing_from_arrest,offense_extradition_denied_gambling_offenses_sports_tampering,offense_victim_refused_to_cooperate_gambling_offenses_sports_tampering,offense_juvenile_no_custody_gambling_offenses_sports_tampering,offense_death_of_suspect_gambling_offenses_sports_tampering,offender_american_indian_gambling_offenses_sports_tampering,arrestee_american_indian_gambling_offenses_sports_tampering,arrestee_unknown_race_gambling_offenses_sports_tampering,arrestee_unknown_age_gambling_offenses_sports_tampering,arrestee_unknown_age_human_trafficking_commercial_sex_acts,victim_unknown_injury_human_trafficking_commercial_sex_acts,arrestee_unknown_age_human_trafficking_involuntary_servitude,victim_unknown_injury_human_trafficking_involuntary_servitude,offense_extradition_denied_immigration_violations_illegal_entry_into_the_united_states,offense_prosecution_declined_immigration_violations_illegal_entry_into_the_united_states,offense_victim_refused_to_cooperate_immigration_violations_illegal_entry_into_the_united_states,offense_juvenile_no_custody_immigration_violations_illegal_entry_into_the_united_states,offense_death_of_suspect_immigration_violations_illegal_entry_into_the_united_states,offense_home_immigration_violations_illegal_entry_into_the_united_states,offense_school_immigration_violations_illegal_entry_into_the_united_states,offense_bar_nightclub_immigration_violations_illegal_entry_into_the_united_states,offender_asian_immigration_violations_illegal_entry_into_the_united_states,offender_juvenile_immigration_violations_illegal_entry_into_the_united_states,arrestee_female_immigration_violations_illegal_entry_into_the_united_states,arrestee_white_immigration_violations_illegal_entry_into_the_united_states,arrestee_american_indian_immigration_violations_illegal_entry_into_the_united_states,arrestee_asian_immigration_violations_illegal_entry_into_the_united_states,arrestee_unknown_race_immigration_violations_illegal_entry_into_the_united_states,arrestee_unknown_ethnicity_immigration_violations_illegal_entry_into_the_united_states,arrestee_not_hispanic_immigration_violations_illegal_entry_into_the_united_states,arrestee_juvenile_immigration_violations_illegal_entry_into_the_united_states,arrestee_unknown_age_immigration_violations_illegal_entry_into_the_united_states,arrestee_on_view_arrest_immigration_violations_illegal_entry_into_the_united_states,arrestee_summoned_cited_immigration_violations_illegal_entry_into_the_united_states,offense_extradition_denied_immigration_violations_smuggling_aliens,not_cleared_immigration_violations_smuggling_aliens,offense_prosecution_declined_immigration_violations_smuggling_aliens,offense_victim_refused_to_cooperate_immigration_violations_smuggling_aliens,offense_juvenile_no_custody_immigration_violations_smuggling_aliens,offense_death_of_suspect_immigration_violations_smuggling_aliens,offense_home_immigration_violations_smuggling_aliens,offense_other_unknown_location_immigration_violations_smuggling_aliens,offense_school_immigration_violations_smuggling_aliens,offense_bar_nightclub_immigration_violations_smuggling_aliens,offender_male_immigration_violations_smuggling_aliens,offender_unknown_sex_immigration_violations_smuggling_aliens,offender_asian_immigration_violations_smuggling_aliens,offender_black_immigration_violations_smuggling_aliens,offender_unknown_race_immigration_violations_smuggling_aliens,offender_white_immigration_violations_smuggling_aliens,offender_juvenile_immigration_violations_smuggling_aliens,offender_unknown_age_immigration_violations_smuggling_aliens,arrestee_immigration_violations_smuggling_aliens,arrestee_male_immigration_violations_smuggling_aliens,arrestee_female_immigration_violations_smuggling_aliens,arrestee_white_immigration_violations_smuggling_aliens,arrestee_black_immigration_violations_smuggling_aliens,arrestee_american_indian_immigration_violations_smuggling_aliens,arrestee_asian_immigration_violations_smuggling_aliens,arrestee_unknown_race_immigration_violations_smuggling_aliens,arrestee_unknown_ethnicity_immigration_violations_smuggling_aliens,arrestee_not_hispanic_immigration_violations_smuggling_aliens,arrestee_hispanic_immigration_violations_smuggling_aliens,arrestee_adult_immigration_violations_smuggling_aliens,arrestee_juvenile_immigration_violations_smuggling_aliens,arrestee_unknown_age_immigration_violations_smuggling_aliens,arrestee_on_view_arrest_immigration_violations_smuggling_aliens,arrestee_taken_into_custody_immigration_violations_smuggling_aliens,arrestee_summoned_cited_immigration_violations_smuggling_aliens,offense_buy_possess_consume_immigration_violations_smuggling_aliens,offense_sell_create_assist_immigration_violations_smuggling_aliens,offense_cleared_by_arrest_justifiable_homicide_not_a_crime,arrestee_justifiable_homicide_not_a_crime,arrestee_male_justifiable_homicide_not_a_crime,arrestee_female_justifiable_homicide_not_a_crime,arrestee_white_justifiable_homicide_not_a_crime,arrestee_black_justifiable_homicide_not_a_crime,arrestee_american_indian_justifiable_homicide_not_a_crime,arrestee_asian_justifiable_homicide_not_a_crime,arrestee_unknown_race_justifiable_homicide_not_a_crime,arrestee_unknown_ethnicity_justifiable_homicide_not_a_crime,arrestee_not_hispanic_justifiable_homicide_not_a_crime,arrestee_hispanic_justifiable_homicide_not_a_crime,arrestee_adult_justifiable_homicide_not_a_crime,arrestee_juvenile_justifiable_homicide_not_a_crime,arrestee_unknown_age_justifiable_homicide_not_a_crime,arrestee_on_view_arrest_justifiable_homicide_not_a_crime,arrestee_taken_into_custody_justifiable_homicide_not_a_crime,arrestee_summoned_cited_justifiable_homicide_not_a_crime,victim_unknown_injury_kidnapping_abduction,offense_death_of_suspect_prostitution_offenses_purchasing_prostitution,offense_handgun_sex_offenses_criminal_sexual_contact_formerly_fondling_indecent_liberties_child_molest,offense_no_gun_sex_offenses_criminal_sexual_contact_formerly_fondling_indecent_liberties_child_molest,offense_other_unknown_gun_sex_offenses_criminal_sexual_contact_formerly_fondling_indecent_liberties_child_molest,offense_victim_refused_to_cooperate_sex_offenses_failure_to_register_as_a_sex_offender,offense_juvenile_no_custody_sex_offenses_failure_to_register_as_a_sex_offender,offense_death_of_suspect_sex_offenses_failure_to_register_as_a_sex_offender,offense_bar_nightclub_sex_offenses_failure_to_register_as_a_sex_offender,offender_unknown_sex_sex_offenses_failure_to_register_as_a_sex_offender,offender_asian_sex_offenses_failure_to_register_as_a_sex_offender,offender_juvenile_sex_offenses_failure_to_register_as_a_sex_offender,offender_unknown_age_sex_offenses_failure_to_register_as_a_sex_offender,arrestee_asian_sex_offenses_failure_to_register_as_a_sex_offender,arrestee_juvenile_sex_offenses_failure_to_register_as_a_sex_offender,arrestee_unknown_age_sex_offenses_failure_to_register_as_a_sex_offender,victim_unknown_injury_sex_offenses_rape,victim_unknown_sex_sex_offenses_rape,victim_unknown_injury_sex_offenses_sexual_assault_with_an_object,victim_unknown_injury_sex_offenses_sodomy,victim_unknown_sex_sex_offenses_statutory_rape,offense_prosecution_declined_weapon_law_violations_explosives,offense_victim_refused_to_cooperate_weapon_law_violations_explosives,offense_death_of_suspect_weapon_law_violations_explosives,offense_bar_nightclub_weapon_law_violations_explosives,offender_asian_weapon_law_violations_explosives,offender_black_weapon_law_violations_explosives,arrestee_female_weapon_law_violations_explosives,arrestee_black_weapon_law_violations_explosives,arrestee_asian_weapon_law_violations_explosives,arrestee_unknown_race_weapon_law_violations_explosives,arrestee_unknown_ethnicity_weapon_law_violations_explosives,arrestee_hispanic_weapon_law_violations_explosives,arrestee_adult_weapon_law_violations_explosives,arrestee_unknown_age_weapon_law_violations_explosives,arrestee_on_view_arrest_weapon_law_violations_explosives,arrestee_summoned_cited_weapon_law_violations_explosives,offense_extradition_denied_weapon_law_violations_violation_of_national_firearm_act_of_1934,offense_prosecution_declined_weapon_law_violations_violation_of_national_firearm_act_of_1934,offense_victim_refused_to_cooperate_weapon_law_violations_violation_of_national_firearm_act_of_1934,offense_juvenile_no_custody_weapon_law_violations_violation_of_national_firearm_act_of_1934,offense_death_of_suspect_weapon_law_violations_violation_of_national_firearm_act_of_1934,offense_other_unknown_location_weapon_law_violations_violation_of_national_firearm_act_of_1934,offense_school_weapon_law_violations_violation_of_national_firearm_act_of_1934,offense_bar_nightclub_weapon_law_violations_violation_of_national_firearm_act_of_1934,offender_female_weapon_law_violations_violation_of_national_firearm_act_of_1934,offender_asian_weapon_law_violations_violation_of_national_firearm_act_of_1934,offender_black_weapon_law_violations_violation_of_national_firearm_act_of_1934,offender_white_weapon_law_violations_violation_of_national_firearm_act_of_1934,offender_juvenile_weapon_law_violations_violation_of_national_firearm_act_of_1934,arrestee_weapon_law_violations_violation_of_national_firearm_act_of_1934,arrestee_male_weapon_law_violations_violation_of_national_firearm_act_of_1934,arrestee_female_weapon_law_violations_violation_of_national_firearm_act_of_1934,arrestee_white_weapon_law_violations_violation_of_national_firearm_act_of_1934,arrestee_black_weapon_law_violations_violation_of_national_firearm_act_of_1934,arrestee_american_indian_weapon_law_violations_violation_of_national_firearm_act_of_1934,arrestee_asian_weapon_law_violations_violation_of_national_firearm_act_of_1934,arrestee_unknown_race_weapon_law_violations_violation_of_national_firearm_act_of_1934,arrestee_unknown_ethnicity_weapon_law_violations_violation_of_national_firearm_act_of_1934,arrestee_not_hispanic_weapon_law_violations_violation_of_national_firearm_act_of_1934,arrestee_hispanic_weapon_law_violations_violation_of_national_firearm_act_of_1934,arrestee_adult_weapon_law_violations_violation_of_national_firearm_act_of_1934,arrestee_juvenile_weapon_law_violations_violation_of_national_firearm_act_of_1934,arrestee_unknown_age_weapon_law_violations_violation_of_national_firearm_act_of_1934,arrestee_on_view_arrest_weapon_law_violations_violation_of_national_firearm_act_of_1934,arrestee_taken_into_custody_weapon_law_violations_violation_of_national_firearm_act_of_1934,arrestee_summoned_cited_weapon_law_violations_violation_of_national_firearm_act_of_1934,offense_handgun_weapon_law_violations_violation_of_national_firearm_act_of_1934,offense_no_gun_weapon_law_violations_violation_of_national_firearm_act_of_1934,offense_other_unknown_gun_weapon_law_violations_violation_of_national_firearm_act_of_1934,offense_buy_possess_consume_weapon_law_violations_violation_of_national_firearm_act_of_1934,offense_sell_create_assist_weapon_law_violations_violation_of_national_firearm_act_of_1934,offense_extradition_denied_weapon_law_violations_weapons_of_mass_destruction,not_cleared_weapon_law_violations_weapons_of_mass_destruction,offense_prosecution_declined_weapon_law_violations_weapons_of_mass_destruction,offense_victim_refused_to_cooperate_weapon_law_violations_weapons_of_mass_destruction,offense_juvenile_no_custody_weapon_law_violations_weapons_of_mass_destruction,offense_death_of_suspect_weapon_law_violations_weapons_of_mass_destruction,offense_home_weapon_law_violations_weapons_of_mass_destruction,offense_outside_weapon_law_violations_weapons_of_mass_destruction,offense_school_weapon_law_violations_weapons_of_mass_destruction,offense_bar_nightclub_weapon_law_violations_weapons_of_mass_destruction,offender_unknown_sex_weapon_law_violations_weapons_of_mass_destruction,offender_asian_weapon_law_violations_weapons_of_mass_destruction,offender_black_weapon_law_violations_weapons_of_mass_destruction,offender_unknown_race_weapon_law_violations_weapons_of_mass_destruction,offender_white_weapon_law_violations_weapons_of_mass_destruction,offender_juvenile_weapon_law_violations_weapons_of_mass_destruction,offender_unknown_age_weapon_law_violations_weapons_of_mass_destruction,arrestee_weapon_law_violations_weapons_of_mass_destruction,arrestee_male_weapon_law_violations_weapons_of_mass_destruction,arrestee_female_weapon_law_violations_weapons_of_mass_destruction,arrestee_white_weapon_law_violations_weapons_of_mass_destruction,arrestee_black_weapon_law_violations_weapons_of_mass_destruction,arrestee_american_indian_weapon_law_violations_weapons_of_mass_destruction,arrestee_asian_weapon_law_violations_weapons_of_mass_destruction,arrestee_unknown_race_weapon_law_violations_weapons_of_mass_destruction,arrestee_unknown_ethnicity_weapon_law_violations_weapons_of_mass_destruction,arrestee_not_hispanic_weapon_law_violations_weapons_of_mass_destruction,arrestee_hispanic_weapon_law_violations_weapons_of_mass_destruction,arrestee_adult_weapon_law_violations_weapons_of_mass_destruction,arrestee_juvenile_weapon_law_violations_weapons_of_mass_destruction,arrestee_unknown_age_weapon_law_violations_weapons_of_mass_destruction,arrestee_on_view_arrest_weapon_law_violations_weapons_of_mass_destruction,arrestee_taken_into_custody_weapon_law_violations_weapons_of_mass_destruction,arrestee_summoned_cited_weapon_law_violations_weapons_of_mass_destruction,offense_handgun_weapon_law_violations_weapons_of_mass_destruction,offense_no_gun_weapon_law_violations_weapons_of_mass_destruction,offense_other_unknown_gun_weapon_law_violations_weapons_of_mass_destruction,offense_buy_possess_consume_weapon_law_violations_weapons_of_mass_destruction,offense_sell_create_assist_weapon_law_violations_weapons_of_mass_destruction,offense_commerce_violations_import_violations,offense_extradition_denied_commerce_violations_import_violations,not_cleared_commerce_violations_import_violations,offense_prosecution_declined_commerce_violations_import_violations,offense_victim_refused_to_cooperate_commerce_violations_import_violations,offense_cleared_by_arrest_commerce_violations_import_violations,offense_juvenile_no_custody_commerce_violations_import_violations,offense_death_of_suspect_commerce_violations_import_violations,offense_home_commerce_violations_import_violations,offense_other_unknown_location_commerce_violations_import_violations,offense_outside_commerce_violations_import_violations,offense_school_commerce_violations_import_violations,offense_bar_nightclub_commerce_violations_import_violations,offender_commerce_violations_import_violations,offender_female_commerce_violations_import_violations,offender_male_commerce_violations_import_violations,offender_unknown_sex_commerce_violations_import_violations,offender_asian_commerce_violations_import_violations,offender_black_commerce_violations_import_violations,offender_unknown_race_commerce_violations_import_violations,offender_white_commerce_violations_import_violations,offender_american_indian_commerce_violations_import_violations,offender_adult_commerce_violations_import_violations,offender_juvenile_commerce_violations_import_violations,offender_unknown_age_commerce_violations_import_violations,arrestee_commerce_violations_import_violations,arrestee_male_commerce_violations_import_violations,arrestee_female_commerce_violations_import_violations,arrestee_white_commerce_violations_import_violations,arrestee_black_commerce_violations_import_violations,arrestee_american_indian_commerce_violations_import_violations,arrestee_asian_commerce_violations_import_violations,arrestee_unknown_race_commerce_violations_import_violations,arrestee_unknown_ethnicity_commerce_violations_import_violations,arrestee_not_hispanic_commerce_violations_import_violations,arrestee_hispanic_commerce_violations_import_violations,arrestee_adult_commerce_violations_import_violations,arrestee_juvenile_commerce_violations_import_violations,arrestee_unknown_age_commerce_violations_import_violations,arrestee_on_view_arrest_commerce_violations_import_violations,arrestee_taken_into_custody_commerce_violations_import_violations,arrestee_summoned_cited_commerce_violations_import_violations,offense_commerce_violations_export_violations,offense_extradition_denied_commerce_violations_export_violations,not_cleared_commerce_violations_export_violations,offense_prosecution_declined_commerce_violations_export_violations,offense_victim_refused_to_cooperate_commerce_violations_export_violations,offense_cleared_by_arrest_commerce_violations_export_violations,offense_juvenile_no_custody_commerce_violations_export_violations,offense_death_of_suspect_commerce_violations_export_violations,offense_home_commerce_violations_export_violations,offense_other_unknown_location_commerce_violations_export_violations,offense_outside_commerce_violations_export_violations,offense_school_commerce_violations_export_violations,offense_bar_nightclub_commerce_violations_export_violations,offender_commerce_violations_export_violations,offender_female_commerce_violations_export_violations,offender_male_commerce_violations_export_violations,offender_unknown_sex_commerce_violations_export_violations,offender_asian_commerce_violations_export_violations,offender_black_commerce_violations_export_violations,offender_unknown_race_commerce_violations_export_violations,offender_white_commerce_violations_export_violations,offender_american_indian_commerce_violations_export_violations,offender_adult_commerce_violations_export_violations,offender_juvenile_commerce_violations_export_violations,offender_unknown_age_commerce_violations_export_violations,arrestee_commerce_violations_export_violations,arrestee_male_commerce_violations_export_violations,arrestee_female_commerce_violations_export_violations,arrestee_white_commerce_violations_export_violations,arrestee_black_commerce_violations_export_violations,arrestee_american_indian_commerce_violations_export_violations,arrestee_asian_commerce_violations_export_violations,arrestee_unknown_race_commerce_violations_export_violations,arrestee_unknown_ethnicity_commerce_violations_export_violations,arrestee_not_hispanic_commerce_violations_export_violations,arrestee_hispanic_commerce_violations_export_violations,arrestee_adult_commerce_violations_export_violations,arrestee_juvenile_commerce_violations_export_violations,arrestee_unknown_age_commerce_violations_export_violations,arrestee_on_view_arrest_commerce_violations_export_violations,arrestee_taken_into_custody_commerce_violations_export_violations,arrestee_summoned_cited_commerce_violations_export_violations,offense_immigration_violations_false_citizenship,offense_extradition_denied_immigration_violations_false_citizenship,not_cleared_immigration_violations_false_citizenship,offense_prosecution_declined_immigration_violations_false_citizenship,offense_victim_refused_to_cooperate_immigration_violations_false_citizenship,offense_cleared_by_arrest_immigration_violations_false_citizenship,offense_juvenile_no_custody_immigration_violations_false_citizenship,offense_death_of_suspect_immigration_violations_false_citizenship,offense_home_immigration_violations_false_citizenship,offense_other_unknown_location_immigration_violations_false_citizenship,offense_outside_immigration_violations_false_citizenship,offense_school_immigration_violations_false_citizenship,offense_bar_nightclub_immigration_violations_false_citizenship,offender_immigration_violations_false_citizenship,offender_female_immigration_violations_false_citizenship,offender_male_immigration_violations_false_citizenship,offender_unknown_sex_immigration_violations_false_citizenship,offender_asian_immigration_violations_false_citizenship,offender_black_immigration_violations_false_citizenship,offender_unknown_race_immigration_violations_false_citizenship,offender_white_immigration_violations_false_citizenship,offender_american_indian_immigration_violations_false_citizenship,offender_adult_immigration_violations_false_citizenship,offender_juvenile_immigration_violations_false_citizenship,offender_unknown_age_immigration_violations_false_citizenship,arrestee_immigration_violations_false_citizenship,arrestee_male_immigration_violations_false_citizenship,arrestee_female_immigration_violations_false_citizenship,arrestee_white_immigration_violations_false_citizenship,arrestee_black_immigration_violations_false_citizenship,arrestee_american_indian_immigration_violations_false_citizenship,arrestee_asian_immigration_violations_false_citizenship,arrestee_unknown_race_immigration_violations_false_citizenship,arrestee_unknown_ethnicity_immigration_violations_false_citizenship,arrestee_not_hispanic_immigration_violations_false_citizenship,arrestee_hispanic_immigration_violations_false_citizenship,arrestee_adult_immigration_violations_false_citizenship,arrestee_juvenile_immigration_violations_false_citizenship,arrestee_unknown_age_immigration_violations_false_citizenship,arrestee_on_view_arrest_immigration_violations_false_citizenship,arrestee_taken_into_custody_immigration_violations_false_citizenship,arrestee_summoned_cited_immigration_violations_false_citizenship,offense_immigration_violations_re_entry_into_the_united_states_after_deportation,offense_extradition_denied_immigration_violations_re_entry_into_the_united_states_after_deportation,not_cleared_immigration_violations_re_entry_into_the_united_states_after_deportation,offense_prosecution_declined_immigration_violations_re_entry_into_the_united_states_after_deportation,offense_victim_refused_to_cooperate_immigration_violations_re_entry_into_the_united_states_after_deportation,offense_cleared_by_arrest_immigration_violations_re_entry_into_the_united_states_after_deportation,offense_juvenile_no_custody_immigration_violations_re_entry_into_the_united_states_after_deportation,offense_death_of_suspect_immigration_violations_re_entry_into_the_united_states_after_deportation,offense_home_immigration_violations_re_entry_into_the_united_states_after_deportation,offense_other_unknown_location_immigration_violations_re_entry_into_the_united_states_after_deportation,offense_outside_immigration_violations_re_entry_into_the_united_states_after_deportation,offense_school_immigration_violations_re_entry_into_the_united_states_after_deportation,offense_bar_nightclub_immigration_violations_re_entry_into_the_united_states_after_deportation,offender_immigration_violations_re_entry_into_the_united_states_after_deportation,offender_female_immigration_violations_re_entry_into_the_united_states_after_deportation,offender_male_immigration_violations_re_entry_into_the_united_states_after_deportation,offender_unknown_sex_immigration_violations_re_entry_into_the_united_states_after_deportation,offender_asian_immigration_violations_re_entry_into_the_united_states_after_deportation,offender_black_immigration_violations_re_entry_into_the_united_states_after_deportation,offender_unknown_race_immigration_violations_re_entry_into_the_united_states_after_deportation,offender_white_immigration_violations_re_entry_into_the_united_states_after_deportation,offender_american_indian_immigration_violations_re_entry_into_the_united_states_after_deportation,offender_adult_immigration_violations_re_entry_into_the_united_states_after_deportation,offender_juvenile_immigration_violations_re_entry_into_the_united_states_after_deportation,offender_unknown_age_immigration_violations_re_entry_into_the_united_states_after_deportation,arrestee_immigration_violations_re_entry_into_the_united_states_after_deportation,arrestee_male_immigration_violations_re_entry_into_the_united_states_after_deportation,arrestee_female_immigration_violations_re_entry_into_the_united_states_after_deportation,arrestee_white_immigration_violations_re_entry_into_the_united_states_after_deportation,arrestee_black_immigration_violations_re_entry_into_the_united_states_after_deportation,arrestee_american_indian_immigration_violations_re_entry_into_the_united_states_after_deportation,arrestee_asian_immigration_violations_re_entry_into_the_united_states_after_deportation,arrestee_unknown_race_immigration_violations_re_entry_into_the_united_states_after_deportation,arrestee_unknown_ethnicity_immigration_violations_re_entry_into_the_united_states_after_deportation,arrestee_not_hispanic_immigration_violations_re_entry_into_the_united_states_after_deportation,arrestee_hispanic_immigration_violations_re_entry_into_the_united_states_after_deportation,arrestee_adult_immigration_violations_re_entry_into_the_united_states_after_deportation,arrestee_juvenile_immigration_violations_re_entry_into_the_united_states_after_deportation,arrestee_unknown_age_immigration_violations_re_entry_into_the_united_states_after_deportation,arrestee_on_view_arrest_immigration_violations_re_entry_into_the_united_states_after_deportation,arrestee_taken_into_custody_immigration_violations_re_entry_into_the_united_states_after_deportation,arrestee_summoned_cited_immigration_violations_re_entry_into_the_united_states_after_deportation,offense_treason,offense_extradition_denied_treason,not_cleared_treason,offense_prosecution_declined_treason,offense_victim_refused_to_cooperate_treason,offense_cleared_by_arrest_treason,offense_juvenile_no_custody_treason,offense_death_of_suspect_treason,offense_home_treason,offense_other_unknown_location_treason,offense_outside_treason,offense_school_treason,offense_bar_nightclub_treason,offender_treason,offender_female_treason,offender_male_treason,offender_unknown_sex_treason,offender_asian_treason,offender_black_treason,offender_unknown_race_treason,offender_white_treason,offender_american_indian_treason,offender_adult_treason,offender_juvenile_treason,offender_unknown_age_treason,arrestee_treason,arrestee_male_treason,arrestee_female_treason,arrestee_white_treason,arrestee_black_treason,arrestee_american_indian_treason,arrestee_asian_treason,arrestee_unknown_race_treason,arrestee_unknown_ethnicity_treason,arrestee_not_hispanic_treason,arrestee_hispanic_treason,arrestee_adult_treason,arrestee_juvenile_treason,arrestee_unknown_age_treason,arrestee_on_view_arrest_treason,arrestee_taken_into_custody_treason,arrestee_summoned_cited_treason,offense_bond_default_failure_to_appear,offense_extradition_denied_bond_default_failure_to_appear,not_cleared_bond_default_failure_to_appear,offense_prosecution_declined_bond_default_failure_to_appear,offense_victim_refused_to_cooperate_bond_default_failure_to_appear,offense_cleared_by_arrest_bond_default_failure_to_appear,offense_juvenile_no_custody_bond_default_failure_to_appear,offense_death_of_suspect_bond_default_failure_to_appear,offense_home_bond_default_failure_to_appear,offense_other_unknown_location_bond_default_failure_to_appear,offense_outside_bond_default_failure_to_appear,offense_school_bond_default_failure_to_appear,offense_bar_nightclub_bond_default_failure_to_appear,offender_bond_default_failure_to_appear,offender_female_bond_default_failure_to_appear,offender_male_bond_default_failure_to_appear,offender_unknown_sex_bond_default_failure_to_appear,offender_asian_bond_default_failure_to_appear,offender_black_bond_default_failure_to_appear,offender_unknown_race_bond_default_failure_to_appear,offender_white_bond_default_failure_to_appear,offender_american_indian_bond_default_failure_to_appear,offender_adult_bond_default_failure_to_appear,offender_juvenile_bond_default_failure_to_appear,offender_unknown_age_bond_default_failure_to_appear,offense_federal_resource_violations,offense_extradition_denied_federal_resource_violations,not_cleared_federal_resource_violations,offense_prosecution_declined_federal_resource_violations,offense_victim_refused_to_cooperate_federal_resource_violations,offense_cleared_by_arrest_federal_resource_violations,offense_juvenile_no_custody_federal_resource_violations,offense_death_of_suspect_federal_resource_violations,offense_home_federal_resource_violations,offense_other_unknown_location_federal_resource_violations,offense_outside_federal_resource_violations,offense_school_federal_resource_violations,offense_bar_nightclub_federal_resource_violations,offender_federal_resource_violations,offender_female_federal_resource_violations,offender_male_federal_resource_violations,offender_unknown_sex_federal_resource_violations,offender_asian_federal_resource_violations,offender_black_federal_resource_violations,offender_unknown_race_federal_resource_violations,offender_white_federal_resource_violations,offender_american_indian_federal_resource_violations,offender_adult_federal_resource_violations,offender_juvenile_federal_resource_violations,offender_unknown_age_federal_resource_violations,arrestee_black_federal_resource_violations,arrestee_asian_federal_resource_violations,arrestee_hispanic_federal_resource_violations,arrestee_juvenile_federal_resource_violations,arrestee_unknown_age_federal_resource_violations,offense_perjury,offense_extradition_denied_perjury,not_cleared_perjury,offense_prosecution_declined_perjury,offense_victim_refused_to_cooperate_perjury,offense_cleared_by_arrest_perjury,offense_juvenile_no_custody_perjury,offense_death_of_suspect_perjury,offense_home_perjury,offense_other_unknown_location_perjury,offense_outside_perjury,offense_school_perjury,offense_bar_nightclub_perjury,offender_perjury,offender_female_perjury,offender_male_perjury,offender_unknown_sex_perjury,offender_asian_perjury,offender_black_perjury,offender_unknown_race_perjury,offender_white_perjury,offender_american_indian_perjury,offender_adult_perjury,offender_juvenile_perjury,offender_unknown_age_perjury,arrestee_black_perjury,arrestee_asian_perjury,arrestee_unknown_race_perjury,arrestee_hispanic_perjury,arrestee_juvenile_perjury,arrestee_unknown_age_perjury,arrestee_on_view_arrest_perjury,offense_espionage,offense_extradition_denied_espionage,not_cleared_espionage,offense_prosecution_declined_espionage,offense_victim_refused_to_cooperate_espionage,offense_cleared_by_arrest_espionage,offense_juvenile_no_custody_espionage,offense_death_of_suspect_espionage,offense_home_espionage,offense_other_unknown_location_espionage,offense_outside_espionage,offense_school_espionage,offense_bar_nightclub_espionage,offender_espionage,offender_female_espionage,offender_male_espionage,offender_unknown_sex_espionage,offender_asian_espionage,offender_black_espionage,offender_unknown_race_espionage,offender_white_espionage,offender_american_indian_espionage,offender_adult_espionage,offender_juvenile_espionage,offender_unknown_age_espionage,arrestee_espionage,arrestee_male_espionage,arrestee_female_espionage,arrestee_white_espionage,arrestee_black_espionage,arrestee_american_indian_espionage,arrestee_asian_espionage,arrestee_unknown_race_espionage,arrestee_unknown_ethnicity_espionage,arrestee_not_hispanic_espionage,arrestee_hispanic_espionage,arrestee_adult_espionage,arrestee_juvenile_espionage,arrestee_unknown_age_espionage,arrestee_on_view_arrest_espionage,arrestee_taken_into_custody_espionage,arrestee_summoned_cited_espionage
TX0203300,2020,Angleton I.s.d. Police Department,Texas,0,2,1,6,1,0,1,7,3,0,0,0,0,0,0,0,0,0,0,0,0,0,0,0,0,0,0,0,0,0,0,0,0,0,0,0,0,1,0,0,0,0,0,0,0,0,0,2,0,6,0,0,0,0,0,0,0,0,0,0,0,0,0,0,0,1,0,0,0,0,0,0,0,0,0,0,0,0,0,1,0,1,0,0,0,0,0,2,0,3,0,0,1,0,1,0,0,0,0,0,0,5,2,0,1,0,2,0,0,0,0,0,0,0,0,0,0,0,0,0,0,0,0,0,0,0,0,0,0,0,0,0,0,0,0,0,0,0,0,0,0,0,0,0,0,0,0,0,0,0,0,0,0,0,0,0,0,0,0,0,0,0,0,0,0,0,0,0,0,0,0,0,0,0,0,0,0,0,0,0,0,0,0,0,0,0,0,1,0,0,1,0,0,0,0,0,0,0,0,0,0,0,0,1,0,0,0,0,0,0,0,0,0,0,0,0,0,0,0,0,0,0,0,0,0,0,0,0,0,0,0,0,0,0,0,0,0,0,0,0,0,0,0,0,0,0,0,0,0,0,0,0,0,0,0,0,0,0,0,0,0,0,0,0,0,0,0,0,0,0,0,0,0,0,0,0,0,0,0,0,0,0,0,0,0,0,0,0,0,0,0,0,0,0,0,0,0,0,0,0,0,0,0,0,0,0,0,0,0,0,2,0,0,0,0,6,0,0,0,1,0,0,0,0,0,0,0,7,0,0,0,3,0,0,0,0,0,0,0,0,0,0,0,0,0,0,0,0,0,0,0,0,0,0,0,0,0,0,0,0,0,0,0,0,0,0,0,0,0,0,0,0,0,0,0,0,0,0,0,0,0,0,0,0,0,0,0,0,0,0,0,0,0,0,0,0,0,0,0,0,0,0,0,0,0,0,0,0,0,0,0,0,0,0,0,0,0,0,0,1,0,0,0,0,0,1,0,0,0,0,0,0,0,0,0,0,1,0,0,0,0,0,0,0,0,0,0,0,0,0,0,0,0,0,0,0,0,0,0,0,0,0,0,0,0,0,0,0,0,0,0,0,0,0,0,0,0,0,0,0,0,0,0,0,0,0,0,0,0,0,0,0,0,0,0,0,0,0,0,0,0,0,0,0,2,1,6,1,7,0,0,0,0,0,0,0,0,0,0,0,1,0,0,0,0,0,0,0,0,0,2,2,8,1,0,1,11,10,0,0,0,0,0,0,0,0,0,0,0,0,0,0,0,0,0,0,0,0,0,0,0,0,0,0,0,0,1,0,0,0,0,0,0,0,0,0,2,0,0,2,0,8,0,0,0,1,0,0,0,0,1,0,0,11,0,0,8,2,0,0,0,0,0,0,0,0,0,0,0,0,0,0,0,0,0,0,0,0,0,0,0,0,0,0,0,0,0,0,0,0,0,0,0,0,0,0,0,0,0,0,0,0,0,0,0,0,0,0,0,0,0,0,0,0,0,0,0,0,0,0,0,0,0,0,0,0,0,0,0,0,0,0,1,0,0,0,0,0,0,0,0,0,0,0,0,0,0,0,0,0,0,0,0,0,0,0,0,0,0,0,0,0,0,0,0,0,0,0,0,0,0,2,0,2,0,3,0,5,0,0,1,0,0,0,0,0,1,1,0,10,0,0,2,8,0,0,0,0,0,0,0,0,0,0,0,0,0,0,0,0,0,0,0,0,0,0,0,0,0,0,0,0,0,0,0,0,0,0,0,0,0,0,0,0,0,0,0,0,0,0,0,0,0,0,0,0,0,0,0,0,0,0,0,0,0,0,0,0,0,0,0,0,0,0,0,0,0,0,0,0,0,0,0,0,0,0,0,0,0,0,0,0,0,0,0,0,0,1,0,0,0,0,0,0,0,0,0,0,0,0,0,0,0,0,0,0,0,0,0,0,0,0,0,0,0,0,0,0,0,0,0,0,0,0,0,0,0,0,0,0,0,0,0,0,0,0,0,0,0,0,0,0,0,0,0,0,0,0,0,0,0,0,0,0,0,0,0,0,0,0,0,0,0,0,0,0,0,0,0,0,0,2,0,1,1,1,7,0,0,0,1,0,0,0,0,0,1,10,0,0,8,2,0,0,0,0,0,0,0,0,0,0,0,0,0,0,0,0,0,0,0,0,0,0,0,0,0,0,0,0,0,0,0,0,0,0,0,0,0,0,0,0,0,0,0,0,0,0,0,0,0,0,0,0,0,0,0,0,0,0,0,0,0,0,0,0,0,0,0,0,0,0,0,0,0,0,0,1,0,0,0,0,0,0,0,0,0,0,0,0,0,0,0,1,0,0,0,0,0,0,0,0,0,0,0,0,0,,0,1,2,1,0,0,0,0,7,0,0,5,0,0,0,0,0,0,0,0,0,0,0,0,0,0,0,0,0,0,0,0,0,0,0,1,0,0,0,0,0,0,0,0,0,0,0,0,0,0,0,0,0,0,0,0,0,1,2,0,1,0,0,0,0,0,0,0,0,7,0,0,0,0,5,0,0,0,0,0,0,0,0,0,0,0,0,0,0,0,0,0,0,0,0,0,0,0,0,0,0,0,0,0,0,0,0,0,0,0,0,0,0,0,0,0,0,0,0,1,0,0,0,0,0,0,0,0,0,0,0,0,0,0,0,0,0,0,0,0,0,0,0,0,0,0,0,0,0,0,0,0,0,0,0,0,0,0,0,1,0,2,0,0,0,0,0,0,0,0,0,1,6,0,0,0,0,5,0,0,0,0,0,0,0,0,0,0,0,0,0,0,0,0,0,1,0,0,0,0,0,0,0,0,0,0,0,0,0,0,0,0,0,0,0,0,0,0,0,0,0,0,0,0,0,0,0,0,0,0,0,0,0,0,0,0,0,0,1,0,0,0,0,0,0,0,0,0,0,0,0,0,0,0,0,0,0,0,0,0,0,0,0,0,0,0,0,0,0,0,0,0,0,0,0,0,0,0,0,0,0,0,0,0,0,0,0,0,0,0,0,0,0,0,0,0,0,0,0,0,0,0,0,0,0,0,0,0,0,0,0,0,0,0,0,0,0,0,0,0,0,0,0,0,0,0,0,0,0,0,0,0,0,0,0,0,0,0,0,0,0,0,0,0,0,0,0,0,0,0,0,0,0,0,0,0,0,0,0,0,0,0,0,0,0,0,0,0,0,0,0,0,0,0,0,0,0,0,0,0,0,0,0,0,0,0,0,0,0,2,0,1,0,0,0,4,0,0,0,0,0,0,0,0,0,0,1,0,0,0,0,0,0,0,0,0,0,0,0,0,0,0,0,0,0,0,0,0,0,0,0,0,0,0,0,1,0,0,3,5,0,0,0,0,0,0,0,0,0,0,0,0,0,0,0,0,0,0,0,0,0,0,0,0,0,0,0,0,0,0,0,0,0,0,0,0,0,0,0,0,0,0,0,0,0,0,0,0,0,0,1,1,1,0,0,0,0,0,0,0,7,0,0,0,5,0,0,0,0,0,0,0,0,0,0,0,0,1,0,0,0,0,0,0,0,0,0,0,0,0,0,0,0,0,0,0,0,0,0,0,0,0,0,0,0,0,0,0,0,0,0,0,0,1,0,0,0,0,0,0,0,0,0,,0,0,0,0,0,0,0,0,0,0,0,0,0,0,0,0,0,0,0,0,0,0,0,0,0,0,0,0,0,0,0,0,0,0,0,0,0,0,0,0,0,0,0,0,0,0,0,1,0,2,0,1,0,0,0,0,0,0,0,0,0,7,0,0,0,0,0,5,0,0,0,0,0,0,0,0,0,0,0,0,0,0,0,0,0,0,0,0,0,0,0,0,0,0,0,0,0,0,0,0,0,0,0,0,1,0,0,0,0,0,0,0,0,0,0,0,0,0,0,0,0,0,0,0,0,0,0,0,0,0,0,0,0,0,0,0,0,0,0,0,0,0,0,0,0,0,0,0,0,0,0,0,0,0,0,0,0,0,0,0,0,0,0,0,0,0,0,0,0,0,0,0,0,0,0,0,0,0,0,0,0,0,0,0,0,0,0,0,0,0,0,0,0,0,0,0,0,0,0,0,0,0,3,1,10,1,0,1,7,3,0,0,0,0,0,0,0,0,0,0,0,0,0,0,0,0,0,0,0,0,0,0,0,0,0,0,0,0,1,0,0,0,0,0,0,0,0,3,0,0,0,5,5,0,1,0,0,0,0,0,2,1,0,0,0,0,0,0,0,0,0,0,0,0,0,0,0,0,0,0,0,0,0,0,0,0,0,0,0,0,0,0,0,0,0,0,0,0,0,0,0,0,0,0,0,0,0,0,0,0,0,0,0,0,0,0,0,0,0,0,0,0,0,1,0,0,0,0,0,0,0,0,0,0,0,0,0,0,0,0,0,0,0,0,0,1,0,2,1,0,0,1,0,9,0,0,1,0,0,0,0,0,3,0,0,0,0,0,0,0,0,0,0,0,0,0,0,0,0,0,0,0,0,0,0,0,0,0,0,0,0,0,0,0,0,0,0,0,0,0,0,0,0,0,0,0,0,0,0,0,0,0,0,0,0,0,0,0,0,0,0,0,0,0,0,0,0,0,0,0,0,0,0,0,0,0,0,0,0,0,0,0,0,0,0,0,0,0,0,0,0,0,0,0,0,0,0,0,0,0,0,0,0,0,0,0,0,0,0,0,0,0,0,0,0,0,0,0,0,0,0,0,0,0,0,0,0,0,0,0,0,1,0,0,0,0,0,0,0,0,0,0,0,0,0,0,0,0,0,0,0,0,0,0,0,0,0,0,0,0,0,0,1,1,6,1,0,2,0,0,0,0,0,0,0,0,0,0,4,0,0,0,0,0,0,0,0,0,0,1,0,0,1,0,0,0,0,0,0,0,0,0,0,0,0,0,0,0,0,0,0,0,0,0,0,0,0,0,0,0,0,0,3,0,0,0,6,4,0,1,0,0,0,0,0,0,2,1,0,0,0,0,0,0,0,0,0,0,0,0,0,0,0,0,0,0,0,0,0,0,0,0,0,0,0,0,0,0,0,0,0,0,0,0,0,0,0,0,0,0,0,0,0,0,0,0,0,0,0,0,0,0,0,0,0,0,1,0,0,0,0,,0,0,0,0,0,0,0,0,0,0,0,0,0,0,0,0,0,0,0,0,0,1,8,2,0,0,0,0,0,0,0,0,0,0,0,0,0,0,0,3,0,0,0,0,0,0,0,0,0,0,0,0,0,0,0,0,0,0,0,0,0,,0,0,,0,0,3,0,0,0,1,0,0,10,0,0,1,0,3,0,0,0,0,0,0,0,0,0,0,0,0,0,0,0,0,0,0,0,0,0,0,0,0,0,0,0,0,0,0,0,0,0,0,0,0,0,0,0,0,0,0,0,0,0,0,0,0,0,0,0,0,0,0,0,0,0,0,0,0,0,0,0,0,0,0,0,0,0,0,0,0,0,0,0,0,0,0,0,0,0,0,0,0,0,0,0,0,0,0,0,0,0,0,0,0,0,0,0,0,0,0,0,0,0,0,0,0,0,0,0,0,0,0,0,0,0,0,0,0,0,0,0,0,0,0,0,0,0,0,0,0,0,0,0,0,0,0,0,0,0,0,0,0,0,0,0,0,0,0,0,0,0,0,0,0,0,0,0,0,0,0,0,0,0,0,0,0,0,0,0,0,0,0,0,,0,0,0,0,0,0,0,0,0,0,0,0,0,0,0,0,0,0,0,0,0,0,0,0,0,,0,0,0,0,0,0,0,0,0,0,0,0,0,0,0,0,0,0,0,0,0,,0,0,0,0,0,0,,0,,,0,0,,0,0,0,0,0,0,0,0,0,0,0,,0,0,0,0,0,0,0,0,0,0,0,0,0,0,0,0,0,0,0,0,0,0,0,0,0,0,0,0,0,0,0,0,0,0,0,0,0,0,0,0,0,0,0,0,0,0,0,0,0,0,0,,0,0,0,0,0,0,0,0,0,0,0,0,0,0,0,0,0,0,0,0,0,0,0,0,0,0,0,0,0,0,0,0,0,0,0,0,0,,0,0,,0,0,0,0,0,0,0,0,0,,0,0,0,0,0,0,0,0,0,0,0,0,0,0,0,0,0,0,0,0,0,0,0,0,0,0,0,0,0,0,0,0,0,0,0,0,0,0,0,0,0,0,0,0,0,0,0,0,0,,0,0,0,0,0,0,0,0,0,0,0,0,0,0,0,0,0,0,0,0,0,0,0,0,0,0,0,0,0,0,0,0,0,0,0,0,0,0,0,0,0,0,0,0,0,0,0,0,0,0,0,0,0,0,0,,,,0,0,0,0,0,,0,0,0,0,0,0,0,0,0,0,,0,,,0,0,0,0,0,0,0,0,0,0,0,0,0,0,0,,0,0,0,0,0,0,0,0,0,0,0,0,0,0,,,,0,0,0,0,0,0,0,0,0,,,,0,0,0,0,0,0,0,0,0,0,,,,0,0,0,0,,0,0,0,,,,0,0,0,0,0,0,,0,0,0,0,0,0,0,0,0,0,0,0,,0,0,0,,,0,,0,0,0,,0,0,0,,,0,0,0,0,0,,0,0,0,0,0,0,0,0,0,0,0,0,0,0,0,0,0,0,0,0,0,0,0,0,0,0,0,0,0,0,0,0,0,0,0,0,0,0,0,0,0,0,0,0,0,0,0,0,0,0,0,0,0,0,0,0,0,0,0,0,0,0,0,0,0,0,0,0,,0,0,0,0,0,0,0,0,0,0,0,0,0,0,0,0,0,0,0,0,0,0,0,0,0,0,,0,0,0,0,0,0,0,0,0,0,0,0,0,0,0,0,0,0,0,0,0,0,0,0,0,0,0,0,0,0,0,0,0,0,0,0,0,0,0,0,0,0,0,0,0,0,0,0,0,0,0,0,0,0,0,0,0,0,0,0,0,0,0,0,0,0,0,0,0,0,0,0,0,0,0,0,0,0,0,0,0,0,0,0,0,0,0,0,0,0,0,0,0,0,0,0,0,0,0,0,0,0,0,0,0,0,0,0,0,0,0,0,0,0,0,0,0,0,0,0,0,0,0,0,0,0,0,0,0,0,0,0,0,0,0,0,0,0,0,0,0,0,0,0,0,0,0,0,0,0,0,0,0,0,0,0,0,0,0,0,0,0,0,0,,,0,0,0,0,0,0,0,0,0,0,0,,0,0,0,0,0,0,0,0,0,0,0,0,0,0,0,0,0,0,0,0,0,,0,,0,0,0,0,0,0,0,,0,,0,0,,0,0,0,0,0,0,0,0,,0,0,0,0,,0,0,0,0,,0,0,,,0,0,0,,,0,0,0,0,,,0,0,0,0,0,0,0,0,0,0,0,0,0,,,,,,,,,,,,,,,,,,,,,,,,,,,,,,,,,,,,,,,,,,,,,,,,,,,,,,,,,,,,,,,,,,,,,,,,,,,,,,,,,,,,,,,,,,,,,,,,,,,,,,,,,,,,,,,,,,,,,,,,,,,,,,,,,,,,,,,,,,,,,,,,,,,,,,,,,,,,,,,,,,,,,,,,,,,,,,,,,,,,,,,,,,,,,,,,,,,,,,,,,,,,,,,,,,,,,,,,,,,,,,,,,,,,,,,,,,,,,,,,,,,,,,,,,,,,,,,,,,,,,,,,,,,,,,,,,,,,,,,,,,,,,,,,,,,,,,,,,,,,,,,,,,,,,,,0,0,0,0,0,0,0,0,0,0,0,0,0,0,0,0,0,0,0,0,0,0,0,0,0,0,0,0,0,0,0,0,0,0,0,0,0,0,0,0,0,0,0,0,0,0,0,0,0,0,0,0,0,0,0,0,0,0,0,0,0,0,0,0,0,0,0,0,0,0,0,0,0,0,0,0,0,0,0,0,0,0,0,0,0,0,0,0,0,0,0,0,0,0,0,0,0,0,0,0,0,0,0,0,0,0,0,0,0,0,0,0,0,0,0,0,0,0,0,0,0,0,0,0,0,0,0,0,0,0,0,0,0,0,0,0,0,0,0,0,0,0,0,0,0,0,0,0,0,0,0,0,0,0,0,0,0,0,0,0,0,0,0,0,0,0,0,0,0,0,0,0,0,0,0,0,0,0,0,0,0,0,0,0,0,0,0,0,0,0,0,0,0,0,0,0,0,0,0,0,0,0,0,0,0,0,0,0,0,0,0,0,0,0,0,0,0,0,0,0,0,0,0,0,0,0,0,0,0,0,0,0,0,0,0,0,0,0,0,0,0,0,0,0,0,0,0,0,0,0,0,0,0,0,0,0,0,0,0,0,0,0,0,0,0,0,0,0,0,0,0,0,0,0,0,0,0,0,0,0,0,0,0,0,0,0,0,0,0,0,0,0,0,0,0,0,0,0,0,0,0,0,0,0,0,0,0,0,0,0,0,0,0,0,0,0,0,0,0,0,0,0,0,0,0,0,0,0,0,0,0,0,0,0,0,0,0,0,0,0,0,0,0,0,0,0,0,0,0,0,0,0,0,0,0,0,0,0,0,0,0,0,0,0,0,0,0,0,0,0,0,0,0,0,0,0,0,0,0,0,0,0,0,0,0,0,0,0,0,0,0,0,0,0,0,0,0,0,0,0,0,0,0,0,0,0,0,0,0,0,0,0,0,0,0,0,0,0,0,0,0,0,0,0,0,0,0,0,0,0,0,0,0,0,0,0,0,0,0,0,0,0,0,0,0,0,0,0,0,0,0,0,0,0,0,0,0,0,0,0,0,0,0,0,0,0,0,0,0,0,0,0,0,0,0,0,0,0,0,0,0,0,0,0,0,0,0,0,0,0,0,0,0,0,0,0,0,0,0,0,0,0,0,0,0,0,0,0,0,0,0,0,0,0,0,0,0,0,0,0,0,0,0,0,0,0,0,0,0,0,0,0,0,0,0,0,0,0,0,0,0,0,0,0,0,0,0,0,0,0,0,0,0,0,0,0,0,0,0,0,0,0,0,0,0,0,0,0,0,0,0,0,0,0,0,0,0,0,0,0,0,0,0,0,0,0,0,0,0,0,0,0,0,0,0,0,0,0,0,0,0,0,0,0,0,0,0,0,0,0,0,0,0,0,0,0,0,0,0,0,0,0,0,0,0,0,0,0,0,0,0,0,0,0,0,0,0,0,0,0,0,0,0,0,0,0,0,0,0,0,0,0,0,0,0,0,0,0,0,0,0,0,0,0,0,0,0,0,0,0,0,0,0,0,0,0,0,0,0,0,0,0,0,0,0,0,0,0,0,0,0,0,0,0,0,0,0,0,0,0,0,0,0,0,0,0,0,0,0,0,0,0,0,0,0,0,0,0,0
TX0203300,2021,Angleton I.s.d. Police Department,Texas,0,2,7,28,1,1,0,10,4,0,0,0,0,0,0,0,0,0,0,0,0,0,0,0,0,1,0,0,0,0,0,0,0,0,0,0,0,1,0,0,0,0,0,0,0,0,0,2,0,28,0,0,0,0,0,0,0,0,0,0,0,0,0,0,0,1,0,0,0,0,0,0,0,0,0,0,0,0,0,1,0,0,1,0,0,1,0,17,0,1,6,1,3,0,1,0,0,0,1,0,0,7,2,0,1,0,1,1,1,0,0,0,0,0,0,0,0,0,0,0,0,0,0,0,0,0,0,0,0,0,0,0,0,0,0,0,0,0,0,0,0,0,0,0,0,0,0,0,0,0,0,0,0,0,0,0,0,0,0,0,0,0,0,0,0,0,0,0,0,0,0,0,0,0,0,0,0,0,0,0,0,0,0,0,0,0,0,0,0,0,0,0,1,0,0,0,0,0,0,0,0,0,0,1,0,0,0,0,0,0,0,0,0,6,0,0,0,0,0,0,0,0,0,0,0,0,0,0,0,0,0,0,0,0,0,0,0,0,0,0,0,0,0,0,0,0,0,0,0,0,0,0,0,0,0,0,0,0,0,0,0,0,0,0,0,0,0,0,0,0,0,0,0,0,0,0,0,0,0,0,0,0,0,0,0,0,0,0,0,0,0,,0,0,0,0,0,0,0,0,0,0,0,0,,0,0,0,0,0,2,0,0,2,0,26,0,1,0,0,0,1,0,0,0,0,0,10,0,0,0,4,0,0,0,0,0,0,0,0,0,0,0,0,0,0,0,0,0,0,0,0,0,0,0,0,0,0,0,0,0,0,0,0,0,0,0,0,0,0,0,0,0,0,0,0,0,0,0,0,0,0,0,0,0,0,0,0,0,0,0,0,0,0,0,0,0,0,0,0,0,0,0,0,0,0,0,0,0,0,0,0,0,0,0,0,0,0,0,1,0,0,0,0,0,7,0,0,0,0,0,1,0,0,0,0,0,0,0,0,0,0,0,0,0,0,0,0,0,0,0,0,0,0,0,0,0,0,0,0,0,0,0,0,0,0,0,0,0,0,0,0,0,0,0,0,0,0,0,0,0,0,0,0,0,0,0,0,0,0,0,0,0,0,0,0,0,0,0,0,0,0,0,0,2,7,28,0,10,0,0,0,0,0,0,0,0,0,0,0,1,0,0,0,0,0,0,0,0,0,3,7,29,1,1,0,14,4,0,0,0,0,0,0,0,0,0,0,0,0,0,0,0,0,1,0,0,0,0,0,0,0,0,0,0,0,1,0,0,0,0,0,0,0,0,2,1,0,0,7,13,16,0,0,0,1,0,0,1,0,0,0,7,7,0,0,4,0,0,0,0,0,0,0,0,0,0,0,0,0,0,0,0,0,0,0,0,0,0,0,0,0,0,0,0,0,0,0,0,0,0,0,0,0,0,0,0,0,0,0,0,0,0,1,0,0,0,0,0,0,0,0,0,0,0,0,0,0,0,0,0,0,0,0,0,0,0,0,0,0,0,1,0,0,0,0,0,0,0,0,0,0,0,0,0,0,0,0,0,0,0,0,0,0,0,0,0,0,0,0,0,0,0,0,0,0,0,0,0,1,0,2,4,3,0,4,0,25,0,0,1,0,0,1,0,0,0,1,0,13,0,1,0,3,0,0,0,0,0,0,0,0,0,0,0,0,0,0,0,0,0,0,0,0,0,0,0,0,0,0,0,0,0,0,0,0,0,0,0,0,0,0,0,0,0,0,0,0,0,0,0,0,0,0,0,0,0,0,0,1,0,0,0,0,0,0,0,0,0,0,0,0,0,0,0,0,0,0,0,0,0,0,0,0,0,0,0,0,0,0,0,0,0,0,0,0,0,1,0,0,0,0,0,0,0,0,0,0,0,0,0,0,0,0,0,0,0,0,0,0,0,0,0,0,0,0,0,0,0,0,0,0,0,0,0,0,0,0,0,0,0,0,0,0,0,0,0,0,0,0,0,0,0,0,0,0,0,0,0,0,0,0,0,0,0,0,0,0,0,0,0,0,0,0,0,0,0,0,0,0,1,2,0,0,7,3,26,0,0,0,1,0,0,1,0,0,0,14,0,0,4,0,0,0,0,0,0,0,0,0,0,0,0,0,0,0,0,0,0,0,0,0,0,0,0,0,0,0,0,0,0,0,0,0,0,0,0,0,0,0,0,0,0,0,0,0,0,0,0,1,0,0,0,0,0,0,0,0,0,0,0,0,0,0,0,0,0,0,0,0,0,0,0,0,0,0,0,1,0,0,0,0,0,0,0,0,0,0,0,0,0,0,0,0,0,0,0,0,0,0,0,0,0,0,0,0,0,0,0,1,3,16,,0,0,0,7,,0,1,0,0,0,0,0,0,0,0,0,0,0,0,0,0,0,1,,0,0,0,0,0,0,1,0,0,6,0,0,0,0,0,0,0,0,0,0,0,0,0,0,0,0,0,1,0,0,6,10,,,0,0,0,0,0,3,4,,,0,0,1,0,0,0,0,0,0,0,0,0,0,0,0,0,0,3,0,0,0,0,0,0,0,0,0,0,0,1,0,,0,0,0,0,0,0,0,0,0,0,0,0,0,0,1,0,0,0,0,0,0,0,6,0,0,0,0,0,0,0,0,0,0,0,0,0,0,0,0,0,0,0,0,0,0,0,0,0,0,0,0,0,0,0,0,1,0,3,13,,,0,0,0,0,0,0,1,6,,,0,0,1,0,0,0,0,0,0,0,0,0,0,0,0,0,0,0,0,0,3,0,0,0,0,0,0,0,0,0,0,,,0,0,0,0,0,,0,0,0,,0,,0,0,0,0,0,0,1,0,0,,0,0,0,0,0,0,0,0,1,0,0,0,0,2,0,0,0,0,0,,0,0,4,0,0,0,0,0,0,0,0,0,0,0,0,0,0,0,0,0,0,0,0,0,0,0,0,0,0,0,0,,0,0,0,0,0,0,0,0,0,0,0,0,0,0,0,0,0,0,0,0,0,0,0,0,0,0,0,0,0,0,,0,0,0,0,0,0,0,0,0,0,0,0,0,,0,0,0,0,0,0,0,0,0,0,0,0,0,0,0,0,0,0,0,0,0,0,0,0,0,1,,0,0,0,0,,0,0,0,0,0,0,0,0,0,0,0,0,0,0,0,0,0,0,,0,0,0,0,0,0,0,0,0,0,1,1,6,7,0,0,0,3,0,0,0,0,,0,0,0,0,0,0,0,0,0,0,0,0,0,,0,0,0,0,0,0,2,0,0,0,0,0,0,0,0,0,,0,0,,0,0,0,4,1,0,0,0,0,0,0,1,0,8,0,0,0,0,0,0,1,0,0,0,0,0,0,0,0,,0,0,0,0,0,0,0,0,0,0,0,0,0,0,0,0,0,0,0,0,0,0,0,0,0,0,1,2,1,,0,0,0,0,0,7,,0,0,1,0,0,0,0,0,0,0,0,0,0,0,0,15,0,0,0,0,1,0,0,0,0,0,0,,0,0,0,0,,0,0,0,0,0,0,,1,0,0,0,0,0,0,0,0,0,0,1,0,0,0,0,0,0,0,0,0,,0,0,0,0,6,0,0,0,0,0,0,0,0,0,0,0,0,0,,,0,0,0,0,0,0,0,0,0,0,0,,0,0,0,0,0,0,0,0,0,0,0,0,0,0,0,1,0,2,1,13,3,,,0,0,0,0,0,0,7,0,,,0,0,1,0,0,0,0,0,0,0,0,0,0,0,0,0,0,0,0,0,0,0,0,0,0,0,,0,,0,0,0,0,0,0,0,0,0,0,1,0,0,0,0,0,4,2,0,0,0,0,0,0,0,0,0,0,0,0,0,,0,0,0,0,0,0,0,0,0,0,0,0,0,0,0,0,0,0,0,0,0,0,0,0,0,0,0,,0,0,0,0,0,0,0,0,0,0,0,,0,0,0,0,1,0,0,0,0,0,0,0,0,0,0,0,0,0,0,0,0,0,0,0,0,0,0,0,0,0,0,0,0,0,0,0,22,10,31,1,1,0,10,5,0,0,0,0,0,0,0,0,0,0,0,0,0,0,0,0,1,0,0,0,0,0,0,0,0,0,0,0,1,0,0,0,0,0,0,0,0,17,5,0,3,22,9,0,0,0,0,0,1,0,2,3,0,0,0,0,0,0,0,0,0,0,0,0,0,0,0,0,0,0,0,0,0,0,0,0,0,0,0,0,0,0,0,0,0,0,0,0,0,0,0,0,0,1,0,0,0,0,0,0,0,0,0,0,0,0,0,0,0,0,0,0,0,7,0,0,0,0,0,0,0,0,0,0,0,0,0,0,0,0,0,0,0,0,0,6,0,15,2,8,0,3,0,28,0,0,0,0,0,1,0,0,5,0,0,0,0,0,0,0,0,0,0,0,0,0,0,0,0,0,0,0,0,0,0,0,0,0,0,0,0,0,0,0,0,0,0,0,0,1,0,0,0,0,0,0,0,0,0,0,0,0,0,0,1,0,0,0,0,0,0,0,0,0,0,0,0,0,0,0,0,0,0,0,0,0,0,0,0,0,0,0,0,0,0,0,0,0,0,0,0,0,0,0,0,0,0,0,0,0,0,0,0,0,0,0,0,0,0,0,0,0,0,0,0,0,0,0,0,0,0,0,0,0,0,0,0,0,0,0,0,2,1,1,0,1,0,0,0,0,0,0,0,0,0,0,0,0,0,0,0,0,0,0,0,0,0,0,0,0,0,0,13,6,13,0,0,1,0,0,0,0,0,0,0,0,0,0,17,0,0,0,0,0,0,0,0,3,0,4,0,0,7,0,1,0,0,0,0,0,0,0,0,0,0,0,0,0,0,0,0,0,0,0,0,0,0,0,0,0,0,0,10,12,0,4,6,25,0,0,0,0,1,0,0,2,3,0,0,0,0,0,0,0,0,0,0,0,0,0,0,0,0,0,0,0,0,0,0,0,0,0,0,0,0,0,0,0,0,0,0,0,0,0,0,0,0,1,0,0,0,0,0,0,0,0,0,0,0,0,0,0,0,0,0,0,6,0,0,0,0,,0,0,0,0,0,0,0,0,0,0,0,0,0,0,0,0,0,0,0,21,0,10,24,7,1,0,0,0,0,0,0,0,0,0,0,0,0,0,0,1,0,0,0,0,0,0,0,0,0,0,0,0,0,0,0,0,0,0,0,0,0,,0,0,,0,0,22,0,0,0,10,0,1,30,0,0,0,1,2,0,0,0,0,0,0,0,0,0,0,0,0,0,0,0,0,0,0,0,0,0,0,0,0,0,0,0,0,0,0,0,0,0,0,0,0,0,0,0,0,0,0,0,0,0,0,0,0,0,0,0,0,0,0,0,0,0,0,0,0,0,0,0,0,0,2,1,0,0,0,0,0,0,0,0,0,0,0,0,0,0,0,0,0,0,0,0,0,0,0,0,0,0,0,0,0,0,0,0,0,0,0,0,0,0,0,0,0,0,0,0,0,0,0,0,0,0,0,0,0,0,0,0,1,0,0,0,0,0,0,1,0,0,0,0,0,,0,0,0,0,0,0,0,0,0,0,0,0,0,0,0,0,0,0,0,0,0,0,0,0,0,0,0,0,,0,0,0,0,0,0,0,,0,,0,0,0,0,0,0,0,0,0,0,0,0,0,0,0,0,0,0,0,0,0,0,0,0,0,,0,0,0,0,0,,0,0,0,0,0,0,0,0,0,0,0,0,0,0,0,,0,0,0,0,0,0,,0,0,,0,0,,0,,0,0,0,0,0,0,0,0,0,,0,0,0,0,0,0,0,0,0,0,0,0,0,0,0,0,0,0,0,0,0,0,0,0,0,0,0,0,0,0,0,0,0,0,0,0,0,0,0,0,0,0,0,0,0,0,0,0,0,,0,0,0,0,0,0,0,0,0,0,0,0,0,,0,0,0,0,0,0,0,0,0,0,0,0,0,0,0,,0,0,0,0,0,0,0,0,0,0,0,0,0,0,0,0,0,0,0,0,0,,0,0,0,,0,0,0,0,,0,0,0,0,0,0,0,0,0,0,0,0,0,0,0,0,0,0,0,0,0,0,0,0,0,0,0,0,0,0,0,0,0,0,0,0,,0,0,,0,,0,0,0,0,,0,0,0,,0,0,0,0,,0,0,0,0,0,0,0,0,,,0,0,0,0,0,0,0,0,0,0,0,0,0,0,0,0,0,0,0,0,0,0,0,0,0,0,0,0,0,0,0,,0,,0,0,0,0,0,0,0,0,0,0,0,0,0,0,0,0,,0,,,0,0,0,0,0,0,0,0,0,0,0,0,0,0,0,0,0,0,0,0,0,0,0,0,0,0,0,0,0,0,,,0,0,0,0,0,0,0,0,0,,,,,0,0,0,0,0,0,0,0,0,,0,,,0,0,0,0,0,0,0,0,,,0,0,0,0,0,0,0,,0,,0,0,,0,0,0,,,0,,,,,0,,,0,0,0,0,0,,0,,0,,,0,0,0,0,0,,0,0,0,0,0,0,0,0,0,0,0,0,0,0,0,0,0,0,0,0,0,0,0,0,0,0,0,0,0,0,0,0,0,0,0,0,0,0,0,0,0,0,0,0,0,0,0,0,0,0,0,0,0,0,0,0,0,0,0,0,0,0,0,0,0,0,0,0,,0,0,0,0,0,0,0,0,0,0,0,0,0,0,0,0,0,0,0,0,0,0,0,0,0,0,,0,0,0,0,0,0,0,0,0,0,0,0,0,0,0,0,0,0,0,0,0,0,0,0,0,0,0,0,0,0,0,0,0,0,0,0,0,0,0,0,0,0,0,0,0,0,0,0,0,0,0,0,0,0,0,0,0,0,0,0,0,0,0,0,0,0,0,0,0,0,0,0,0,0,0,0,0,0,0,0,0,0,0,0,0,0,0,0,0,0,0,0,0,0,0,0,0,0,0,0,0,0,0,0,0,0,0,0,0,0,0,0,0,0,0,0,0,0,0,0,0,0,0,0,0,0,0,0,0,0,0,0,0,0,0,0,0,0,0,0,0,0,0,0,0,0,0,0,0,0,0,0,0,0,0,0,,0,0,0,0,0,0,0,0,0,0,0,0,0,0,0,0,,0,0,0,0,0,0,0,0,0,0,0,0,0,0,0,0,0,0,0,0,0,0,0,0,0,,0,,0,0,0,0,0,0,0,,0,,0,0,,0,0,0,0,0,0,0,0,,0,0,0,0,0,0,0,0,0,0,0,0,0,0,0,0,0,,0,0,,0,,,,0,0,,,0,0,0,0,0,,0,0,0,0,0,0,0,0,0,0,0,0,0,0,0,0,0,0,0,0,0,0,0,0,0,0,0,0,0,0,0,0,0,0,0,0,0,0,0,0,0,0,0,0,0,0,0,0,0,0,0,0,0,0,0,0,0,0,0,0,0,0,0,0,0,0,0,0,0,0,0,0,0,0,0,0,0,0,0,0,0,0,0,0,0,0,0,0,0,0,0,0,0,0,0,0,0,0,0,0,0,0,0,0,0,0,0,0,0,0,0,0,0,0,0,0,0,0,0,0,0,0,0,0,0,0,0,0,0,0,0,0,0,0,0,0,0,0,0,0,0,0,0,0,0,0,0,0,0,0,0,0,0,0,0,0,0,0,0,0,0,0,0,0,0,0,0,0,0,0,0,0,0,0,0,0,0,0,0,0,0,0,0,0,0,0,0,,,,,,,,,,,,,,,,,,,,,,,,,,,,,,,,,,,,,,,,,,,,,,,,,,,,,,,,,,,,,,,,,,,,,,,,,,,,,,,,,,,,,,,,,,,,,,,,,,,,,,,,,,,,,,,,,,,,,,,,,,,,,,,0,0,0,0,0,0,0,0,0,0,0,0,0,0,0,0,0,0,0,0,0,0,0,0,0,0,0,0,0,0,0,0,0,0,0,0,0,0,0,0,0,0,0,0,0,0,0,0,0,0,0,0,0,0,0,0,0,0,0,0,0,0,0,0,0,0,0,0,0,0,0,0,0,0,0,0,0,0,0,0,0,0,0,0,0,0,0,0,0,0,0,0,0,0,0,0,0,0,0,0,0,0,0,0,0,0,0,0,0,0,0,0,0,0,0,0,0,0,0,0,0,0,0,0,0,0,0,0,0,0,0,0,0,0,0,0,0,0,0,0,0,0,0,0,0,0,0,0,0,0,0,0,0,0,0,0,0,0,0,0,0,0,0,0,0,0,0,0,0,0,0,0,0,0,0,0,0,0,0,0,0,0,0,0,0,0,0,0,0,0,0,0,0,0,0,0,0,0,0,0,0,0,0,0,0,0,0,0,0,0,0,0,0,0,0,0,0,0,0,0,0,0,0,0,0,0,0,0,0,0,0,0,0,0,0,0,0,0,0,0,0,0,0,0,0,0,0,0,0,0,0,0,0,0,0,0,0,0,0,0,0,0,0,0,0,0,0,0,0,0,0,0,0,0,0,0,0,0,0,0,0,0,0,0,0,0,0,0,0,0,0,0,0,0,0,0,0,0,0,0,0,0,0,0,0,0,0,0,0,0,0,0,0,0,0,0,0,0,0,0,0,0,0,0,0,0,0,0,0,0,0,0,0,0,0,0,0,0,0,0,0,0,0,0,0,0,0,0,0,0,0,0,0,0,0,0,0,0,0,0,0,0,0,0,0,0,0,0,0,0,0,0,0,0,0,0,0,0,0,0,0,0,0,0,0,0,0,0,0,0,0,0,0,0,0,0,0,0,0,0,0,0,0,0,0,0,0,0,0,0,0,0,0,0,0,0,0,0,0,0,0,0,0,0,0,0,0,0,0,0,0,0,0,0,0,0,0,0,0,0,0,0,0,0,0,0,0,0,0,0,0,0,0,0,0,0,0,0,0,0,0,0,0,0,0,0,0,0,0,0,0,0,0,0,0,0,0,0,0,0,0,0,0,0,0,0,0,0,0,0,0,0,0,0,0,0,0,0,0,0,0,0,0,0,0,0,0,0,0,0,0,0,0,0,0,0,0,0,0,0,0,0,0,0,0,0,0,0,0,0,0,0,0,0,0,0,0,0,0,0,0,0,0,0,0,0,0,0,0,0,0,0,0,0,0,0,0,0,0,0,0,0,0,0,0,0,0,0,0,0,0,0,0,0,0,0,0,0,0,0,0,0,0,0,0,0,0,0,0,0,0,0,0,0,0,0,0,0,0,0,0,0,0,0,0,0,0,0,0,0,0,0,0,0,0,0,0,0,0,0,0,0,0,0,0,0,0,0,0,0,0,0,0,0,0,0,0,0,0,0,0,0,0,0,0,0,0,0,0,0,0,0,0,0,0,0,0,0,0,0,0,0,0,0,0,0,0,0,0,0,0,0,0,0,0,0,0,0,0,0,0,0,0,0,0,0,0,0,0,0,0,0,0,0,0,0,0,0,0,0,0,0,0,0,0,0,0,0,0,0,0,0,0,0,0,0,0,0,0
TX0203300,2022,Angleton I.s.d. Police Department,Texas,0,2,13,29,1,4,2,18,3,0,0,0,0,0,0,0,0,0,0,0,0,0,0,0,0,0,0,0,0,0,0,0,0,0,0,0,0,2,0,0,0,0,0,0,0,0,0,2,0,29,0,0,0,0,0,0,0,0,0,0,0,0,0,0,1,0,0,1,0,0,0,0,0,0,0,0,0,0,0,2,0,0,0,0,0,3,1,10,0,0,17,0,2,0,1,0,0,1,3,0,2,12,6,0,0,0,2,0,1,0,0,0,0,0,0,0,0,0,0,0,0,0,0,0,0,0,0,0,0,0,0,0,0,0,0,0,0,0,0,0,0,0,0,0,0,0,0,0,0,0,0,0,0,0,0,0,0,0,0,0,0,0,0,0,0,0,0,0,0,0,0,0,0,0,0,0,0,0,0,0,0,0,0,0,0,0,0,0,0,0,2,0,0,0,0,0,0,0,0,0,0,0,0,2,0,0,0,0,0,0,0,0,0,6,0,0,0,0,0,0,0,0,0,0,0,0,0,0,0,0,0,0,0,0,0,0,0,0,0,0,0,0,0,0,0,0,0,0,0,0,0,0,0,0,0,0,0,1,0,0,0,0,0,0,0,0,0,0,0,0,0,0,0,0,0,0,0,0,0,0,0,0,0,0,0,0,0,0,0,0,0,,0,0,0,0,0,0,0,0,0,0,0,0,,0,0,0,0,0,2,0,0,0,0,29,0,0,0,1,0,0,4,0,0,0,0,18,0,0,0,3,0,0,0,0,0,0,0,0,0,0,0,0,0,0,0,0,0,0,0,0,0,0,0,0,0,0,0,0,0,0,0,0,0,0,0,0,0,0,0,0,0,0,0,0,0,0,0,0,0,0,0,0,0,0,0,0,0,0,0,0,0,0,0,0,0,0,0,0,0,0,0,0,0,0,0,0,0,0,0,0,0,0,0,0,0,0,0,2,0,0,1,0,0,12,0,0,0,0,0,0,0,0,0,0,2,0,0,0,0,0,0,0,0,0,0,0,0,0,0,0,0,0,0,0,0,0,0,0,0,0,0,0,0,0,0,0,0,0,0,0,0,0,0,0,0,0,0,0,0,0,0,0,0,0,0,0,0,0,0,0,0,0,0,0,0,0,0,0,0,0,0,0,2,13,29,2,18,0,0,0,0,0,0,0,0,0,0,0,2,0,0,0,0,0,0,0,0,0,2,14,34,1,4,3,19,3,0,0,0,0,0,0,0,0,0,0,0,0,0,0,0,0,0,0,0,0,0,0,0,0,0,0,0,0,2,0,0,0,0,0,0,0,0,0,2,0,2,12,13,21,0,0,0,1,1,2,1,1,2,0,6,13,0,0,1,2,0,0,0,0,0,0,0,0,0,0,0,0,0,0,0,0,0,0,0,0,0,0,0,0,0,0,0,0,0,0,0,0,0,0,0,0,0,0,0,0,0,0,0,0,0,0,0,0,0,0,0,0,0,0,0,0,0,0,0,0,0,0,0,0,0,0,0,0,0,0,0,0,0,0,2,0,0,0,0,0,0,0,0,0,0,0,0,0,0,0,0,0,0,0,0,0,0,0,0,0,0,0,0,0,0,0,0,0,0,0,0,1,0,1,5,9,0,8,0,26,0,0,1,0,0,1,3,0,2,5,0,14,0,0,2,1,0,0,0,0,0,0,0,0,0,0,0,0,0,0,0,0,0,0,0,0,0,0,0,0,0,0,0,0,0,0,0,0,0,0,0,0,0,0,0,0,0,0,0,0,0,0,0,0,0,0,0,0,0,0,0,0,0,0,0,0,0,0,0,0,0,0,0,0,0,0,0,0,0,0,0,0,0,0,0,0,0,0,0,0,0,0,0,0,0,0,0,0,0,2,1,0,0,0,0,0,0,0,0,0,0,0,0,0,0,0,0,0,0,0,0,0,0,0,0,0,0,0,0,0,0,0,0,0,0,0,0,0,0,0,0,0,0,0,0,0,0,0,0,0,0,0,0,0,0,0,0,0,0,0,0,0,0,0,0,0,0,0,0,0,0,0,0,0,0,0,0,0,0,0,0,0,0,2,0,1,13,5,29,0,0,0,1,0,3,1,0,0,3,16,0,0,1,2,0,0,0,0,0,0,0,0,0,0,0,0,0,0,0,0,0,0,0,0,0,0,0,0,0,0,0,0,0,0,0,0,0,0,0,0,0,0,0,0,0,0,0,0,0,0,0,0,0,0,0,0,0,0,0,0,0,0,0,0,0,0,0,0,0,0,0,0,0,0,0,0,0,0,1,1,0,0,0,0,0,0,0,0,0,0,0,0,0,0,0,3,0,0,0,0,0,0,0,0,0,0,0,0,0,0,0,0,2,10,,0,0,0,12,,0,0,0,0,0,0,0,0,0,0,2,0,0,0,0,0,0,0,,0,1,0,0,0,0,1,0,0,7,0,0,0,0,0,0,0,0,0,0,0,0,0,0,0,0,0,0,0,2,5,5,,,0,0,0,0,0,2,10,,,0,0,0,0,0,0,0,0,0,0,0,0,0,0,0,0,2,0,0,0,0,0,0,0,0,0,0,0,0,0,0,,0,0,0,1,0,0,0,0,0,0,0,0,0,0,0,1,0,0,0,0,1,0,6,0,0,0,0,0,0,0,0,0,0,0,0,0,0,0,0,0,0,0,0,0,0,0,0,0,0,0,0,0,0,0,0,0,1,1,8,,,0,0,0,0,0,0,4,8,,,0,0,0,0,0,0,0,0,0,0,0,0,0,0,0,0,0,0,1,1,2,0,0,0,0,0,0,0,0,0,0,,,0,0,0,0,0,,0,0,0,,0,,0,0,0,0,1,0,0,0,0,,0,0,0,0,0,0,0,0,1,0,0,0,0,3,0,0,0,0,0,,0,0,4,0,0,0,0,0,0,0,0,0,0,0,0,0,0,0,0,0,0,0,0,0,0,0,0,0,0,0,0,,0,0,0,0,0,0,0,0,0,0,0,0,0,0,0,0,0,0,0,0,0,0,0,0,0,0,0,0,0,0,,0,0,0,0,0,0,0,0,0,0,0,0,0,,0,0,0,0,0,0,0,0,0,0,0,0,0,0,0,0,0,0,0,0,0,0,0,0,0,0,,0,0,0,0,,0,0,0,0,0,0,0,0,0,0,0,0,0,0,0,0,0,0,,0,0,0,0,0,0,0,0,0,0,0,2,5,4,0,0,0,4,0,0,0,0,,0,0,0,0,2,1,0,0,0,1,0,0,0,,0,0,0,0,0,0,0,0,0,0,0,0,0,0,0,0,,0,0,,0,2,0,8,0,0,0,0,0,0,0,0,0,6,0,0,0,0,0,0,0,0,0,0,0,0,0,0,0,,0,0,0,0,0,0,0,0,0,0,0,0,0,0,0,0,0,0,0,0,0,0,0,0,0,0,0,2,0,,0,0,0,0,2,10,,0,0,0,0,0,0,0,0,0,0,0,0,0,0,1,10,0,0,0,0,0,0,0,0,0,0,0,,0,0,0,1,,0,0,0,0,0,1,,0,0,0,0,0,0,0,0,0,0,0,1,0,0,0,0,0,0,0,0,0,,0,0,0,0,7,0,0,0,0,0,0,0,0,0,0,0,0,0,,,0,0,0,0,0,0,0,0,0,0,0,,0,0,0,0,0,0,0,0,0,0,0,0,0,0,0,0,0,2,0,9,1,,,0,0,0,0,0,0,12,0,,,0,0,0,0,0,0,0,0,0,0,0,0,0,0,2,0,0,0,0,0,0,0,0,0,0,0,,0,,1,0,0,0,0,0,0,0,0,0,1,0,0,0,0,0,4,3,0,0,0,0,0,0,0,0,0,0,0,0,0,,0,0,0,0,0,0,0,0,0,0,0,0,0,0,0,0,0,0,0,0,0,0,0,0,0,0,0,,0,0,0,0,0,0,0,0,0,0,0,,0,0,0,0,0,0,0,0,0,0,0,0,0,0,0,0,0,0,0,0,0,0,0,0,0,0,0,0,0,0,0,0,0,0,0,0,3,13,31,1,4,2,18,3,0,0,0,0,0,0,0,0,0,0,0,0,0,0,0,0,0,0,0,0,0,0,0,0,0,0,0,0,2,0,0,0,0,0,0,0,0,1,2,0,8,19,12,0,0,1,0,1,0,0,1,2,0,0,0,0,0,0,0,0,0,0,0,0,0,0,0,0,0,0,0,0,0,0,0,0,0,0,0,0,0,0,0,0,0,0,0,0,0,0,0,0,0,0,0,0,0,0,0,0,0,0,0,0,0,0,0,0,0,0,0,0,0,5,0,0,0,0,0,0,0,0,0,0,0,0,0,0,0,0,0,0,0,0,0,0,0,3,4,9,1,3,0,27,0,0,1,0,0,1,2,0,1,0,0,0,0,0,0,0,0,0,0,0,0,0,0,0,0,0,0,0,0,0,0,0,0,0,0,0,0,0,0,0,0,0,0,0,0,0,0,0,0,0,0,0,0,0,0,0,0,0,0,0,0,0,0,0,0,0,0,0,0,0,0,0,0,0,0,0,0,0,0,0,0,0,0,0,0,0,0,0,0,0,0,0,0,0,0,0,0,0,0,0,0,0,0,0,0,0,0,0,0,0,0,0,0,0,0,0,0,0,0,0,0,0,0,0,0,0,0,0,0,0,0,0,0,0,0,0,0,0,1,0,0,0,1,0,0,0,0,0,0,0,0,0,0,0,0,0,0,0,0,0,0,0,0,0,0,0,0,0,3,7,25,0,1,2,0,0,0,0,0,0,0,0,0,0,6,1,0,0,0,0,0,0,0,5,0,0,0,0,0,0,0,0,0,0,0,0,0,0,0,0,0,0,0,0,0,0,0,0,0,0,0,0,0,0,0,0,0,0,3,0,0,6,7,24,0,0,1,0,0,1,0,1,2,0,0,0,0,0,0,0,0,0,0,0,0,0,0,0,0,0,0,0,0,0,0,0,0,0,0,0,0,0,0,0,0,0,0,0,0,0,0,0,0,0,0,0,0,0,0,0,0,0,0,0,0,0,0,0,0,0,0,0,7,0,0,0,0,,0,0,0,0,0,0,0,0,0,0,0,0,0,0,0,0,0,0,0,2,0,13,30,1,1,0,0,0,0,0,0,0,0,0,0,0,0,0,0,1,0,0,0,0,0,0,0,0,0,0,0,0,0,0,0,0,0,0,0,0,0,,0,0,,0,0,3,0,0,0,13,0,0,29,0,2,1,0,2,0,0,0,0,0,0,0,0,0,0,0,0,0,0,0,0,0,0,0,0,0,0,0,0,0,0,0,0,0,0,0,0,0,0,0,0,0,0,0,0,0,0,0,0,0,0,0,0,0,0,0,0,0,0,0,1,0,0,0,0,0,0,0,0,0,0,1,0,0,0,0,0,0,0,0,0,0,0,0,0,0,0,0,0,0,0,0,0,0,0,0,0,0,0,0,0,0,0,0,0,0,0,0,0,0,0,0,0,0,0,0,0,0,0,0,0,0,0,0,0,0,0,0,0,0,0,0,0,0,0,0,0,0,0,0,0,0,0,0,0,0,0,0,0,0,0,0,0,0,0,0,0,0,0,0,0,0,0,0,0,0,0,0,0,0,0,0,0,0,0,0,0,0,0,0,,0,0,0,0,0,0,0,0,0,0,0,0,0,0,0,0,0,0,0,0,0,0,0,0,0,0,0,0,0,0,,0,0,0,0,0,0,0,0,0,0,0,0,0,0,0,0,0,0,0,0,0,0,0,,0,0,0,0,0,0,0,0,0,0,0,0,0,0,0,0,0,0,0,0,0,0,0,0,0,0,0,0,0,0,0,0,0,0,0,0,0,0,0,0,0,0,0,0,0,0,0,0,0,0,0,0,0,0,0,0,0,0,0,0,0,0,0,0,0,0,0,,0,0,0,0,0,0,0,0,0,0,0,0,0,0,0,,0,0,0,0,0,0,0,0,0,0,0,0,0,,0,0,0,0,0,0,0,0,0,0,0,0,0,0,0,0,0,0,0,0,0,,0,0,0,,0,0,0,0,0,0,0,0,0,0,0,0,0,0,0,0,0,0,0,0,0,0,0,0,0,0,0,0,0,0,0,0,0,0,0,0,0,0,0,0,0,,0,0,,0,,0,0,0,0,0,0,0,,0,0,0,0,0,0,0,0,0,0,0,0,0,,0,,0,0,0,0,0,0,0,0,0,0,0,0,0,0,0,0,0,0,0,0,0,0,0,0,0,0,0,0,0,0,0,,,0,0,0,,0,0,0,0,0,0,0,0,0,0,0,0,0,,0,,0,0,0,0,0,0,0,0,,0,0,0,0,0,0,0,0,0,0,0,0,0,0,0,0,0,0,0,0,0,0,,,0,0,0,0,0,0,0,0,0,0,,,,0,0,0,0,0,0,0,0,0,0,0,,,0,0,0,0,,0,0,0,0,,0,0,0,0,0,0,0,0,0,,0,0,,0,0,0,0,,0,,,0,,,,,0,,0,0,0,,0,,0,0,,0,0,0,0,0,0,0,0,0,0,0,0,0,0,0,0,0,0,0,0,0,0,0,0,0,0,0,0,0,0,0,0,0,0,0,0,0,0,0,0,0,0,0,0,0,0,0,0,0,0,0,0,0,0,0,0,0,0,0,0,0,0,0,0,0,0,0,0,0,0,0,0,0,0,,0,0,0,0,0,0,0,0,0,0,0,0,0,0,0,0,0,0,0,0,0,0,0,0,0,0,,0,0,0,0,0,0,0,0,0,0,0,0,0,0,0,0,0,0,0,0,0,0,0,0,0,0,0,0,0,0,0,0,0,0,0,0,0,0,0,0,0,0,0,0,0,0,0,0,0,0,0,0,0,0,0,0,0,0,0,0,0,0,0,0,0,0,0,0,0,0,0,0,0,0,0,0,0,0,0,0,0,0,0,0,0,0,0,0,0,0,0,0,0,0,0,0,0,0,0,0,0,0,0,0,0,0,0,0,0,0,0,0,0,0,0,0,0,0,0,0,0,0,0,0,0,0,0,0,0,0,0,0,0,0,0,0,0,0,0,0,0,0,0,0,0,0,0,0,0,0,0,0,0,0,0,0,0,0,0,0,0,0,0,0,0,0,0,0,0,0,0,0,0,,0,0,0,0,0,0,0,0,0,0,0,0,0,0,0,0,0,0,0,0,0,0,0,0,0,,0,,0,0,0,0,0,0,0,,0,,0,0,,0,0,0,0,0,0,0,0,,0,0,0,0,0,0,0,0,0,0,0,0,0,0,0,0,0,0,,0,0,,,,,0,0,,,0,0,0,0,0,,0,0,0,0,0,0,0,0,0,0,,0,0,0,0,0,0,0,0,0,0,0,0,,0,0,0,0,,,,,0,0,0,0,0,0,0,0,0,,0,0,,,,0,,0,,0,0,0,,0,0,0,0,0,0,0,0,,0,0,0,0,0,0,0,0,,0,0,0,,0,,,,,0,0,0,0,0,,,0,0,,0,0,0,,0,,,0,,0,0,0,0,0,0,,0,,0,,,0,,,0,0,0,0,0,0,0,0,0,0,0,0,,0,0,0,0,0,0,0,,,0,,0,,0,,,0,0,0,0,0,0,,0,0,0,0,0,0,0,0,0,0,0,0,0,0,0,0,0,0,0,0,0,0,0,0,0,,0,0,0,0,0,0,0,,0,0,0,0,0,0,0,0,0,0,0,0,0,0,0,0,0,0,0,0,0,0,0,0,0,0,0,0,0,0,0,0,0,0,0,0,0,0,0,0,0,0,0,0,0,0,0,0,0,0,0,0,0,0,0,0,0,0,0,0,0,0,0,0,0,0,0,0,,,,,,,,,,,,,,,,,,,,,,,,,,,,,,,,,,,,,,,,,,,,,,,,,,,,,,,,,,,,0,0,0,0,0,0,0,0,0,0,0,0,0,0,0,0,0,0,0,0,0,0,0,0,0,0,0,0,0,0,0,0,0,0,0,0,0,0,0,0,0,0,0,0,0,0,0,0,0,0,0,0,0,0,0,0,0,0,0,0,0,0,0,0,0,0,0,0,0,0,0,0,0,0,0,0,0,0,0,0,0,0,0,0,0,0,0,0,0,0,0,0,0,0,0,0,0,0,0,0,0,0,0,0,0,0,0,0,0,0,0,0,0,0,0,0,0,0,0,0,0,0,0,0,0,0,0,0,0,0,0,0,0,0,0,0,0,0,0,0,0,0,0,0,0,0,0,0,0,0,0,0,0,0,0,0,0,0,0,0,0,0,0,0,0,0,0,0,0,0,0,0,0,0,0,0,0,0,0,0,0,0,0,0,0,0,0,0,0,0,0,0,0,0,0,0,0,0,0,0,0,0,0,0,0,0,0,0,0,0,0,0,0,0,0,0,0,0,0,0,0,0,0,0,0,0,0,0,0,0,0,0,0,0,0,0,0,0,0,0,0,0,0,0,0,0,0,0,0,0,0,0,0,0,0,0,0,0,0,0,0,0,0,0,0,0,0,0,0,0,0,0,0,0,0,0,0,0,0,0,0,0,0,0,0,0,0,0,0,0,0,0,0,0,0,0,0,0,0,0,0,0,0,0,0,0,0,0,0,0,0,0,0,0,0,0,0,0,0,0,0,0,0,0,0,0,0,0,0,0,0,0,0,0,0,0,0,0,0,0,0,0,0,0,0,0,0,0,0,0,0,0,0,0,0,0,0,0,0,0,0,0,0,0,0,0,0,0,0,0,0,0,0,0,0,0,0,0,0,0,0,0,0,0,0,0,0,0,0,0,0,0,0,0,0,0,0,0,0,0,0,0,0,0,0,0,0,0,0,0,0,0,0,0,0,0,0,0,0,0,0,0,0,0,0,0,0,0,0,0,0,0,0,0,0,0,0,0,0,0,0,0,0,0,0,0,0,0,0,0,0,0,0,0,0,0,0,0,0,0,0,0,0,0,0,0,0,0,0,0,0,0,0,0,0,0,0,0,0,0,0,0,0,0,0,0,0,0,0,0,0,0,0,0,0,0,0,0,0,0,0,0,0,0,0,0,0,0,0,0,0,0,0,0,0,0,0,0,0,0,0,0,0,0,0,0,0,0,0,0,0,0,0,0,0,0,0,0,0,0,0,0,0,0,0,0,0,0,0,0,0,0,0,0,0,0,0,0,0,0,0,0,0,0,0,0,0,0,0,0,0,0,0,0,0,0,0,0,0,0,0,0,0,0,0,0,0,0,0,0,0,0,0,0,0,0,0,0,0,0,0,0,0,0,0,0,0,0,0,0,0,0,0,0,0,0,0,0,0,0,0,0,0,0,0,0,0,0,0,0,0,0,0,0,0,0,0,0,0,0,0,0,0,0,0,0,0,0,0,0,0,0,0,0,0,0,0,0,0,0,0,0,0,0,0,0,0,0,0,0,0,0,0,0,0,0,0,0,0,0,0,0,0,0,0,0,0,0,0,0,0,0,0,0,0,0,0,0,0,0,0,0,0,0,0,0,0,0,0,0,0,0,0,0,0,0,0,0,0
TX0203300,2023,Angleton I.s.d. Police Department,Texas,0,1,3,20,0,0,0,34,5,0,0,0,0,0,0,0,0,0,0,0,0,0,0,0,0,0,0,0,0,0,0,0,0,0,0,0,0,0,0,0,0,0,0,0,0,0,0,1,0,20,0,0,0,0,0,0,0,0,0,0,0,0,0,0,0,0,0,0,0,0,0,0,0,0,0,0,0,0,0,1,0,0,0,0,0,3,0,3,0,0,16,0,1,0,0,0,0,0,0,0,0,10,23,0,0,0,5,0,0,0,0,0,0,0,0,0,0,0,0,0,0,0,0,0,0,0,0,0,0,0,0,0,0,0,0,0,0,0,0,0,0,0,0,0,0,0,0,0,0,0,0,0,0,0,0,0,0,0,0,0,0,0,0,0,0,0,0,0,0,0,0,0,0,0,0,0,0,0,0,0,0,0,0,0,0,0,0,0,0,0,0,0,0,0,0,0,0,0,0,0,0,0,0,0,0,1,0,0,0,0,0,0,0,0,0,0,0,0,0,0,0,0,0,0,0,0,0,0,0,0,0,0,0,0,0,0,0,0,0,0,0,0,0,0,0,0,0,0,0,0,0,0,0,0,0,0,0,0,0,0,0,0,0,0,0,0,0,0,0,0,0,0,0,0,0,0,0,0,0,0,0,0,0,0,0,0,0,0,0,0,0,,0,0,0,0,0,0,0,0,0,0,0,0,,0,0,0,0,0,1,0,0,0,0,20,0,0,0,0,0,0,0,0,0,0,0,34,0,0,0,5,0,0,0,0,0,0,0,0,0,0,0,0,0,0,0,0,0,0,0,0,0,0,0,0,0,0,0,0,0,0,0,0,0,0,0,0,0,0,0,0,0,0,0,0,0,0,0,0,0,0,0,0,0,0,0,0,0,0,0,0,0,0,0,0,0,0,0,0,0,0,0,0,0,0,0,0,0,0,0,0,0,0,0,0,0,0,0,0,0,0,0,0,0,3,0,0,0,0,0,0,0,0,0,0,0,0,0,0,0,0,0,0,0,0,0,0,0,0,0,0,0,0,0,0,0,0,0,0,0,0,0,0,0,0,0,0,0,0,0,0,0,0,0,0,0,0,0,0,0,0,0,0,0,0,0,0,0,0,0,0,0,0,0,0,0,0,0,0,0,0,0,0,1,3,20,0,34,0,0,0,0,0,0,0,0,0,0,0,0,0,0,0,0,0,0,0,0,0,1,3,22,0,0,0,41,5,0,0,0,0,0,0,0,0,0,0,0,0,0,0,0,0,0,0,0,0,0,0,0,0,0,0,0,0,0,0,0,0,0,0,0,0,0,0,1,0,2,1,8,14,0,0,0,0,0,0,0,0,0,0,13,28,0,1,1,3,0,0,0,0,0,0,0,0,0,0,0,0,0,0,0,0,0,0,0,0,0,0,0,0,0,0,0,0,0,0,0,0,0,0,0,0,0,0,0,0,0,0,0,0,0,0,0,0,0,0,0,0,0,0,0,0,0,0,0,0,0,0,0,0,0,0,0,0,0,0,0,0,0,0,0,0,0,0,0,0,0,0,0,0,0,0,0,0,0,0,0,0,0,0,0,0,0,0,0,0,0,0,0,0,0,0,0,0,0,0,0,1,0,0,0,3,2,8,0,12,0,0,0,0,0,0,0,0,0,6,0,33,0,1,3,1,0,0,0,0,0,0,0,0,0,0,0,0,0,0,0,0,0,0,0,0,0,0,0,0,0,0,0,0,0,0,0,0,0,0,0,0,0,0,0,0,0,0,0,0,0,0,0,0,1,0,0,0,0,0,0,0,0,0,0,0,0,0,0,0,0,0,0,0,0,0,0,0,0,0,0,0,0,0,0,0,0,0,0,0,0,0,0,0,0,0,0,0,0,0,0,0,0,0,0,0,0,0,0,0,0,0,0,0,0,0,0,0,0,0,0,0,0,0,1,0,0,0,0,0,0,0,0,0,0,0,0,0,0,0,0,0,0,0,0,0,0,0,0,0,0,0,0,0,0,0,0,0,0,0,0,0,0,0,0,0,0,0,0,0,0,0,0,0,0,0,0,0,0,0,0,0,0,1,0,0,3,1,21,0,0,0,0,0,0,0,0,0,0,41,0,0,2,3,0,0,0,0,0,0,0,0,0,0,0,0,0,0,0,0,0,0,0,0,0,0,0,0,0,0,0,0,0,0,0,0,0,0,0,0,0,0,0,0,0,0,0,0,0,0,0,0,0,0,0,0,0,0,0,0,0,0,0,0,0,0,0,0,0,0,0,0,0,0,0,0,0,0,0,0,0,0,0,0,0,0,0,0,0,0,0,0,0,0,0,0,0,0,0,0,0,0,0,0,0,0,0,0,0,0,0,0,1,3,,0,0,0,10,,0,0,0,0,0,0,0,0,0,0,0,0,0,0,0,0,0,0,,0,0,0,0,0,0,0,0,0,0,0,0,0,0,0,0,0,0,0,0,0,0,0,0,0,0,0,0,0,1,2,1,,,0,0,0,0,0,1,9,,,0,0,0,0,0,0,0,0,0,0,0,0,0,0,0,0,0,0,0,0,0,0,0,0,0,0,0,0,0,0,0,,0,0,0,0,0,0,0,0,0,0,0,0,0,0,0,0,0,0,0,0,0,0,0,0,0,0,0,0,0,0,0,0,0,0,0,0,0,0,0,0,0,0,0,0,0,0,0,0,0,0,0,0,0,0,0,0,1,0,0,,,0,0,0,0,0,0,2,8,,,0,0,0,0,0,0,0,0,0,0,0,0,0,0,0,0,0,0,0,0,1,0,0,0,0,0,0,0,0,0,0,,,0,0,0,0,0,,0,0,0,,0,,0,0,0,0,0,0,0,0,0,,0,0,0,0,0,0,0,0,0,0,0,0,0,0,0,0,0,0,0,,0,0,0,0,2,0,0,0,0,0,0,0,0,0,0,0,0,0,0,0,0,0,0,0,0,0,0,0,0,0,0,,0,0,0,0,0,0,0,0,0,0,0,0,0,0,0,0,0,0,0,0,0,0,0,0,0,0,0,0,0,0,,0,0,0,0,0,0,0,0,0,0,0,0,0,,0,0,0,0,0,0,0,0,0,0,0,0,0,0,0,0,0,0,0,0,0,0,0,0,0,0,,0,0,0,0,,0,0,0,0,0,0,0,0,0,0,0,0,0,0,0,0,0,0,,0,0,0,0,0,0,0,0,0,0,0,1,0,1,0,0,0,3,0,0,0,0,,0,0,0,0,0,0,0,0,0,0,0,0,0,,0,0,0,0,0,0,0,0,0,0,0,0,0,0,0,0,,0,0,,0,0,0,7,0,0,0,0,0,0,0,0,0,2,0,0,0,0,0,0,0,0,0,0,0,0,0,0,0,,0,0,0,0,0,0,0,0,0,0,0,0,0,0,0,0,0,0,0,0,0,0,0,0,0,0,0,1,0,,0,0,0,0,0,10,,0,0,0,0,0,0,0,0,0,0,0,0,0,0,0,3,0,0,0,0,0,0,0,0,0,0,0,,0,0,0,0,,0,0,0,0,0,0,,0,0,0,0,0,0,0,0,0,0,0,0,0,0,0,0,0,0,0,0,0,,0,0,0,0,0,0,0,0,0,0,0,0,0,0,0,0,0,0,,,0,0,0,0,0,0,0,0,0,0,0,,0,0,0,0,0,0,0,0,0,0,0,0,0,0,0,0,0,1,0,3,0,,,0,0,0,0,0,0,10,0,,,0,0,0,0,0,0,0,0,0,0,0,0,0,0,0,0,0,0,0,0,0,0,0,0,0,0,,0,,0,0,0,0,0,0,0,0,0,0,0,0,0,0,0,0,0,0,0,0,0,0,0,0,0,0,0,0,0,0,0,,0,0,0,0,0,0,0,0,0,0,0,0,0,0,0,0,0,0,0,0,0,0,0,0,0,0,0,,0,0,0,0,0,0,0,0,0,0,0,,0,0,0,0,0,0,0,0,0,0,0,0,0,0,0,0,0,0,0,0,0,0,0,0,0,0,0,0,0,0,0,0,0,0,0,0,1,3,20,0,0,0,34,6,0,0,0,0,0,0,0,0,0,0,0,0,0,0,0,0,0,0,0,0,0,0,0,0,0,0,0,0,0,0,0,0,0,0,0,0,0,0,1,0,2,8,12,0,0,0,0,0,0,0,4,2,0,0,0,0,0,0,0,0,0,0,0,0,0,0,0,0,0,0,0,0,0,0,0,0,0,0,0,0,0,0,0,0,0,0,0,0,0,0,0,0,0,0,0,0,0,0,0,0,0,0,0,0,0,0,0,0,0,0,0,0,0,1,0,0,0,0,0,0,0,0,0,0,0,0,0,0,0,0,0,0,0,0,0,0,0,1,0,3,0,8,0,12,0,0,0,0,0,0,2,0,4,0,0,0,0,0,0,0,0,0,0,0,0,0,0,0,0,0,0,0,0,0,0,0,0,0,0,0,0,0,0,0,0,0,0,0,0,0,0,0,0,0,0,0,0,0,0,0,0,0,0,0,0,0,0,0,0,0,0,0,0,0,0,0,0,0,0,0,0,0,0,0,0,0,0,0,0,0,0,0,0,0,0,0,0,0,0,0,0,0,0,0,0,0,0,0,0,0,0,0,0,0,0,0,0,0,0,0,0,0,0,0,0,0,0,0,0,0,0,0,0,0,0,0,0,0,0,0,0,0,0,0,0,0,0,0,0,0,0,0,0,0,0,0,0,0,0,0,0,0,0,0,0,0,0,0,0,0,0,0,1,3,15,0,0,4,0,0,0,0,0,0,0,0,0,0,5,0,0,0,0,0,0,0,0,0,0,2,0,0,0,0,0,0,0,0,0,0,0,0,0,0,0,0,0,0,0,0,0,0,0,0,0,0,0,0,0,0,0,0,1,0,0,2,6,14,0,0,0,0,0,0,0,1,5,0,0,0,0,0,0,0,0,0,0,0,0,0,0,0,0,0,0,0,0,0,0,0,0,0,0,0,0,0,0,0,0,0,0,0,0,0,0,0,0,0,0,0,0,0,0,0,0,0,0,0,0,0,0,0,0,0,0,0,1,0,0,0,0,,0,0,0,0,0,0,0,0,0,0,0,0,0,0,0,0,0,0,0,0,0,3,20,0,0,0,0,0,0,0,0,0,0,0,0,0,0,0,0,1,0,0,0,0,0,0,0,0,0,0,0,0,0,0,0,0,0,0,0,0,0,,0,0,,0,0,1,0,0,0,3,0,0,20,0,0,0,0,3,0,0,0,0,0,0,0,0,0,0,0,0,0,0,0,0,0,0,0,0,0,0,0,0,0,0,0,0,0,0,0,0,0,0,0,0,0,0,0,0,0,0,0,0,0,0,0,0,0,0,0,0,0,0,0,0,0,0,0,0,0,0,0,0,0,3,0,0,0,0,0,0,0,0,0,0,0,0,0,0,0,0,0,0,0,0,0,0,0,0,0,0,0,0,0,0,0,0,0,0,0,0,0,0,0,0,0,0,0,0,0,0,0,0,0,0,0,0,0,0,0,0,0,0,0,0,0,0,0,0,0,0,0,0,0,0,0,0,0,0,0,0,0,0,0,0,0,0,0,0,0,0,0,0,0,0,0,0,0,0,0,0,0,0,0,,0,0,0,0,0,0,0,,0,,0,0,0,0,0,0,0,0,0,0,0,0,0,0,0,0,0,0,0,0,0,0,0,0,0,,0,0,0,0,0,,0,0,0,0,0,0,0,0,0,0,0,0,0,0,0,,0,0,0,0,0,0,,0,0,,,,,0,,0,0,0,0,0,0,0,0,0,,0,0,0,0,0,0,0,0,0,0,0,0,0,0,0,0,0,0,0,0,0,0,0,0,0,0,0,0,0,0,0,0,0,0,0,0,0,0,0,0,0,0,0,0,0,0,0,0,0,,0,,0,0,0,0,0,0,0,0,0,0,0,0,0,0,0,0,0,0,0,0,0,0,0,0,0,0,0,,0,0,0,0,0,0,0,0,0,0,0,0,0,0,0,0,0,0,0,0,0,,,0,0,,0,0,0,0,,0,0,,0,0,0,0,0,0,0,0,0,0,0,0,0,0,0,0,0,0,0,0,0,0,0,0,0,0,0,0,0,0,0,0,0,,0,0,,0,0,0,0,0,0,0,0,0,0,0,0,0,0,0,0,0,0,0,0,0,0,0,0,0,0,0,0,0,0,0,0,0,0,0,0,0,0,0,0,0,0,0,0,0,0,0,0,0,0,0,0,0,0,0,0,0,,0,,0,0,0,,0,,0,0,0,0,0,0,0,0,0,0,,0,,,0,0,0,0,0,0,0,0,,0,0,0,0,0,0,,,0,0,0,0,,0,0,0,0,,0,0,0,0,,,0,0,0,0,0,0,0,0,,0,,,,0,0,0,0,0,0,0,0,,0,,,0,0,0,0,,0,0,0,0,,,0,0,0,0,0,0,0,0,,0,,,0,0,0,0,0,0,,,0,,,,,0,,,0,,,0,,0,0,,0,0,0,0,0,,0,0,0,0,0,0,0,0,0,0,0,0,0,0,0,0,0,0,0,0,0,0,0,0,0,0,0,0,0,0,0,0,0,0,0,0,0,0,0,0,0,0,0,0,0,0,0,0,0,0,0,0,0,0,0,0,0,0,0,0,0,0,0,0,0,0,0,0,,0,0,0,0,0,0,0,0,0,0,0,0,0,0,0,0,0,0,0,0,0,0,0,0,0,0,,0,0,0,0,0,0,0,0,0,0,0,0,0,0,0,0,0,0,0,0,0,0,0,0,0,0,0,0,0,0,0,0,0,0,0,0,0,0,0,0,0,0,0,0,0,0,0,0,0,0,0,0,0,0,0,0,0,0,0,0,0,0,0,0,0,0,0,0,0,0,0,0,0,0,0,0,0,0,0,0,0,0,0,0,0,0,0,0,0,0,0,0,0,0,0,0,0,0,0,0,0,0,0,0,0,0,0,0,0,0,0,0,0,0,0,0,0,0,0,0,0,0,0,0,0,0,0,0,0,0,0,0,0,0,0,0,0,0,0,0,0,0,0,0,0,0,0,0,0,0,0,0,0,0,0,0,,0,0,0,0,0,0,0,0,0,0,0,0,0,0,0,0,,0,0,0,,0,0,0,0,0,0,0,0,0,0,0,0,0,0,0,0,0,0,0,0,0,,0,,0,0,0,0,0,0,0,,0,,0,0,,0,0,0,0,0,0,0,0,,0,0,0,0,0,0,0,0,0,0,0,0,0,0,0,0,0,0,,0,,,,0,,0,0,,0,0,0,0,0,0,,0,0,0,0,0,0,0,,,0,,,0,0,0,,0,0,,,0,,,,0,0,0,,,,,,0,0,0,,0,0,0,,0,,,0,,,,0,,,,0,0,0,,,0,0,0,0,,,0,,,0,0,,0,0,0,,0,,0,0,0,0,0,,,,0,0,,0,0,,0,0,,,,0,,0,0,,,,,0,0,,0,0,,,0,0,0,0,,,,,,0,0,,0,,0,0,0,0,,0,,,,0,0,0,0,0,,0,0,,0,,0,,,,0,0,,0,0,,0,0,0,0,,,0,0,0,,0,,,0,,,0,,0,0,0,0,0,0,0,,0,0,0,0,,,0,,,0,,0,0,,,,,,,,,0,,,,0,,0,0,,,,0,0,,,,0,,0,0,0,,,,0,0,,,,0,0,,,0,0,0,0,,,,0,,0,,0,,,,0,0,,,0,0,0,0,0,0,0,0,0,0,0,0,0,0,0,0,0,0,0,0,0,0,0,0,0,0,0,0,0,0,0,0,0,0,0,,,,,,,,,,,,,,,,,,,,,,,,,,,,0,0,0,0,0,0,0,0,0,0,0,0,0,0,0,0,0,0,0,0,0,0,0,0,0,0,0,0,0,0,0,0,0,0,0,0,0,0,0,0,0,0,0,0,0,0,0,0,0,0,0,0,0,0,0,0,0,0,0,0,0,0,0,0,0,0,0,0,0,0,0,0,0,0,0,0,0,0,0,0,0,0,0,0,0,0,0,0,0,0,0,0,0,0,0,0,0,0,0,0,0,0,0,0,0,0,0,0,0,0,0,0,0,0,0,0,0,0,0,0,0,0,0,0,0,0,0,0,0,0,0,0,0,0,0,0,0,0,0,0,0,0,0,0,0,0,0,0,0,0,0,0,0,0,0,0,0,0,0,0,0,0,0,0,0,0,0,0,0,0,0,0,0,0,0,0,0,0,0,0,0,0,0,0,0,0,0,0,0,0,0,0,0,0,0,0,0,0,0,0,0,0,0,0,0,0,0,0,0,0,0,0,0,0,0,0,0,0,0,0,0,0,0,0,0,0,0,0,0,0,0,0,0,0,0,0,0,0,0,0,0,0,0,0,0,0,0,0,0,0,0,0,0,0,0,0,0,0,0,0,0,0,0,0,0,0,0,0,0,0,0,0,0,0,0,0,0,0,0,0,0,0,0,0,0,0,0,0,0,0,0,0,0,0,0,0,0,0,0,0,0,0,0,0,0,0,0,0,0,0,0,0,0,0,0,0,0,0,0,0,0,0,0,0,0,0,0,0,0,0,0,0,0,0,0,0,0,0,0,0,0,0,0,0,0,0,0,0,0,0,0,0,0,0,0,0,0,0,0,0,0,0,0,0,0,0,0,0,0,0,0,0,0,0,0,0,0,0,0,0,0,0,0,0,0,0,0,0,0,0,0,0,0,0,0,0,0,0,0,0,0,0,0,0,0,0,0,0,0,0,0,0,0,0,0,0,0,0,0,0,0,0,0,0,0,0,0,0,0,0,0,0,0,0,0,0,0,0,0,0,0,0,0,0,0,0,0,0,0,0,0,0,0,0,0,0,0,0,0,0,0,0,0,0,0,0,0,0,0,0,0,0,0,0,0,0,0,0,0,0,0,0,0,0,0,0,0,0,0,0,0,0,0,0,0,0,0,0,0,0,0,0,0,0,0,0,0,0,0,0,0,0,0,0,0,0,0,0,0,0,0,0,0,0,0,0,0,0,0,0,0,0,0,0,0,0,0,0,0,0,0,0,0,0,0,0,0,0,0,0,0,0,0,0,0,0,0,0,0,0,0,0,0,0,0,0,0,0,0,0,0,0,0,0,0,0,0,0,0,0,0,0,0,0,0,0,0,0,0,0,0,0,0,0,0,0,0,0,0,0,0,0,0,0,0,0,0,0,0,0,0,0,0,0,0,0,0,0,0,0,0,0,0,0,0,0,0,0,0,0,0,0,0,0,0,0,0,0,0,0,0,0,0,0,0,0,0,0,0,0,0,0,0,0,0,0,0,0,0,0,0,0,0,0,0,0,0,0,0,0,0,0,0,0,0,0,0,0,0,0,0,0,0,0,0,0,0,0,0,0,0,0,0,0,0,0,0,0,0,0,0,0,0,0,0,0,0,0,0,0,0,0,0,0,0,0,0,0,0
TX0203300,2024,Angleton I.s.d. Police Department,Texas,0,0,8,33,0,3,0,39,7,0,0,0,0,0,0,0,0,0,0,1,0,0,0,0,0,0,0,0,0,0,0,1,0,0,0,0,0,0,0,0,0,0,0,0,0,0,0,0,0,33,0,0,0,0,0,0,0,1,0,0,0,0,0,0,0,0,0,0,0,0,0,0,0,0,0,0,0,0,0,0,0,0,0,0,0,1,0,19,0,0,12,0,2,0,0,0,0,3,0,0,0,34,5,0,0,0,6,0,1,0,0,0,0,0,0,0,0,0,0,0,0,0,0,0,0,0,0,0,0,0,0,0,0,0,0,0,0,0,0,0,0,0,0,0,0,0,0,0,0,0,0,0,0,0,0,0,0,0,0,0,0,0,0,0,0,0,0,0,0,0,0,0,0,0,0,0,0,0,0,0,0,0,0,0,0,0,0,0,0,1,0,0,0,0,0,0,0,0,0,0,0,0,0,0,0,0,0,0,0,0,0,0,0,7,0,0,0,0,0,0,0,0,0,0,0,0,0,0,0,0,0,0,0,0,0,0,0,0,0,0,0,0,0,0,0,0,0,0,0,0,0,0,0,0,0,0,0,0,0,0,0,0,0,0,0,0,0,0,0,0,0,0,0,0,0,0,0,0,0,0,0,0,0,0,0,0,1,0,0,0,0,,0,0,0,0,0,0,0,0,0,0,0,0,,0,0,0,0,0,0,0,0,0,0,33,0,0,0,0,0,0,3,0,0,1,0,38,0,0,0,7,0,0,0,0,0,0,0,0,0,0,0,0,0,0,0,0,0,0,0,0,0,0,0,0,0,0,0,0,0,0,0,0,0,0,0,0,0,0,0,0,0,0,0,0,1,0,0,0,0,0,0,0,0,0,0,0,0,0,0,0,0,0,0,0,0,0,0,0,0,0,0,0,0,0,0,0,0,0,0,0,0,0,0,0,0,0,0,0,0,0,0,0,0,8,0,0,0,0,0,0,0,0,0,0,0,0,0,0,0,0,0,0,0,0,0,0,0,0,0,0,0,0,0,0,0,0,0,0,0,0,0,0,0,0,0,0,0,0,0,0,0,0,0,0,0,0,0,0,0,0,0,0,0,0,0,0,0,0,0,0,0,0,0,0,0,0,0,0,0,0,0,0,0,8,33,0,39,0,0,0,1,0,0,0,0,0,0,0,0,0,0,0,0,0,0,0,1,0,0,8,38,0,3,0,41,8,0,0,0,0,0,0,0,0,0,0,1,0,0,0,0,0,0,0,0,0,0,0,1,0,0,0,0,0,0,0,0,0,0,0,0,0,0,0,0,0,4,4,20,18,0,0,0,0,0,3,0,0,0,0,9,32,0,1,2,5,0,0,0,0,0,0,0,0,0,0,0,0,0,0,0,0,0,0,0,0,0,0,0,0,0,0,0,0,0,0,0,1,0,0,0,0,0,0,0,0,0,0,0,0,0,0,0,0,0,0,0,0,0,0,0,0,0,0,0,0,0,0,0,0,0,0,0,0,0,0,0,0,0,0,0,0,0,0,0,0,0,0,0,0,0,0,0,1,0,0,0,0,0,0,0,0,0,0,0,0,0,0,0,0,0,0,0,0,0,0,0,0,0,0,2,6,1,6,0,31,0,0,0,0,0,0,3,0,0,10,0,28,0,3,5,0,0,0,0,0,0,0,0,0,0,0,0,0,0,0,0,0,0,0,0,0,0,0,0,0,0,0,0,0,0,0,0,0,1,0,0,0,0,0,0,0,0,0,0,0,0,0,0,0,0,0,0,0,0,0,0,0,0,0,0,0,0,0,0,0,0,0,0,0,0,0,0,0,0,0,0,0,0,0,0,0,0,0,0,0,0,0,0,0,0,0,0,0,0,0,0,0,0,0,0,0,0,0,0,0,0,0,0,0,0,0,0,0,0,0,1,0,0,0,3,0,0,0,0,0,0,0,0,0,0,0,0,0,0,0,0,0,0,0,0,0,0,0,0,0,0,0,0,0,0,0,0,0,0,0,0,0,0,0,0,0,0,0,0,0,0,0,0,0,0,0,0,0,0,0,0,0,0,0,0,0,8,2,36,0,0,0,0,0,3,0,0,0,0,41,0,0,2,6,0,0,0,0,0,0,0,0,0,0,0,0,0,0,0,0,0,0,0,0,0,0,0,0,0,0,0,0,0,1,0,0,0,0,0,0,0,0,0,0,0,0,0,0,0,0,0,0,0,0,0,0,0,0,0,0,0,0,0,0,0,0,0,0,0,0,0,0,0,0,0,0,0,0,0,0,0,0,0,0,0,0,0,0,0,0,0,0,0,0,0,0,0,0,0,0,0,0,0,0,0,0,0,1,0,0,0,1,1,23,,0,0,0,35,,0,0,0,0,0,0,0,0,0,0,0,0,0,0,0,1,0,0,,0,3,0,0,0,0,0,0,0,6,0,0,0,0,0,0,0,0,0,0,0,0,0,0,0,1,0,0,1,0,13,10,,,0,0,0,0,0,7,28,,,0,0,0,0,0,0,0,0,0,0,0,0,0,0,0,0,0,1,0,0,0,0,0,0,0,0,0,1,0,0,0,,0,0,0,3,0,0,0,0,0,0,0,0,0,0,0,0,0,0,0,0,3,0,3,0,0,0,0,0,0,0,0,0,0,0,0,0,0,0,0,0,0,0,0,0,1,0,0,0,0,0,0,0,0,0,0,1,0,1,18,,,0,0,0,0,0,0,8,25,,,0,0,0,0,0,0,0,0,0,0,0,0,0,0,0,0,0,0,0,0,5,0,0,0,0,0,0,0,0,0,0,,,0,0,0,0,0,,0,0,0,,0,,0,0,0,0,3,0,0,0,0,,0,0,0,0,1,0,0,0,0,0,0,0,0,5,0,0,0,0,0,,0,0,1,0,0,0,1,0,0,0,0,0,0,0,0,0,0,0,0,0,0,0,0,0,0,0,0,0,0,0,0,,0,0,0,0,0,0,0,0,0,0,0,0,0,0,0,0,0,0,0,0,0,0,1,0,0,0,0,0,0,0,,0,0,0,0,0,0,0,0,0,0,0,0,0,,0,0,1,0,0,0,0,0,0,0,0,0,0,0,0,0,0,0,0,0,0,0,0,0,0,0,,0,0,0,0,,0,0,0,0,0,0,0,0,0,0,0,0,0,0,0,0,0,0,,0,0,0,0,0,0,0,0,0,0,1,1,2,10,0,0,0,21,0,0,0,0,,0,0,0,0,0,0,0,0,0,3,0,0,0,,0,0,0,0,0,0,0,0,0,0,0,0,0,0,0,0,,0,0,,0,4,0,14,0,0,0,0,0,0,0,0,0,13,0,0,0,0,0,1,0,0,0,0,0,0,0,0,0,,0,0,0,0,0,0,0,0,0,0,0,0,0,0,0,0,0,0,0,0,0,0,0,0,0,0,0,1,0,,0,0,0,0,0,35,,0,0,0,0,0,0,0,0,0,0,0,0,0,0,0,23,0,0,0,0,1,0,0,0,0,0,0,,0,0,0,0,,0,0,0,0,0,3,,0,0,0,0,0,0,0,0,0,0,0,0,0,1,0,0,0,0,0,0,0,,0,0,0,0,6,0,0,0,0,0,0,0,0,0,0,0,0,0,,,0,0,0,0,0,0,0,0,0,0,0,,0,0,0,0,0,0,0,0,0,0,0,0,0,0,0,1,0,1,0,22,1,,,0,0,0,0,0,0,33,2,,,0,0,0,0,0,0,0,0,0,0,0,0,0,0,0,0,0,0,0,0,0,0,0,1,0,0,,0,,3,0,0,0,0,0,0,0,0,0,0,0,0,0,0,0,6,0,0,0,0,0,0,0,0,0,0,0,0,0,0,,0,0,0,0,0,0,0,0,0,0,0,0,0,0,0,0,0,0,0,0,0,0,0,0,0,0,0,,0,0,0,0,0,0,0,0,0,0,0,,0,0,0,0,0,0,0,0,0,0,0,0,0,0,0,0,0,0,0,0,0,0,0,0,0,0,0,0,0,0,0,1,0,0,0,0,0,8,36,0,3,0,39,7,0,0,0,0,0,0,0,0,0,0,1,0,0,0,0,0,0,0,0,0,0,0,1,0,0,0,0,0,0,0,0,0,0,0,0,0,0,0,0,0,6,20,16,0,0,0,0,0,1,0,1,5,0,0,0,0,0,0,0,0,0,0,0,0,0,0,0,0,0,0,0,0,0,0,0,0,0,0,1,0,0,0,0,0,0,0,0,0,0,0,0,0,0,0,0,0,0,0,0,0,0,0,0,0,0,0,0,0,0,0,0,0,0,2,0,0,0,0,0,0,0,0,0,0,0,0,0,0,0,0,0,0,0,0,0,0,0,0,4,4,0,8,0,27,0,0,0,1,0,0,1,0,5,0,0,0,0,0,0,0,0,0,0,0,0,0,0,0,0,0,0,0,0,0,0,0,0,0,1,0,0,0,0,0,0,0,0,0,0,0,1,0,0,0,0,0,0,0,0,0,0,0,0,0,0,0,0,0,0,0,0,0,0,0,0,0,0,0,0,0,0,0,0,0,0,0,0,0,0,0,0,0,0,0,0,0,0,0,0,0,0,0,0,0,0,0,0,0,0,0,0,0,0,0,0,0,0,0,0,0,0,0,0,0,0,0,0,0,0,0,0,0,0,0,0,0,0,0,0,0,0,0,0,0,0,0,0,0,0,0,0,0,0,0,0,0,0,0,0,0,0,0,0,0,0,0,0,0,0,0,0,0,0,7,17,0,1,3,0,0,0,0,0,0,0,0,0,0,19,0,0,0,0,0,0,0,0,1,0,3,0,0,0,0,0,0,0,0,0,0,0,0,0,0,0,0,0,0,0,0,0,0,1,0,0,0,0,0,0,0,0,0,0,0,0,4,2,34,0,0,0,0,1,0,0,1,5,0,0,0,0,0,0,0,0,0,0,0,0,0,0,0,0,0,0,0,0,0,0,0,0,0,1,0,0,0,0,0,0,0,0,0,0,0,0,0,0,0,0,0,0,0,0,0,0,0,0,0,0,0,0,0,0,0,0,0,4,0,0,0,0,,0,0,0,0,0,0,0,0,0,0,0,0,0,0,0,0,0,0,0,0,0,8,36,0,1,0,0,0,0,0,1,0,0,0,0,0,0,0,0,0,0,0,0,0,0,0,0,0,0,0,0,0,0,0,0,0,0,0,0,0,0,,0,0,,0,0,0,0,0,0,8,0,0,36,0,0,0,0,5,0,0,0,0,0,0,0,0,0,0,0,0,0,0,0,0,0,0,0,1,0,0,0,0,0,0,0,0,0,0,0,0,0,0,0,0,0,0,0,0,0,0,0,0,0,0,0,0,0,0,0,0,0,0,0,1,0,0,0,0,0,0,0,0,0,0,1,0,0,0,0,0,0,0,0,0,0,0,0,0,0,0,0,0,0,0,0,0,0,0,0,0,0,0,0,0,0,0,0,0,0,0,0,0,0,0,0,0,0,0,0,0,0,0,0,0,0,0,0,0,0,0,0,0,0,0,0,0,0,,0,0,0,0,0,0,,0,0,0,0,0,0,0,0,0,0,0,0,0,0,0,0,0,0,0,0,0,0,0,0,0,0,0,0,0,0,0,0,0,0,0,0,0,0,0,0,0,0,0,0,0,0,0,0,0,0,0,0,0,0,0,0,0,0,0,0,0,0,0,0,0,0,0,0,0,0,0,0,0,0,0,0,0,0,0,0,0,0,0,0,0,0,0,0,0,0,0,0,0,0,0,0,,0,0,,0,0,0,0,0,0,0,0,0,0,0,0,0,0,0,0,0,0,0,0,0,0,0,0,0,0,0,0,0,0,0,0,0,0,0,0,0,0,0,0,0,0,0,0,0,0,0,0,0,0,0,0,0,0,0,0,0,0,0,0,0,0,0,0,0,0,0,0,0,0,0,0,0,1,0,0,0,0,0,0,0,0,0,0,0,0,0,0,0,0,0,,0,0,0,0,0,0,0,0,0,0,0,0,0,0,0,0,0,0,0,0,0,,0,0,0,,1,0,1,0,0,0,0,0,0,0,0,0,0,0,0,0,0,0,0,0,0,0,0,0,0,0,0,0,0,0,0,0,0,0,0,0,0,0,0,0,0,0,0,0,,0,0,0,0,0,0,,0,0,0,,0,0,0,0,,0,0,0,0,0,0,0,,0,,0,0,0,0,0,0,0,0,0,0,0,0,0,0,0,0,0,0,0,0,0,0,0,0,0,0,0,0,0,0,0,,,,0,0,0,0,0,0,0,0,0,0,0,0,0,0,0,0,0,0,,0,0,0,0,0,0,0,0,,0,0,0,0,0,0,0,,0,0,0,0,0,0,0,0,0,0,0,0,0,0,,0,,0,0,0,0,0,0,0,,,0,,,0,0,0,0,0,0,0,0,0,,0,0,0,0,0,0,0,0,0,0,0,0,,,0,0,0,0,0,0,0,0,,0,0,,0,0,0,0,0,0,0,,0,,,,,0,0,,0,0,,0,,0,,,0,0,0,0,0,,0,0,0,0,0,0,0,0,0,0,0,0,0,0,0,0,0,0,0,0,0,0,0,0,0,0,0,0,0,0,0,0,0,0,0,0,0,0,0,0,0,0,0,0,0,0,0,0,0,0,0,0,0,0,0,0,0,0,0,0,0,0,0,0,0,0,0,0,0,0,0,0,0,0,0,0,0,0,0,0,0,0,0,0,0,0,0,0,0,0,0,0,0,0,0,,0,0,0,0,0,0,0,0,0,0,0,0,0,0,0,0,0,0,0,0,0,0,0,0,0,0,0,0,0,0,0,0,0,0,0,0,0,0,0,0,0,0,0,0,0,0,0,0,0,0,0,0,0,0,0,0,0,0,0,0,0,0,0,0,0,0,0,0,0,0,0,0,0,0,0,0,0,0,0,0,0,0,0,0,0,0,0,0,0,0,0,0,0,0,0,0,0,0,0,0,0,0,0,0,0,0,0,0,0,0,0,0,0,0,0,0,0,0,0,0,0,0,0,0,0,0,0,0,0,0,0,0,0,0,0,0,0,0,0,0,0,0,0,0,0,0,0,0,0,0,0,0,0,0,0,0,0,0,0,0,0,0,0,0,0,0,0,0,0,0,0,0,0,,0,0,0,0,0,0,0,0,0,0,0,0,0,0,0,0,0,0,0,0,0,0,0,0,0,,0,,0,0,0,0,0,0,0,,0,,0,0,,0,0,0,0,0,0,0,0,,0,0,0,0,0,0,0,0,0,0,0,,0,0,0,0,0,0,,0,0,0,,,,0,0,,0,0,0,0,0,0,,0,0,0,0,0,0,0,,,0,,,0,0,0,0,0,0,,0,0,0,0,,,0,0,,0,,,,0,0,0,,0,,0,,0,,,0,,0,,,,0,,0,0,,,0,0,0,0,0,,,0,,,0,,,0,0,0,,0,,0,0,,0,,,,,0,,,0,0,,,0,,,,0,,,0,,,,,0,0,,0,0,,,0,0,,0,,,0,,0,0,0,,0,0,0,0,,0,,0,0,0,0,0,0,,0,0,,,,,0,,0,,,0,0,0,,,0,,0,0,0,,0,0,0,0,0,,0,0,0,0,0,0,0,,0,0,,0,0,0,,0,0,0,0,0,,,0,,,,,,,,,,,,,,,0,,,,,,,,,,,0,,,,,,,0,0,0,,,,,,,,,,0,0,,,0,0,0,,,,0,,,,0,,,,,0,,,,0,,0,,0,0,,,,0,0,0,0,0,0,0,0,0,0,0,0,,,0,0,,,,0,0,0,,0,0,0,0,0,0,0,0,0,0,0,0,0,0,0,0,0,0,0,0,0,0,0,0,0,0,0,0,0,0,0,0,0,0,0,0,0,0,0,0,0,0,0,0,0,0,0,0,0,0,0,0,0,0,0,0,0,0,0,0,0,0,0,0,0,0,0,0,0,0,0,0,0,0,0,0,0,0,0,0,0,0,0,0,0,0,0,0,0,0,0,0,0,0,0,0,0,0,0,0,0,0,0,0,0,0,0,0,0,0,0,0,0,0,0,0,0,0,0,0,0,0,0,0,0,0,0,0,0,0,0,0,0,0,0,0,0,0,0,0,0,0,0,0,0,0,0,0,0,0,0,0,0,0,0,0,0,0,0,0,0,0,0,0,0,0,0,0,0,0,0,0,0,0,0,0,0,0,0,0,0,0,0,0,0,0,0,0,0,0,0,0,0,0,0,0,0,0,0,0,0,0,0,0,0,0,0,0,0,0,0,0,0,0,0,0,0,0,0,0,0,0,0,0,0,0,0,0,0,0,0,0,0,0,0,0,0,0,0,0,0,0,0,0,0,0,0,0,0,0,0,0,0,0,0,0,0,0,0,0,0,0,0,0,0,0,0,0,0,0,0,0,0,0,0,0,0,0,0,0,0,0,0,0,0,0,0,0,0,0,0,0,0,0,0,0,0,0,0,0,0,0,0,0,0,0,0,0,0,0,0,0,0,0,0,0,0,0,0,0,0,0,0,0,0,0,0,0,0,0,0,0,0,0,0,0,0,0,0,0,0,0,0,0,0,0,0,0,0,0,0,0,0,0,0,0,0,0,0,0,0,0,0,0,0,0,0,0,0,0,0,0,0,0,0,0,0,0,0,0,0,0,0,0,0,0,0,0,0,0,0,0,0,0,0,0,0,0,0,0,0,0,0,0,0,0,0,0,0,0,0,0,0,0,0,0,0,0,0,0,0,0,0,0,0,0,0,0,0,0,0,0,0,0,0,0,0,0,0,0,0,0,0,0,0,0,0,0,0,0,0,0,0,0,0,0,0,0,0,0,0,0,0,0,0,0,0,0,0,0,0,0,0,0,0,0,0,0,0,0,0,0,0,0,0,0,0,0,0,0,0,0,0,0,0,0,0,0,0,0,0,0,0,0,0,0,0,0,0,0,0,0,0,0,0,0,0,0,0,0,0,0,0,0,0,0,0,0,0,0,0,0,0,0,0,0,0,0,0,0,0,0,0,0,0,0,0,0,0,0,0,0,0,0,0,0,0,0,0,0,0,0,0,0,0,0,0,0,0,0,0,0,0,0,0,0,0,0,0,0,0,0,0,0,0,0,0,0,0,0,0,0,0,0,0,0,0,0,0,0,0,0,0,0,0,0,0,0,0,0,0,0,0,0,0,0,0,0,0,0,0,0,0,0,0,0,0,0,0,0,0,0,0,0,0,0,0,0,0,0,0,0,0,0,0,0,0,0,0,0,0,0,0,0,0,0,0,0,0,0,0,0,0,0,0,0,0,0,0,0,0,0,0,0,0,0,0,0,0,0,0,0,0,0,0,0,0,0,0,0,0,0,0,0,0,0,0,0,0,0,0,0,0,0,0,0,0,0,0,0,0,0,0,0,0,0,0,0,0,0,0,0,0,0,0,0,0,0,0,0,0,0,0,0,0,0,0,0,0,0,0,0,0,0,0,0,0,0
