ORI,year,agency,state,population,offense_assault_offenses_aggravated_assault,offense_assault_offenses_intimidation,offense_assault_offenses_simple_assault,offense_burglary_breaking_and_entering,offense_destruction_damage_vandalism_of_property,offense_drug_narcotic_offenses_drug_equipment_violations,offense_drug_narcotic_offenses_drug_narcotic_violations,offense_larceny_theft_offenses_all_other_larceny,offense_larceny_theft_offenses_pocket_picking,offense_larceny_theft_offenses_purse_snatching,offense_larceny_theft_offenses_shoplifting,offense_larceny_theft_offenses_theft_from_building,offense_larceny_theft_offenses_theft_from_coin_operated_machine_or_device,offense_larceny_theft_offenses_theft_from_motor_vehicle,offense_larceny_theft_offenses_theft_of_motor_vehicle_parts_accessories,offense_motor_vehicle_theft,offense_murder_nonnegligent_manslaughter,offense_robbery,offense_sex_offenses_rape,offense_sex_offenses_sodomy,offense_arson,offense_counterfeiting_forgery,offense_embezzlement,offense_extortion_blackmail,offense_fraud_offenses_credit_card_atm_fraud,offense_fraud_offenses_false_pretenses_swindle_confidence_game,offense_fraud_offenses_impersonation,offense_gambling_offenses_betting_wagering,offense_gambling_offenses_operating_promoting_assisting_gambling,offense_kidnapping_abduction,offense_pornography_obscene_material,offense_prostitution_offenses_assisting_or_promoting_prostitution,offense_prostitution_offenses_prostitution,offense_sex_offenses_fondling_incident_liberties_child_molest,offense_sex_offenses_incest,offense_stolen_property_offenses_receiving_selling_etc,offense_weapon_law_violations_weapon_law_violations,offense_gambling_offenses_gambling_equipment_violations,offense_sex_offenses_statutory_rape,offense_negligent_manslaughter,offense_fraud_offenses_welfare_fraud,offense_sex_offenses_sexual_assault_with_an_object,offense_fraud_offenses_wire_fraud,offense_bribery,offense_justifiable_homicide_not_a_crime,offense_handgun_assault_offenses_aggravated_assault,offense_no_gun_assault_offenses_aggravated_assault,offense_other_unknown_gun_assault_offenses_aggravated_assault,offense_handgun_murder_nonnegligent_manslaughter,offense_no_gun_murder_nonnegligent_manslaughter,offense_other_unknown_gun_murder_nonnegligent_manslaughter,offense_handgun_robbery,offense_no_gun_robbery,offense_other_unknown_gun_robbery,offense_handgun_sex_offenses_rape,offense_no_gun_sex_offenses_rape,offense_no_gun_sex_offenses_sodomy,offense_other_unknown_gun_sex_offenses_rape,offense_handgun_sex_offenses_sodomy,offense_no_gun_extortion_blackmail,offense_handgun_kidnapping_abduction,offense_no_gun_kidnapping_abduction,offense_no_gun_sex_offenses_fondling_incident_liberties_child_molest,offense_handgun_weapon_law_violations_weapon_law_violations,offense_no_gun_weapon_law_violations_weapon_law_violations,offense_other_unknown_gun_kidnapping_abduction,offense_other_unknown_gun_weapon_law_violations_weapon_law_violations,offense_no_gun_negligent_manslaughter,offense_other_unknown_gun_sex_offenses_fondling_incident_liberties_child_molest,offense_no_gun_sex_offenses_sexual_assault_with_an_object,offense_handgun_negligent_manslaughter,offense_handgun_extortion_blackmail,offense_other_unknown_gun_sex_offenses_sodomy,offense_handgun_sex_offenses_sexual_assault_with_an_object,offense_other_unknown_gun_extortion_blackmail,offense_other_unknown_gun_sex_offenses_sexual_assault_with_an_object,offense_other_unknown_gun_negligent_manslaughter,offense_cleared_by_arrest_assault_offenses_aggravated_assault,offense_death_of_suspect_assault_offenses_aggravated_assault,offense_juvenile_no_custody_assault_offenses_aggravated_assault,not_cleared_assault_offenses_aggravated_assault,offense_prosecution_declined_assault_offenses_aggravated_assault,offense_victim_refused_to_cooperate_assault_offenses_aggravated_assault,not_cleared_assault_offenses_intimidation,offense_prosecution_declined_assault_offenses_intimidation,offense_cleared_by_arrest_assault_offenses_simple_assault,offense_extradition_denied_assault_offenses_simple_assault,offense_juvenile_no_custody_assault_offenses_simple_assault,not_cleared_assault_offenses_simple_assault,offense_prosecution_declined_assault_offenses_simple_assault,offense_victim_refused_to_cooperate_assault_offenses_simple_assault,offense_cleared_by_arrest_burglary_breaking_and_entering,not_cleared_burglary_breaking_and_entering,offense_prosecution_declined_burglary_breaking_and_entering,offense_victim_refused_to_cooperate_burglary_breaking_and_entering,offense_cleared_by_arrest_destruction_damage_vandalism_of_property,not_cleared_destruction_damage_vandalism_of_property,offense_victim_refused_to_cooperate_destruction_damage_vandalism_of_property,not_cleared_drug_narcotic_offenses_drug_equipment_violations,offense_cleared_by_arrest_drug_narcotic_offenses_drug_narcotic_violations,not_cleared_drug_narcotic_offenses_drug_narcotic_violations,offense_victim_refused_to_cooperate_drug_narcotic_offenses_drug_narcotic_violations,offense_cleared_by_arrest_larceny_theft_offenses_all_other_larceny,offense_juvenile_no_custody_larceny_theft_offenses_all_other_larceny,not_cleared_larceny_theft_offenses_all_other_larceny,offense_prosecution_declined_larceny_theft_offenses_all_other_larceny,offense_victim_refused_to_cooperate_larceny_theft_offenses_all_other_larceny,not_cleared_larceny_theft_offenses_pocket_picking,offense_victim_refused_to_cooperate_larceny_theft_offenses_pocket_picking,not_cleared_larceny_theft_offenses_purse_snatching,offense_victim_refused_to_cooperate_larceny_theft_offenses_purse_snatching,offense_cleared_by_arrest_larceny_theft_offenses_shoplifting,not_cleared_larceny_theft_offenses_shoplifting,offense_prosecution_declined_larceny_theft_offenses_shoplifting,offense_victim_refused_to_cooperate_larceny_theft_offenses_shoplifting,offense_cleared_by_arrest_larceny_theft_offenses_theft_from_building,not_cleared_larceny_theft_offenses_theft_from_building,offense_prosecution_declined_larceny_theft_offenses_theft_from_building,offense_victim_refused_to_cooperate_larceny_theft_offenses_theft_from_building,offense_cleared_by_arrest_larceny_theft_offenses_theft_from_coin_operated_machine_or_device,not_cleared_larceny_theft_offenses_theft_from_coin_operated_machine_or_device,offense_victim_refused_to_cooperate_larceny_theft_offenses_theft_from_coin_operated_machine_or_device,offense_cleared_by_arrest_larceny_theft_offenses_theft_from_motor_vehicle,not_cleared_larceny_theft_offenses_theft_from_motor_vehicle,offense_victim_refused_to_cooperate_larceny_theft_offenses_theft_from_motor_vehicle,offense_cleared_by_arrest_larceny_theft_offenses_theft_of_motor_vehicle_parts_accessories,not_cleared_larceny_theft_offenses_theft_of_motor_vehicle_parts_accessories,offense_victim_refused_to_cooperate_larceny_theft_offenses_theft_of_motor_vehicle_parts_accessories,offense_cleared_by_arrest_motor_vehicle_theft,not_cleared_motor_vehicle_theft,offense_prosecution_declined_motor_vehicle_theft,offense_victim_refused_to_cooperate_motor_vehicle_theft,offense_death_of_suspect_murder_nonnegligent_manslaughter,not_cleared_murder_nonnegligent_manslaughter,offense_cleared_by_arrest_robbery,not_cleared_robbery,offense_victim_refused_to_cooperate_robbery,offense_death_of_suspect_sex_offenses_rape,not_cleared_sex_offenses_rape,offense_prosecution_declined_sex_offenses_rape,offense_victim_refused_to_cooperate_sex_offenses_rape,not_cleared_sex_offenses_sodomy,offense_prosecution_declined_sex_offenses_sodomy,offense_victim_refused_to_cooperate_sex_offenses_sodomy,offense_extradition_denied_larceny_theft_offenses_all_other_larceny,offense_juvenile_no_custody_larceny_theft_offenses_shoplifting,offense_cleared_by_arrest_murder_nonnegligent_manslaughter,not_cleared_arson,offense_victim_refused_to_cooperate_arson,offense_extradition_denied_counterfeiting_forgery,not_cleared_counterfeiting_forgery,offense_prosecution_declined_counterfeiting_forgery,offense_victim_refused_to_cooperate_counterfeiting_forgery,offense_prosecution_declined_destruction_damage_vandalism_of_property,not_cleared_embezzlement,offense_prosecution_declined_embezzlement,offense_victim_refused_to_cooperate_embezzlement,not_cleared_extortion_blackmail,not_cleared_fraud_offenses_credit_card_atm_fraud,offense_prosecution_declined_fraud_offenses_credit_card_atm_fraud,offense_victim_refused_to_cooperate_fraud_offenses_credit_card_atm_fraud,not_cleared_fraud_offenses_false_pretenses_swindle_confidence_game,offense_prosecution_declined_fraud_offenses_false_pretenses_swindle_confidence_game,offense_victim_refused_to_cooperate_fraud_offenses_false_pretenses_swindle_confidence_game,not_cleared_fraud_offenses_impersonation,offense_prosecution_declined_fraud_offenses_impersonation,not_cleared_gambling_offenses_betting_wagering,not_cleared_gambling_offenses_operating_promoting_assisting_gambling,not_cleared_kidnapping_abduction,offense_victim_refused_to_cooperate_kidnapping_abduction,offense_prosecution_declined_larceny_theft_offenses_theft_from_motor_vehicle,offense_victim_refused_to_cooperate_murder_nonnegligent_manslaughter,not_cleared_pornography_obscene_material,not_cleared_prostitution_offenses_assisting_or_promoting_prostitution,not_cleared_prostitution_offenses_prostitution,offense_death_of_suspect_robbery,offense_prosecution_declined_robbery,not_cleared_sex_offenses_fondling_incident_liberties_child_molest,offense_victim_refused_to_cooperate_sex_offenses_fondling_incident_liberties_child_molest,not_cleared_sex_offenses_incest,not_cleared_stolen_property_offenses_receiving_selling_etc,offense_victim_refused_to_cooperate_stolen_property_offenses_receiving_selling_etc,not_cleared_weapon_law_violations_weapon_law_violations,offense_prosecution_declined_weapon_law_violations_weapon_law_violations,offense_victim_refused_to_cooperate_weapon_law_violations_weapon_law_violations,offense_cleared_by_arrest_drug_narcotic_offenses_drug_equipment_violations,offense_cleared_by_arrest_larceny_theft_offenses_purse_snatching,offense_cleared_by_arrest_sex_offenses_rape,offense_victim_refused_to_cooperate_assault_offenses_intimidation,offense_cleared_by_arrest_counterfeiting_forgery,offense_cleared_by_arrest_fraud_offenses_credit_card_atm_fraud,offense_extradition_denied_motor_vehicle_theft,offense_prosecution_declined_larceny_theft_offenses_theft_of_motor_vehicle_parts_accessories,offense_juvenile_no_custody_larceny_theft_offenses_theft_of_motor_vehicle_parts_accessories,offense_death_of_suspect_burglary_breaking_and_entering,offense_death_of_suspect_destruction_damage_vandalism_of_property,offense_cleared_by_arrest_gambling_offenses_betting_wagering,not_cleared_gambling_offenses_gambling_equipment_violations,offense_cleared_by_arrest_prostitution_offenses_prostitution,offense_cleared_by_arrest_sex_offenses_fondling_incident_liberties_child_molest,offense_cleared_by_arrest_stolen_property_offenses_receiving_selling_etc,offense_cleared_by_arrest_weapon_law_violations_weapon_law_violations,not_cleared_sex_offenses_statutory_rape,offense_prosecution_declined_drug_narcotic_offenses_drug_narcotic_violations,offense_prosecution_declined_larceny_theft_offenses_purse_snatching,offense_prosecution_declined_sex_offenses_statutory_rape,offense_death_of_suspect_larceny_theft_offenses_all_other_larceny,not_cleared_negligent_manslaughter,offense_cleared_by_arrest_kidnapping_abduction,offense_juvenile_no_custody_larceny_theft_offenses_theft_from_motor_vehicle,offense_cleared_by_arrest_arson,offense_cleared_by_arrest_assault_offenses_intimidation,offense_juvenile_no_custody_motor_vehicle_theft,offense_death_of_suspect_sex_offenses_sodomy,offense_prosecution_declined_larceny_theft_offenses_pocket_picking,offense_victim_refused_to_cooperate_gambling_offenses_betting_wagering,offense_death_of_suspect_kidnapping_abduction,offense_juvenile_no_custody_larceny_theft_offenses_purse_snatching,offense_prosecution_declined_sex_offenses_fondling_incident_liberties_child_molest,offense_prosecution_declined_stolen_property_offenses_receiving_selling_etc,offense_death_of_suspect_assault_offenses_simple_assault,offense_victim_refused_to_cooperate_drug_narcotic_offenses_drug_equipment_violations,offense_juvenile_no_custody_burglary_breaking_and_entering,offense_juvenile_no_custody_larceny_theft_offenses_theft_from_building,offense_death_of_suspect_motor_vehicle_theft,offense_cleared_by_arrest_gambling_offenses_operating_promoting_assisting_gambling,offense_extradition_denied_assault_offenses_intimidation,not_cleared_fraud_offenses_welfare_fraud,offense_cleared_by_arrest_sex_offenses_incest,offense_cleared_by_arrest_sex_offenses_sexual_assault_with_an_object,offense_juvenile_no_custody_destruction_damage_vandalism_of_property,offense_cleared_by_arrest_embezzlement,offense_cleared_by_arrest_fraud_offenses_false_pretenses_swindle_confidence_game,offense_cleared_by_arrest_fraud_offenses_impersonation,offense_cleared_by_arrest_fraud_offenses_welfare_fraud,offense_juvenile_no_custody_larceny_theft_offenses_theft_from_coin_operated_machine_or_device,offense_juvenile_no_custody_sex_offenses_rape,not_cleared_sex_offenses_sexual_assault_with_an_object,offense_juvenile_no_custody_arson,offense_juvenile_no_custody_assault_offenses_intimidation,offense_cleared_by_arrest_sex_offenses_statutory_rape,offense_cleared_by_arrest_extortion_blackmail,offense_cleared_by_arrest_larceny_theft_offenses_pocket_picking,offense_cleared_by_arrest_negligent_manslaughter,offense_prosecution_declined_arson,offense_prosecution_declined_kidnapping_abduction,offense_death_of_suspect_larceny_theft_offenses_theft_from_motor_vehicle,offense_prosecution_declined_pornography_obscene_material,offense_juvenile_no_custody_sex_offenses_fondling_incident_liberties_child_molest,offense_victim_refused_to_cooperate_sex_offenses_incest,offense_cleared_by_arrest_sex_offenses_sodomy,offense_victim_refused_to_cooperate_fraud_offenses_impersonation,offense_juvenile_no_custody_sex_offenses_sodomy,offense_victim_refused_to_cooperate_sex_offenses_statutory_rape,offense_cleared_by_arrest_gambling_offenses_gambling_equipment_violations,offense_juvenile_no_custody_weapon_law_violations_weapon_law_violations,offense_extradition_denied_burglary_breaking_and_entering,offense_extradition_denied_destruction_damage_vandalism_of_property,offense_victim_refused_to_cooperate_extortion_blackmail,offense_extradition_denied_fraud_offenses_credit_card_atm_fraud,offense_juvenile_no_custody_fraud_offenses_false_pretenses_swindle_confidence_game,offense_victim_refused_to_cooperate_fraud_offenses_wire_fraud,offense_extradition_denied_larceny_theft_offenses_shoplifting,offense_extradition_denied_larceny_theft_offenses_theft_from_motor_vehicle,offense_juvenile_no_custody_sex_offenses_sexual_assault_with_an_object,offense_victim_refused_to_cooperate_sex_offenses_sexual_assault_with_an_object,offense_juvenile_no_custody_sex_offenses_statutory_rape,offense_cleared_by_arrest_fraud_offenses_wire_fraud,offense_extradition_denied_sex_offenses_rape,offense_extradition_denied_assault_offenses_aggravated_assault,offense_extradition_denied_larceny_theft_offenses_theft_from_building,offense_extradition_denied_sex_offenses_fondling_incident_liberties_child_molest,not_cleared_fraud_offenses_wire_fraud,offense_extradition_denied_larceny_theft_offenses_theft_of_motor_vehicle_parts_accessories,offense_extradition_denied_fraud_offenses_false_pretenses_swindle_confidence_game,offense_juvenile_no_custody_negligent_manslaughter,offense_juvenile_no_custody_kidnapping_abduction,offense_cleared_by_arrest_prostitution_offenses_assisting_or_promoting_prostitution,offense_death_of_suspect_assault_offenses_intimidation,offense_juvenile_no_custody_robbery,offense_death_of_suspect_fraud_offenses_false_pretenses_swindle_confidence_game,not_cleared_bribery,offense_juvenile_no_custody_counterfeiting_forgery,offense_extradition_denied_larceny_theft_offenses_theft_from_coin_operated_machine_or_device,offense_cleared_by_arrest_pornography_obscene_material,not_cleared_justifiable_homicide_not_a_crime,offense_victim_refused_to_cooperate_prostitution_offenses_assisting_or_promoting_prostitution,offense_victim_refused_to_cooperate_prostitution_offenses_prostitution,offense_cleared_by_arrest_bribery,offense_victim_refused_to_cooperate_gambling_offenses_gambling_equipment_violations,offense_death_of_suspect_counterfeiting_forgery,offense_prosecution_declined_drug_narcotic_offenses_drug_equipment_violations,offense_prosecution_declined_extortion_blackmail,offense_prosecution_declined_fraud_offenses_wire_fraud,offense_prosecution_declined_gambling_offenses_betting_wagering,offense_prosecution_declined_gambling_offenses_operating_promoting_assisting_gambling,offense_prosecution_declined_murder_nonnegligent_manslaughter,offense_prosecution_declined_sex_offenses_incest,offense_prosecution_declined_sex_offenses_sexual_assault_with_an_object,offense_prosecution_declined_prostitution_offenses_prostitution,offense_death_of_suspect_larceny_theft_offenses_pocket_picking,offense_extradition_denied_sex_offenses_sodomy,offense_victim_refused_to_cooperate_negligent_manslaughter,offense_prosecution_declined_larceny_theft_offenses_theft_from_coin_operated_machine_or_device,offense_juvenile_no_custody_stolen_property_offenses_receiving_selling_etc,offense_home_assault_offenses_aggravated_assault,offense_other_unknown_location_assault_offenses_aggravated_assault,offense_outside_assault_offenses_aggravated_assault,offense_school_assault_offenses_aggravated_assault,offense_home_assault_offenses_intimidation,offense_home_assault_offenses_simple_assault,offense_other_unknown_location_assault_offenses_simple_assault,offense_outside_assault_offenses_simple_assault,offense_school_assault_offenses_simple_assault,offense_home_burglary_breaking_and_entering,offense_other_unknown_location_burglary_breaking_and_entering,offense_outside_burglary_breaking_and_entering,offense_school_burglary_breaking_and_entering,offense_home_destruction_damage_vandalism_of_property,offense_other_unknown_location_destruction_damage_vandalism_of_property,offense_school_destruction_damage_vandalism_of_property,offense_home_drug_narcotic_offenses_drug_equipment_violations,offense_home_drug_narcotic_offenses_drug_narcotic_violations,offense_other_unknown_location_drug_narcotic_offenses_drug_narcotic_violations,offense_outside_drug_narcotic_offenses_drug_narcotic_violations,offense_school_drug_narcotic_offenses_drug_narcotic_violations,offense_home_larceny_theft_offenses_all_other_larceny,offense_other_unknown_location_larceny_theft_offenses_all_other_larceny,offense_outside_larceny_theft_offenses_all_other_larceny,offense_school_larceny_theft_offenses_all_other_larceny,offense_home_larceny_theft_offenses_pocket_picking,offense_other_unknown_location_larceny_theft_offenses_pocket_picking,offense_outside_larceny_theft_offenses_pocket_picking,offense_school_larceny_theft_offenses_pocket_picking,offense_home_larceny_theft_offenses_purse_snatching,offense_other_unknown_location_larceny_theft_offenses_purse_snatching,offense_outside_larceny_theft_offenses_purse_snatching,offense_school_larceny_theft_offenses_purse_snatching,offense_home_larceny_theft_offenses_shoplifting,offense_other_unknown_location_larceny_theft_offenses_shoplifting,offense_home_larceny_theft_offenses_theft_from_building,offense_other_unknown_location_larceny_theft_offenses_theft_from_building,offense_outside_larceny_theft_offenses_theft_from_building,offense_school_larceny_theft_offenses_theft_from_building,offense_home_larceny_theft_offenses_theft_from_coin_operated_machine_or_device,offense_other_unknown_location_larceny_theft_offenses_theft_from_coin_operated_machine_or_device,offense_outside_larceny_theft_offenses_theft_from_coin_operated_machine_or_device,offense_home_larceny_theft_offenses_theft_from_motor_vehicle,offense_other_unknown_location_larceny_theft_offenses_theft_from_motor_vehicle,offense_outside_larceny_theft_offenses_theft_from_motor_vehicle,offense_school_larceny_theft_offenses_theft_from_motor_vehicle,offense_home_larceny_theft_offenses_theft_of_motor_vehicle_parts_accessories,offense_other_unknown_location_larceny_theft_offenses_theft_of_motor_vehicle_parts_accessories,offense_outside_larceny_theft_offenses_theft_of_motor_vehicle_parts_accessories,offense_school_larceny_theft_offenses_theft_of_motor_vehicle_parts_accessories,offense_home_motor_vehicle_theft,offense_other_unknown_location_motor_vehicle_theft,offense_outside_motor_vehicle_theft,offense_school_motor_vehicle_theft,offense_home_murder_nonnegligent_manslaughter,offense_other_unknown_location_murder_nonnegligent_manslaughter,offense_outside_murder_nonnegligent_manslaughter,offense_home_robbery,offense_other_unknown_location_robbery,offense_outside_robbery,offense_home_sex_offenses_rape,offense_other_unknown_location_sex_offenses_rape,offense_outside_sex_offenses_rape,offense_home_sex_offenses_sodomy,offense_other_unknown_location_sex_offenses_sodomy,offense_outside_sex_offenses_sodomy,offense_outside_destruction_damage_vandalism_of_property,offense_outside_larceny_theft_offenses_shoplifting,offense_school_robbery,offense_school_sex_offenses_rape,offense_home_arson,offense_other_unknown_location_arson,offense_outside_arson,offense_school_arson,offense_home_counterfeiting_forgery,offense_other_unknown_location_counterfeiting_forgery,offense_outside_counterfeiting_forgery,offense_school_counterfeiting_forgery,offense_home_embezzlement,offense_other_unknown_location_embezzlement,offense_outside_embezzlement,offense_other_unknown_location_extortion_blackmail,offense_home_fraud_offenses_credit_card_atm_fraud,offense_other_unknown_location_fraud_offenses_credit_card_atm_fraud,offense_home_fraud_offenses_false_pretenses_swindle_confidence_game,offense_other_unknown_location_fraud_offenses_false_pretenses_swindle_confidence_game,offense_outside_fraud_offenses_false_pretenses_swindle_confidence_game,offense_school_fraud_offenses_false_pretenses_swindle_confidence_game,offense_other_unknown_location_fraud_offenses_impersonation,offense_outside_fraud_offenses_impersonation,offense_home_gambling_offenses_betting_wagering,offense_home_gambling_offenses_operating_promoting_assisting_gambling,offense_outside_gambling_offenses_operating_promoting_assisting_gambling,offense_home_kidnapping_abduction,offense_other_unknown_location_kidnapping_abduction,offense_outside_kidnapping_abduction,offense_school_kidnapping_abduction,offense_school_larceny_theft_offenses_shoplifting,offense_school_murder_nonnegligent_manslaughter,offense_home_pornography_obscene_material,offense_outside_prostitution_offenses_assisting_or_promoting_prostitution,offense_outside_prostitution_offenses_prostitution,offense_home_sex_offenses_fondling_incident_liberties_child_molest,offense_other_unknown_location_sex_offenses_fondling_incident_liberties_child_molest,offense_home_sex_offenses_incest,offense_school_sex_offenses_sodomy,offense_home_stolen_property_offenses_receiving_selling_etc,offense_other_unknown_location_stolen_property_offenses_receiving_selling_etc,offense_outside_stolen_property_offenses_receiving_selling_etc,offense_home_weapon_law_violations_weapon_law_violations,offense_other_unknown_location_weapon_law_violations_weapon_law_violations,offense_outside_weapon_law_violations_weapon_law_violations,offense_school_weapon_law_violations_weapon_law_violations,offense_other_unknown_location_drug_narcotic_offenses_drug_equipment_violations,offense_outside_drug_narcotic_offenses_drug_equipment_violations,offense_other_unknown_location_assault_offenses_intimidation,offense_outside_assault_offenses_intimidation,offense_school_larceny_theft_offenses_theft_from_coin_operated_machine_or_device,offense_school_assault_offenses_intimidation,offense_other_unknown_location_gambling_offenses_betting_wagering,offense_other_unknown_location_gambling_offenses_gambling_equipment_violations,offense_other_unknown_location_gambling_offenses_operating_promoting_assisting_gambling,offense_other_unknown_location_prostitution_offenses_assisting_or_promoting_prostitution,offense_other_unknown_location_prostitution_offenses_prostitution,offense_school_fraud_offenses_credit_card_atm_fraud,offense_home_prostitution_offenses_assisting_or_promoting_prostitution,offense_home_sex_offenses_statutory_rape,offense_other_unknown_location_sex_offenses_statutory_rape,offense_outside_sex_offenses_statutory_rape,offense_school_drug_narcotic_offenses_drug_equipment_violations,offense_home_negligent_manslaughter,offense_home_extortion_blackmail,offense_outside_fraud_offenses_credit_card_atm_fraud,offense_home_fraud_offenses_impersonation,offense_school_gambling_offenses_betting_wagering,offense_other_unknown_location_pornography_obscene_material,offense_school_fraud_offenses_impersonation,offense_home_prostitution_offenses_prostitution,offense_outside_sex_offenses_fondling_incident_liberties_child_molest,offense_school_sex_offenses_fondling_incident_liberties_child_molest,offense_bar_nightclub_burglary_breaking_and_entering,offense_bar_nightclub_gambling_offenses_operating_promoting_assisting_gambling,offense_bar_nightclub_assault_offenses_simple_assault,offense_bar_nightclub_larceny_theft_offenses_theft_from_building,offense_bar_nightclub_assault_offenses_intimidation,offense_bar_nightclub_counterfeiting_forgery,offense_bar_nightclub_destruction_damage_vandalism_of_property,offense_bar_nightclub_drug_narcotic_offenses_drug_narcotic_violations,offense_bar_nightclub_fraud_offenses_false_pretenses_swindle_confidence_game,offense_home_fraud_offenses_welfare_fraud,offense_other_unknown_location_fraud_offenses_welfare_fraud,offense_bar_nightclub_larceny_theft_offenses_all_other_larceny,offense_bar_nightclub_larceny_theft_offenses_shoplifting,offense_bar_nightclub_larceny_theft_offenses_theft_of_motor_vehicle_parts_accessories,offense_other_unknown_location_sex_offenses_incest,offense_home_sex_offenses_sexual_assault_with_an_object,offense_bar_nightclub_stolen_property_offenses_receiving_selling_etc,offense_bar_nightclub_assault_offenses_aggravated_assault,offense_bar_nightclub_motor_vehicle_theft,offense_outside_pornography_obscene_material,offense_bar_nightclub_arson,offense_bar_nightclub_larceny_theft_offenses_purse_snatching,offense_bar_nightclub_larceny_theft_offenses_theft_from_coin_operated_machine_or_device,offense_bar_nightclub_larceny_theft_offenses_theft_from_motor_vehicle,offense_bar_nightclub_weapon_law_violations_weapon_law_violations,offense_bar_nightclub_gambling_offenses_betting_wagering,offense_bar_nightclub_kidnapping_abduction,offense_outside_sex_offenses_sexual_assault_with_an_object,offense_bar_nightclub_fraud_offenses_impersonation,offense_bar_nightclub_larceny_theft_offenses_pocket_picking,offense_bar_nightclub_robbery,offense_bar_nightclub_drug_narcotic_offenses_drug_equipment_violations,offense_outside_extortion_blackmail,offense_bar_nightclub_sex_offenses_rape,offense_other_unknown_location_sex_offenses_sexual_assault_with_an_object,offense_outside_negligent_manslaughter,offense_outside_gambling_offenses_betting_wagering,offense_other_unknown_location_fraud_offenses_wire_fraud,offense_bar_nightclub_murder_nonnegligent_manslaughter,offense_home_gambling_offenses_gambling_equipment_violations,offense_bar_nightclub_embezzlement,offense_bar_nightclub_fraud_offenses_credit_card_atm_fraud,offense_home_fraud_offenses_wire_fraud,offense_bar_nightclub_sex_offenses_fondling_incident_liberties_child_molest,offense_bar_nightclub_gambling_offenses_gambling_equipment_violations,offense_outside_gambling_offenses_gambling_equipment_violations,offense_home_bribery,offense_other_unknown_location_bribery,offense_other_unknown_location_justifiable_homicide_not_a_crime,offense_outside_bribery,offense_outside_sex_offenses_incest,offense_bar_nightclub_prostitution_offenses_prostitution,offense_bar_nightclub_sex_offenses_sodomy,offense_other_unknown_location_negligent_manslaughter,offense_bar_nightclub_prostitution_offenses_assisting_or_promoting_prostitution,offense_home_justifiable_homicide_not_a_crime,offense_outside_justifiable_homicide_not_a_crime,offense_buy_possess_consume_drug_narcotic_offenses_drug_equipment_violations,offense_buy_possess_consume_drug_narcotic_offenses_drug_narcotic_violations,offense_sell_create_assist_drug_narcotic_offenses_drug_narcotic_violations,offense_buy_possess_consume_counterfeiting_forgery,offense_sell_create_assist_counterfeiting_forgery,offense_buy_possess_consume_stolen_property_offenses_receiving_selling_etc,offense_sell_create_assist_stolen_property_offenses_receiving_selling_etc,offense_buy_possess_consume_weapon_law_violations_weapon_law_violations,offense_sell_create_assist_weapon_law_violations_weapon_law_violations,offense_sell_create_assist_gambling_offenses_gambling_equipment_violations,offense_buy_possess_consume_gambling_offenses_gambling_equipment_violations,offense_sell_create_assist_drug_narcotic_offenses_drug_equipment_violations,offense_na_drug_narcotic_offenses_drug_narcotic_violations,offender_assault_offenses_aggravated_assault,offender_assault_offenses_intimidation,offender_assault_offenses_simple_assault,offender_burglary_breaking_and_entering,offender_destruction_damage_vandalism_of_property,offender_drug_narcotic_offenses_drug_equipment_violations,offender_drug_narcotic_offenses_drug_narcotic_violations,offender_larceny_theft_offenses_all_other_larceny,offender_larceny_theft_offenses_pocket_picking,offender_larceny_theft_offenses_purse_snatching,offender_larceny_theft_offenses_shoplifting,offender_larceny_theft_offenses_theft_from_building,offender_larceny_theft_offenses_theft_from_coin_operated_machine_or_device,offender_larceny_theft_offenses_theft_from_motor_vehicle,offender_larceny_theft_offenses_theft_of_motor_vehicle_parts_accessories,offender_motor_vehicle_theft,offender_murder_nonnegligent_manslaughter,offender_robbery,offender_sex_offenses_rape,offender_sex_offenses_sodomy,offender_arson,offender_counterfeiting_forgery,offender_embezzlement,offender_extortion_blackmail,offender_fraud_offenses_credit_card_atm_fraud,offender_fraud_offenses_false_pretenses_swindle_confidence_game,offender_fraud_offenses_impersonation,offender_gambling_offenses_betting_wagering,offender_gambling_offenses_operating_promoting_assisting_gambling,offender_kidnapping_abduction,offender_pornography_obscene_material,offender_prostitution_offenses_assisting_or_promoting_prostitution,offender_prostitution_offenses_prostitution,offender_sex_offenses_fondling_incident_liberties_child_molest,offender_sex_offenses_incest,offender_stolen_property_offenses_receiving_selling_etc,offender_weapon_law_violations_weapon_law_violations,offender_gambling_offenses_gambling_equipment_violations,offender_sex_offenses_statutory_rape,offender_negligent_manslaughter,offender_fraud_offenses_welfare_fraud,offender_sex_offenses_sexual_assault_with_an_object,offender_fraud_offenses_wire_fraud,offender_bribery,offender_justifiable_homicide_not_a_crime,offender_female_assault_offenses_aggravated_assault,offender_male_assault_offenses_aggravated_assault,offender_unknown_sex_assault_offenses_aggravated_assault,offender_female_assault_offenses_intimidation,offender_male_assault_offenses_intimidation,offender_female_assault_offenses_simple_assault,offender_male_assault_offenses_simple_assault,offender_unknown_sex_assault_offenses_simple_assault,offender_female_burglary_breaking_and_entering,offender_male_burglary_breaking_and_entering,offender_unknown_sex_burglary_breaking_and_entering,offender_female_destruction_damage_vandalism_of_property,offender_male_destruction_damage_vandalism_of_property,offender_unknown_sex_destruction_damage_vandalism_of_property,offender_female_drug_narcotic_offenses_drug_equipment_violations,offender_male_drug_narcotic_offenses_drug_equipment_violations,offender_unknown_sex_drug_narcotic_offenses_drug_equipment_violations,offender_female_drug_narcotic_offenses_drug_narcotic_violations,offender_male_drug_narcotic_offenses_drug_narcotic_violations,offender_unknown_sex_drug_narcotic_offenses_drug_narcotic_violations,offender_female_larceny_theft_offenses_all_other_larceny,offender_male_larceny_theft_offenses_all_other_larceny,offender_unknown_sex_larceny_theft_offenses_all_other_larceny,offender_female_larceny_theft_offenses_pocket_picking,offender_male_larceny_theft_offenses_pocket_picking,offender_unknown_sex_larceny_theft_offenses_pocket_picking,offender_female_larceny_theft_offenses_purse_snatching,offender_male_larceny_theft_offenses_purse_snatching,offender_unknown_sex_larceny_theft_offenses_purse_snatching,offender_female_larceny_theft_offenses_shoplifting,offender_male_larceny_theft_offenses_shoplifting,offender_unknown_sex_larceny_theft_offenses_shoplifting,offender_female_larceny_theft_offenses_theft_from_building,offender_male_larceny_theft_offenses_theft_from_building,offender_unknown_sex_larceny_theft_offenses_theft_from_building,offender_female_larceny_theft_offenses_theft_from_coin_operated_machine_or_device,offender_male_larceny_theft_offenses_theft_from_coin_operated_machine_or_device,offender_unknown_sex_larceny_theft_offenses_theft_from_coin_operated_machine_or_device,offender_female_larceny_theft_offenses_theft_from_motor_vehicle,offender_male_larceny_theft_offenses_theft_from_motor_vehicle,offender_unknown_sex_larceny_theft_offenses_theft_from_motor_vehicle,offender_female_larceny_theft_offenses_theft_of_motor_vehicle_parts_accessories,offender_male_larceny_theft_offenses_theft_of_motor_vehicle_parts_accessories,offender_unknown_sex_larceny_theft_offenses_theft_of_motor_vehicle_parts_accessories,offender_female_motor_vehicle_theft,offender_male_motor_vehicle_theft,offender_unknown_sex_motor_vehicle_theft,offender_female_murder_nonnegligent_manslaughter,offender_male_murder_nonnegligent_manslaughter,offender_unknown_sex_murder_nonnegligent_manslaughter,offender_female_robbery,offender_male_robbery,offender_unknown_sex_robbery,offender_female_sex_offenses_rape,offender_male_sex_offenses_rape,offender_unknown_sex_sex_offenses_rape,offender_male_sex_offenses_sodomy,offender_female_arson,offender_male_arson,offender_unknown_sex_arson,offender_female_counterfeiting_forgery,offender_male_counterfeiting_forgery,offender_unknown_sex_counterfeiting_forgery,offender_female_embezzlement,offender_male_embezzlement,offender_unknown_sex_embezzlement,offender_unknown_sex_extortion_blackmail,offender_female_fraud_offenses_credit_card_atm_fraud,offender_male_fraud_offenses_credit_card_atm_fraud,offender_unknown_sex_fraud_offenses_credit_card_atm_fraud,offender_female_fraud_offenses_false_pretenses_swindle_confidence_game,offender_male_fraud_offenses_false_pretenses_swindle_confidence_game,offender_unknown_sex_fraud_offenses_false_pretenses_swindle_confidence_game,offender_female_fraud_offenses_impersonation,offender_male_fraud_offenses_impersonation,offender_unknown_sex_fraud_offenses_impersonation,offender_unknown_sex_gambling_offenses_betting_wagering,offender_male_gambling_offenses_operating_promoting_assisting_gambling,offender_unknown_sex_gambling_offenses_operating_promoting_assisting_gambling,offender_female_kidnapping_abduction,offender_male_kidnapping_abduction,offender_unknown_sex_kidnapping_abduction,offender_unknown_sex_pornography_obscene_material,offender_female_prostitution_offenses_assisting_or_promoting_prostitution,offender_unknown_sex_prostitution_offenses_assisting_or_promoting_prostitution,offender_female_prostitution_offenses_prostitution,offender_unknown_sex_prostitution_offenses_prostitution,offender_male_sex_offenses_fondling_incident_liberties_child_molest,offender_unknown_sex_sex_offenses_fondling_incident_liberties_child_molest,offender_male_sex_offenses_incest,offender_unknown_sex_sex_offenses_incest,offender_female_sex_offenses_sodomy,offender_unknown_sex_sex_offenses_sodomy,offender_female_stolen_property_offenses_receiving_selling_etc,offender_male_stolen_property_offenses_receiving_selling_etc,offender_unknown_sex_stolen_property_offenses_receiving_selling_etc,offender_female_weapon_law_violations_weapon_law_violations,offender_male_weapon_law_violations_weapon_law_violations,offender_unknown_sex_weapon_law_violations_weapon_law_violations,offender_unknown_sex_assault_offenses_intimidation,offender_female_extortion_blackmail,offender_female_gambling_offenses_gambling_equipment_violations,offender_unknown_sex_gambling_offenses_gambling_equipment_violations,offender_female_gambling_offenses_operating_promoting_assisting_gambling,offender_male_prostitution_offenses_prostitution,offender_unknown_sex_sex_offenses_statutory_rape,offender_male_sex_offenses_statutory_rape,offender_male_negligent_manslaughter,offender_male_extortion_blackmail,offender_male_gambling_offenses_betting_wagering,offender_male_pornography_obscene_material,offender_male_gambling_offenses_gambling_equipment_violations,offender_female_sex_offenses_fondling_incident_liberties_child_molest,offender_female_fraud_offenses_welfare_fraud,offender_male_fraud_offenses_welfare_fraud,offender_male_sex_offenses_sexual_assault_with_an_object,offender_male_prostitution_offenses_assisting_or_promoting_prostitution,offender_female_pornography_obscene_material,offender_unknown_sex_fraud_offenses_welfare_fraud,offender_unknown_sex_sex_offenses_sexual_assault_with_an_object,offender_female_sex_offenses_sexual_assault_with_an_object,offender_female_gambling_offenses_betting_wagering,offender_female_fraud_offenses_wire_fraud,offender_female_sex_offenses_statutory_rape,offender_male_fraud_offenses_wire_fraud,offender_female_bribery,offender_male_bribery,offender_unknown_sex_bribery,offender_male_justifiable_homicide_not_a_crime,offender_unknown_sex_fraud_offenses_wire_fraud,offender_female_justifiable_homicide_not_a_crime,offender_female_sex_offenses_incest,offender_american_indian_assault_offenses_aggravated_assault,offender_asian_assault_offenses_aggravated_assault,offender_black_assault_offenses_aggravated_assault,offender_unknown_race_assault_offenses_aggravated_assault,offender_white_assault_offenses_aggravated_assault,offender_black_assault_offenses_intimidation,offender_white_assault_offenses_intimidation,offender_american_indian_assault_offenses_simple_assault,offender_black_assault_offenses_simple_assault,offender_unknown_race_assault_offenses_simple_assault,offender_white_assault_offenses_simple_assault,offender_american_indian_burglary_breaking_and_entering,offender_black_burglary_breaking_and_entering,offender_unknown_race_burglary_breaking_and_entering,offender_white_burglary_breaking_and_entering,offender_black_destruction_damage_vandalism_of_property,offender_unknown_race_destruction_damage_vandalism_of_property,offender_white_destruction_damage_vandalism_of_property,offender_unknown_race_drug_narcotic_offenses_drug_equipment_violations,offender_white_drug_narcotic_offenses_drug_equipment_violations,offender_black_drug_narcotic_offenses_drug_narcotic_violations,offender_unknown_race_drug_narcotic_offenses_drug_narcotic_violations,offender_white_drug_narcotic_offenses_drug_narcotic_violations,offender_asian_larceny_theft_offenses_all_other_larceny,offender_black_larceny_theft_offenses_all_other_larceny,offender_unknown_race_larceny_theft_offenses_all_other_larceny,offender_white_larceny_theft_offenses_all_other_larceny,offender_black_larceny_theft_offenses_pocket_picking,offender_unknown_race_larceny_theft_offenses_pocket_picking,offender_white_larceny_theft_offenses_pocket_picking,offender_black_larceny_theft_offenses_purse_snatching,offender_unknown_race_larceny_theft_offenses_purse_snatching,offender_white_larceny_theft_offenses_purse_snatching,offender_asian_larceny_theft_offenses_shoplifting,offender_black_larceny_theft_offenses_shoplifting,offender_unknown_race_larceny_theft_offenses_shoplifting,offender_white_larceny_theft_offenses_shoplifting,offender_black_larceny_theft_offenses_theft_from_building,offender_unknown_race_larceny_theft_offenses_theft_from_building,offender_white_larceny_theft_offenses_theft_from_building,offender_unknown_race_larceny_theft_offenses_theft_from_coin_operated_machine_or_device,offender_white_larceny_theft_offenses_theft_from_coin_operated_machine_or_device,offender_black_larceny_theft_offenses_theft_from_motor_vehicle,offender_unknown_race_larceny_theft_offenses_theft_from_motor_vehicle,offender_white_larceny_theft_offenses_theft_from_motor_vehicle,offender_black_larceny_theft_offenses_theft_of_motor_vehicle_parts_accessories,offender_unknown_race_larceny_theft_offenses_theft_of_motor_vehicle_parts_accessories,offender_white_larceny_theft_offenses_theft_of_motor_vehicle_parts_accessories,offender_black_motor_vehicle_theft,offender_unknown_race_motor_vehicle_theft,offender_white_motor_vehicle_theft,offender_black_murder_nonnegligent_manslaughter,offender_unknown_race_murder_nonnegligent_manslaughter,offender_white_murder_nonnegligent_manslaughter,offender_black_robbery,offender_unknown_race_robbery,offender_white_robbery,offender_black_sex_offenses_rape,offender_unknown_race_sex_offenses_rape,offender_white_sex_offenses_rape,offender_black_sex_offenses_sodomy,offender_unknown_race_sex_offenses_sodomy,offender_white_sex_offenses_sodomy,offender_black_larceny_theft_offenses_theft_from_coin_operated_machine_or_device,offender_asian_robbery,offender_black_arson,offender_unknown_race_arson,offender_white_arson,offender_asian_assault_offenses_simple_assault,offender_asian_counterfeiting_forgery,offender_black_counterfeiting_forgery,offender_unknown_race_counterfeiting_forgery,offender_white_counterfeiting_forgery,offender_american_indian_destruction_damage_vandalism_of_property,offender_asian_destruction_damage_vandalism_of_property,offender_asian_drug_narcotic_offenses_drug_narcotic_violations,offender_black_embezzlement,offender_unknown_race_embezzlement,offender_white_embezzlement,offender_unknown_race_extortion_blackmail,offender_black_fraud_offenses_credit_card_atm_fraud,offender_unknown_race_fraud_offenses_credit_card_atm_fraud,offender_white_fraud_offenses_credit_card_atm_fraud,offender_american_indian_fraud_offenses_false_pretenses_swindle_confidence_game,offender_black_fraud_offenses_false_pretenses_swindle_confidence_game,offender_unknown_race_fraud_offenses_false_pretenses_swindle_confidence_game,offender_white_fraud_offenses_false_pretenses_swindle_confidence_game,offender_black_fraud_offenses_impersonation,offender_unknown_race_fraud_offenses_impersonation,offender_unknown_race_gambling_offenses_betting_wagering,offender_black_gambling_offenses_operating_promoting_assisting_gambling,offender_unknown_race_gambling_offenses_operating_promoting_assisting_gambling,offender_black_kidnapping_abduction,offender_unknown_race_kidnapping_abduction,offender_white_kidnapping_abduction,offender_american_indian_larceny_theft_offenses_all_other_larceny,offender_american_indian_larceny_theft_offenses_shoplifting,offender_american_indian_larceny_theft_offenses_theft_from_building,offender_american_indian_larceny_theft_offenses_theft_from_motor_vehicle,offender_asian_larceny_theft_offenses_theft_from_motor_vehicle,offender_american_indian_motor_vehicle_theft,offender_unknown_race_pornography_obscene_material,offender_black_prostitution_offenses_assisting_or_promoting_prostitution,offender_unknown_race_prostitution_offenses_assisting_or_promoting_prostitution,offender_white_prostitution_offenses_assisting_or_promoting_prostitution,offender_unknown_race_prostitution_offenses_prostitution,offender_white_prostitution_offenses_prostitution,offender_american_indian_robbery,offender_black_sex_offenses_fondling_incident_liberties_child_molest,offender_unknown_race_sex_offenses_fondling_incident_liberties_child_molest,offender_white_sex_offenses_fondling_incident_liberties_child_molest,offender_black_sex_offenses_incest,offender_unknown_race_sex_offenses_incest,offender_white_sex_offenses_incest,offender_asian_sex_offenses_rape,offender_black_stolen_property_offenses_receiving_selling_etc,offender_unknown_race_stolen_property_offenses_receiving_selling_etc,offender_white_stolen_property_offenses_receiving_selling_etc,offender_black_weapon_law_violations_weapon_law_violations,offender_unknown_race_weapon_law_violations_weapon_law_violations,offender_white_weapon_law_violations_weapon_law_violations,offender_black_drug_narcotic_offenses_drug_equipment_violations,offender_unknown_race_assault_offenses_intimidation,offender_asian_larceny_theft_offenses_theft_from_building,offender_white_extortion_blackmail,offender_white_fraud_offenses_impersonation,offender_unknown_race_gambling_offenses_gambling_equipment_violations,offender_white_gambling_offenses_gambling_equipment_violations,offender_white_gambling_offenses_operating_promoting_assisting_gambling,offender_asian_larceny_theft_offenses_theft_of_motor_vehicle_parts_accessories,offender_asian_motor_vehicle_theft,offender_black_prostitution_offenses_prostitution,offender_unknown_race_sex_offenses_statutory_rape,offender_white_sex_offenses_statutory_rape,offender_asian_larceny_theft_offenses_theft_from_coin_operated_machine_or_device,offender_black_negligent_manslaughter,offender_white_negligent_manslaughter,offender_black_extortion_blackmail,offender_american_indian_assault_offenses_intimidation,offender_black_gambling_offenses_betting_wagering,offender_white_gambling_offenses_betting_wagering,offender_white_pornography_obscene_material,offender_american_indian_larceny_theft_offenses_purse_snatching,offender_black_sex_offenses_statutory_rape,offender_asian_burglary_breaking_and_entering,offender_american_indian_larceny_theft_offenses_theft_of_motor_vehicle_parts_accessories,offender_american_indian_drug_narcotic_offenses_drug_narcotic_violations,offender_american_indian_drug_narcotic_offenses_drug_equipment_violations,offender_asian_fraud_offenses_false_pretenses_swindle_confidence_game,offender_unknown_race_fraud_offenses_welfare_fraud,offender_white_fraud_offenses_welfare_fraud,offender_white_sex_offenses_sexual_assault_with_an_object,offender_american_indian_arson,offender_american_indian_counterfeiting_forgery,offender_american_indian_sex_offenses_rape,offender_american_indian_stolen_property_offenses_receiving_selling_etc,offender_american_indian_weapon_law_violations_weapon_law_violations,offender_american_indian_larceny_theft_offenses_theft_from_coin_operated_machine_or_device,offender_asian_sex_offenses_fondling_incident_liberties_child_molest,offender_american_indian_sex_offenses_fondling_incident_liberties_child_molest,offender_american_indian_sex_offenses_statutory_rape,offender_asian_stolen_property_offenses_receiving_selling_etc,offender_asian_assault_offenses_intimidation,offender_asian_fraud_offenses_welfare_fraud,offender_american_indian_kidnapping_abduction,offender_unknown_race_sex_offenses_sexual_assault_with_an_object,offender_american_indian_murder_nonnegligent_manslaughter,offender_asian_prostitution_offenses_prostitution,offender_american_indian_fraud_offenses_welfare_fraud,offender_asian_weapon_law_violations_weapon_law_violations,offender_asian_arson,offender_american_indian_larceny_theft_offenses_pocket_picking,offender_black_fraud_offenses_welfare_fraud,offender_american_indian_gambling_offenses_operating_promoting_assisting_gambling,offender_asian_drug_narcotic_offenses_drug_equipment_violations,offender_asian_embezzlement,offender_asian_gambling_offenses_betting_wagering,offender_black_gambling_offenses_gambling_equipment_violations,offender_asian_gambling_offenses_operating_promoting_assisting_gambling,offender_asian_larceny_theft_offenses_pocket_picking,offender_asian_larceny_theft_offenses_purse_snatching,offender_asian_extortion_blackmail,offender_asian_fraud_offenses_credit_card_atm_fraud,offender_asian_fraud_offenses_impersonation,offender_asian_pornography_obscene_material,offender_black_sex_offenses_sexual_assault_with_an_object,offender_asian_gambling_offenses_gambling_equipment_violations,offender_asian_fraud_offenses_wire_fraud,offender_asian_prostitution_offenses_assisting_or_promoting_prostitution,offender_unknown_race_fraud_offenses_wire_fraud,offender_black_fraud_offenses_wire_fraud,offender_white_fraud_offenses_wire_fraud,offender_black_bribery,offender_unknown_race_bribery,offender_white_bribery,offender_white_justifiable_homicide_not_a_crime,offender_asian_bribery,offender_black_pornography_obscene_material,offender_american_indian_gambling_offenses_betting_wagering,offender_black_justifiable_homicide_not_a_crime,offender_asian_kidnapping_abduction,offender_asian_murder_nonnegligent_manslaughter,offender_american_indian_fraud_offenses_credit_card_atm_fraud,offender_adult_assault_offenses_aggravated_assault,offender_juvenile_assault_offenses_aggravated_assault,offender_unknown_age_assault_offenses_aggravated_assault,offender_adult_assault_offenses_intimidation,offender_juvenile_assault_offenses_intimidation,offender_adult_assault_offenses_simple_assault,offender_juvenile_assault_offenses_simple_assault,offender_unknown_age_assault_offenses_simple_assault,offender_adult_burglary_breaking_and_entering,offender_juvenile_burglary_breaking_and_entering,offender_unknown_age_burglary_breaking_and_entering,offender_adult_destruction_damage_vandalism_of_property,offender_juvenile_destruction_damage_vandalism_of_property,offender_unknown_age_destruction_damage_vandalism_of_property,offender_adult_drug_narcotic_offenses_drug_equipment_violations,offender_unknown_age_drug_narcotic_offenses_drug_equipment_violations,offender_adult_drug_narcotic_offenses_drug_narcotic_violations,offender_juvenile_drug_narcotic_offenses_drug_narcotic_violations,offender_unknown_age_drug_narcotic_offenses_drug_narcotic_violations,offender_adult_larceny_theft_offenses_all_other_larceny,offender_juvenile_larceny_theft_offenses_all_other_larceny,offender_unknown_age_larceny_theft_offenses_all_other_larceny,offender_adult_larceny_theft_offenses_pocket_picking,offender_juvenile_larceny_theft_offenses_pocket_picking,offender_unknown_age_larceny_theft_offenses_pocket_picking,offender_adult_larceny_theft_offenses_purse_snatching,offender_juvenile_larceny_theft_offenses_purse_snatching,offender_unknown_age_larceny_theft_offenses_purse_snatching,offender_adult_larceny_theft_offenses_shoplifting,offender_juvenile_larceny_theft_offenses_shoplifting,offender_unknown_age_larceny_theft_offenses_shoplifting,offender_adult_larceny_theft_offenses_theft_from_building,offender_juvenile_larceny_theft_offenses_theft_from_building,offender_unknown_age_larceny_theft_offenses_theft_from_building,offender_adult_larceny_theft_offenses_theft_from_coin_operated_machine_or_device,offender_unknown_age_larceny_theft_offenses_theft_from_coin_operated_machine_or_device,offender_adult_larceny_theft_offenses_theft_from_motor_vehicle,offender_juvenile_larceny_theft_offenses_theft_from_motor_vehicle,offender_unknown_age_larceny_theft_offenses_theft_from_motor_vehicle,offender_adult_larceny_theft_offenses_theft_of_motor_vehicle_parts_accessories,offender_juvenile_larceny_theft_offenses_theft_of_motor_vehicle_parts_accessories,offender_unknown_age_larceny_theft_offenses_theft_of_motor_vehicle_parts_accessories,offender_adult_motor_vehicle_theft,offender_juvenile_motor_vehicle_theft,offender_unknown_age_motor_vehicle_theft,offender_adult_murder_nonnegligent_manslaughter,offender_unknown_age_murder_nonnegligent_manslaughter,offender_adult_robbery,offender_juvenile_robbery,offender_unknown_age_robbery,offender_adult_sex_offenses_rape,offender_juvenile_sex_offenses_rape,offender_unknown_age_sex_offenses_rape,offender_adult_sex_offenses_sodomy,offender_juvenile_sex_offenses_sodomy,offender_unknown_age_sex_offenses_sodomy,offender_juvenile_larceny_theft_offenses_theft_from_coin_operated_machine_or_device,offender_juvenile_murder_nonnegligent_manslaughter,offender_adult_arson,offender_juvenile_arson,offender_unknown_age_arson,offender_adult_counterfeiting_forgery,offender_juvenile_counterfeiting_forgery,offender_unknown_age_counterfeiting_forgery,offender_adult_embezzlement,offender_juvenile_embezzlement,offender_unknown_age_embezzlement,offender_unknown_age_extortion_blackmail,offender_adult_fraud_offenses_credit_card_atm_fraud,offender_juvenile_fraud_offenses_credit_card_atm_fraud,offender_unknown_age_fraud_offenses_credit_card_atm_fraud,offender_adult_fraud_offenses_false_pretenses_swindle_confidence_game,offender_juvenile_fraud_offenses_false_pretenses_swindle_confidence_game,offender_unknown_age_fraud_offenses_false_pretenses_swindle_confidence_game,offender_adult_fraud_offenses_impersonation,offender_unknown_age_fraud_offenses_impersonation,offender_unknown_age_gambling_offenses_betting_wagering,offender_juvenile_gambling_offenses_operating_promoting_assisting_gambling,offender_unknown_age_gambling_offenses_operating_promoting_assisting_gambling,offender_adult_kidnapping_abduction,offender_juvenile_kidnapping_abduction,offender_unknown_age_kidnapping_abduction,offender_unknown_age_pornography_obscene_material,offender_adult_prostitution_offenses_assisting_or_promoting_prostitution,offender_unknown_age_prostitution_offenses_assisting_or_promoting_prostitution,offender_adult_prostitution_offenses_prostitution,offender_unknown_age_prostitution_offenses_prostitution,offender_adult_sex_offenses_fondling_incident_liberties_child_molest,offender_juvenile_sex_offenses_fondling_incident_liberties_child_molest,offender_unknown_age_sex_offenses_fondling_incident_liberties_child_molest,offender_adult_sex_offenses_incest,offender_juvenile_sex_offenses_incest,offender_unknown_age_sex_offenses_incest,offender_adult_stolen_property_offenses_receiving_selling_etc,offender_juvenile_stolen_property_offenses_receiving_selling_etc,offender_unknown_age_stolen_property_offenses_receiving_selling_etc,offender_adult_weapon_law_violations_weapon_law_violations,offender_juvenile_weapon_law_violations_weapon_law_violations,offender_unknown_age_weapon_law_violations_weapon_law_violations,offender_unknown_age_assault_offenses_intimidation,offender_adult_extortion_blackmail,offender_adult_gambling_offenses_gambling_equipment_violations,offender_unknown_age_gambling_offenses_gambling_equipment_violations,offender_adult_gambling_offenses_operating_promoting_assisting_gambling,offender_adult_sex_offenses_statutory_rape,offender_unknown_age_sex_offenses_statutory_rape,offender_adult_negligent_manslaughter,offender_adult_gambling_offenses_betting_wagering,offender_juvenile_gambling_offenses_betting_wagering,offender_adult_pornography_obscene_material,offender_adult_fraud_offenses_welfare_fraud,offender_unknown_age_fraud_offenses_welfare_fraud,offender_adult_sex_offenses_sexual_assault_with_an_object,offender_juvenile_drug_narcotic_offenses_drug_equipment_violations,offender_juvenile_fraud_offenses_impersonation,offender_juvenile_sex_offenses_statutory_rape,offender_juvenile_negligent_manslaughter,offender_unknown_age_sex_offenses_sexual_assault_with_an_object,offender_juvenile_sex_offenses_sexual_assault_with_an_object,offender_adult_fraud_offenses_wire_fraud,offender_juvenile_extortion_blackmail,offender_unknown_age_fraud_offenses_wire_fraud,offender_adult_bribery,offender_unknown_age_bribery,offender_adult_justifiable_homicide_not_a_crime,offender_juvenile_pornography_obscene_material,offender_juvenile_prostitution_offenses_prostitution,offender_juvenile_gambling_offenses_gambling_equipment_violations,offender_juvenile_fraud_offenses_wire_fraud,arrestee_all_other_offenses,arrestee_assault_offenses_aggravated_assault,arrestee_assault_offenses_simple_assault,arrestee_bad_checks,arrestee_burglary_breaking_and_entering,arrestee_disorderly_conduct,arrestee_driving_under_the_influence,arrestee_drug_narcotic_offenses_drug_narcotic_violations,arrestee_drunkenness,arrestee_family_offenses_nonviolent,arrestee_larceny_theft_offenses_all_other_larceny,arrestee_larceny_theft_offenses_shoplifting,arrestee_larceny_theft_offenses_theft_from_building,arrestee_larceny_theft_offenses_theft_from_coin_operated_machine_or_device,arrestee_larceny_theft_offenses_theft_from_motor_vehicle,arrestee_larceny_theft_offenses_theft_of_motor_vehicle_parts_accessories,arrestee_liquor_law_violations,arrestee_motor_vehicle_theft,arrestee_robbery,arrestee_trespass_of_real_property,arrestee_curfew_loitering_vagrancy_violations,arrestee_murder_nonnegligent_manslaughter,arrestee_drug_narcotic_offenses_drug_equipment_violations,arrestee_larceny_theft_offenses_purse_snatching,arrestee_sex_offenses_rape,arrestee_counterfeiting_forgery,arrestee_fraud_offenses_credit_card_atm_fraud,arrestee_peeping_tom,arrestee_runaway,arrestee_destruction_damage_vandalism_of_property,arrestee_gambling_offenses_betting_wagering,arrestee_prostitution_offenses_prostitution,arrestee_sex_offenses_fondling_incident_liberties_child_molest,arrestee_stolen_property_offenses_receiving_selling_etc,arrestee_weapon_law_violations_weapon_law_violations,arrestee_kidnapping_abduction,arrestee_arson,arrestee_assault_offenses_intimidation,arrestee_gambling_offenses_operating_promoting_assisting_gambling,arrestee_sex_offenses_incest,arrestee_sex_offenses_sexual_assault_with_an_object,arrestee_fraud_offenses_false_pretenses_swindle_confidence_game,arrestee_fraud_offenses_impersonation,arrestee_embezzlement,arrestee_larceny_theft_offenses_pocket_picking,arrestee_sex_offenses_statutory_rape,arrestee_negligent_manslaughter,arrestee_fraud_offenses_welfare_fraud,arrestee_fraud_offenses_wire_fraud,arrestee_extortion_blackmail,arrestee_sex_offenses_sodomy,arrestee_gambling_offenses_gambling_equipment_violations,arrestee_prostitution_offenses_assisting_or_promoting_prostitution,arrestee_pornography_obscene_material,arrestee_bribery,arrestee_f_all_other_offenses,arrestee_male_all_other_offenses,arrestee_male_assault_offenses_aggravated_assault,arrestee_female_assault_offenses_simple_assault,arrestee_male_assault_offenses_simple_assault,arrestee_f_bad_checks,arrestee_male_bad_checks,arrestee_male_burglary_breaking_and_entering,arrestee_f_disorderly_conduct,arrestee_male_disorderly_conduct,arrestee_f_driving_under_the_influence,arrestee_male_driving_under_the_influence,arrestee_female_drug_narcotic_offenses_drug_narcotic_violations,arrestee_male_drug_narcotic_offenses_drug_narcotic_violations,arrestee_f_drunkenness,arrestee_male_drunkenness,arrestee_f_family_offenses_nonviolent,arrestee_male_family_offenses_nonviolent,arrestee_male_larceny_theft_offenses_all_other_larceny,arrestee_female_larceny_theft_offenses_shoplifting,arrestee_female_larceny_theft_offenses_theft_from_building,arrestee_male_larceny_theft_offenses_theft_from_building,arrestee_female_larceny_theft_offenses_theft_from_coin_operated_machine_or_device,arrestee_male_larceny_theft_offenses_theft_from_coin_operated_machine_or_device,arrestee_male_larceny_theft_offenses_theft_from_motor_vehicle,arrestee_male_larceny_theft_offenses_theft_of_motor_vehicle_parts_accessories,arrestee_f_liquor_law_violations,arrestee_male_liquor_law_violations,arrestee_male_motor_vehicle_theft,arrestee_female_robbery,arrestee_male_robbery,arrestee_f_trespass_of_real_property,arrestee_male_trespass_of_real_property,arrestee_female_assault_offenses_aggravated_assault,arrestee_female_burglary_breaking_and_entering,arrestee_f_curfew_loitering_vagrancy_violations,arrestee_male_curfew_loitering_vagrancy_violations,arrestee_male_larceny_theft_offenses_shoplifting,arrestee_female_murder_nonnegligent_manslaughter,arrestee_male_murder_nonnegligent_manslaughter,arrestee_male_drug_narcotic_offenses_drug_equipment_violations,arrestee_male_larceny_theft_offenses_purse_snatching,arrestee_female_motor_vehicle_theft,arrestee_male_sex_offenses_rape,arrestee_male_counterfeiting_forgery,arrestee_male_fraud_offenses_credit_card_atm_fraud,arrestee_female_larceny_theft_offenses_all_other_larceny,arrestee_male_peeping_tom,arrestee_male_runaway,arrestee_female_counterfeiting_forgery,arrestee_female_destruction_damage_vandalism_of_property,arrestee_male_destruction_damage_vandalism_of_property,arrestee_female_drug_narcotic_offenses_drug_equipment_violations,arrestee_female_fraud_offenses_credit_card_atm_fraud,arrestee_male_gambling_offenses_betting_wagering,arrestee_female_larceny_theft_offenses_theft_from_motor_vehicle,arrestee_female_prostitution_offenses_prostitution,arrestee_male_prostitution_offenses_prostitution,arrestee_f_runaway,arrestee_male_sex_offenses_fondling_incident_liberties_child_molest,arrestee_female_stolen_property_offenses_receiving_selling_etc,arrestee_male_stolen_property_offenses_receiving_selling_etc,arrestee_female_weapon_law_violations_weapon_law_violations,arrestee_male_weapon_law_violations_weapon_law_violations,arrestee_female_larceny_theft_offenses_purse_snatching,arrestee_male_kidnapping_abduction,arrestee_female_arson,arrestee_male_arson,arrestee_female_assault_offenses_intimidation,arrestee_female_sex_offenses_rape,arrestee_male_assault_offenses_intimidation,arrestee_female_gambling_offenses_operating_promoting_assisting_gambling,arrestee_male_gambling_offenses_operating_promoting_assisting_gambling,arrestee_female_kidnapping_abduction,arrestee_female_driving_under_the_influence,arrestee_male_sex_offenses_incest,arrestee_male_sex_offenses_sexual_assault_with_an_object,arrestee_female_fraud_offenses_false_pretenses_swindle_confidence_game,arrestee_male_fraud_offenses_false_pretenses_swindle_confidence_game,arrestee_male_fraud_offenses_impersonation,arrestee_female_larceny_theft_offenses_theft_of_motor_vehicle_parts_accessories,arrestee_female_disorderly_conduct,arrestee_male_embezzlement,arrestee_male_larceny_theft_offenses_pocket_picking,arrestee_female_all_other_offenses,arrestee_female_liquor_law_violations,arrestee_female_runaway,arrestee_female_trespass_of_real_property,arrestee_male_sex_offenses_statutory_rape,arrestee_male_negligent_manslaughter,arrestee_female_embezzlement,arrestee_male_fraud_offenses_welfare_fraud,arrestee_female_sex_offenses_fondling_incident_liberties_child_molest,arrestee_female_gambling_offenses_betting_wagering,arrestee_female_bad_checks,arrestee_female_family_offenses_nonviolent,arrestee_female_fraud_offenses_wire_fraud,arrestee_male_extortion_blackmail,arrestee_male_sex_offenses_sodomy,arrestee_male_gambling_offenses_gambling_equipment_violations,arrestee_male_prostitution_offenses_assisting_or_promoting_prostitution,arrestee_male_pornography_obscene_material,arrestee_female_drunkenness,arrestee_female_gambling_offenses_gambling_equipment_violations,arrestee_male_bribery,arrestee_female_fraud_offenses_impersonation,arrestee_female_larceny_theft_offenses_pocket_picking,arrestee_female_pornography_obscene_material,arrestee_female_extortion_blackmail,arrestee_female_prostitution_offenses_assisting_or_promoting_prostitution,arrestee_female_curfew_loitering_vagrancy_violations,arrestee_a_all_other_offenses,arrestee_b_all_other_offenses,arrestee_w_all_other_offenses,arrestee_black_assault_offenses_aggravated_assault,arrestee_white_assault_offenses_aggravated_assault,arrestee_white_assault_offenses_simple_assault,arrestee_b_bad_checks,arrestee_w_bad_checks,arrestee_black_burglary_breaking_and_entering,arrestee_white_burglary_breaking_and_entering,arrestee_b_disorderly_conduct,arrestee_w_disorderly_conduct,arrestee_b_driving_under_the_influence,arrestee_w_driving_under_the_influence,arrestee_black_drug_narcotic_offenses_drug_narcotic_violations,arrestee_white_drug_narcotic_offenses_drug_narcotic_violations,arrestee_b_drunkenness,arrestee_w_drunkenness,arrestee_w_family_offenses_nonviolent,arrestee_black_larceny_theft_offenses_all_other_larceny,arrestee_white_larceny_theft_offenses_all_other_larceny,arrestee_black_larceny_theft_offenses_shoplifting,arrestee_white_larceny_theft_offenses_shoplifting,arrestee_black_larceny_theft_offenses_theft_from_building,arrestee_white_larceny_theft_offenses_theft_from_building,arrestee_white_larceny_theft_offenses_theft_from_coin_operated_machine_or_device,arrestee_black_larceny_theft_offenses_theft_from_motor_vehicle,arrestee_white_larceny_theft_offenses_theft_from_motor_vehicle,arrestee_white_larceny_theft_offenses_theft_of_motor_vehicle_parts_accessories,arrestee_a_liquor_law_violations,arrestee_b_liquor_law_violations,arrestee_w_liquor_law_violations,arrestee_black_motor_vehicle_theft,arrestee_white_motor_vehicle_theft,arrestee_black_robbery,arrestee_white_robbery,arrestee_b_trespass_of_real_property,arrestee_w_trespass_of_real_property,arrestee_black_assault_offenses_simple_assault,arrestee_b_curfew_loitering_vagrancy_violations,arrestee_w_curfew_loitering_vagrancy_violations,arrestee_b_family_offenses_nonviolent,arrestee_black_murder_nonnegligent_manslaughter,arrestee_white_murder_nonnegligent_manslaughter,arrestee_i_all_other_offenses,arrestee_a_disorderly_conduct,arrestee_i_disorderly_conduct,arrestee_a_driving_under_the_influence,arrestee_i_driving_under_the_influence,arrestee_a_drunkenness,arrestee_i_drunkenness,arrestee_a_trespass_of_real_property,arrestee_american_indian_larceny_theft_offenses_shoplifting,arrestee_black_drug_narcotic_offenses_drug_equipment_violations,arrestee_black_larceny_theft_offenses_purse_snatching,arrestee_black_sex_offenses_rape,arrestee_a_bad_checks,arrestee_black_larceny_theft_offenses_theft_of_motor_vehicle_parts_accessories,arrestee_white_counterfeiting_forgery,arrestee_black_fraud_offenses_credit_card_atm_fraud,arrestee_i_bad_checks,arrestee_white_larceny_theft_offenses_purse_snatching,arrestee_w_peeping_tom,arrestee_b_runaway,arrestee_black_counterfeiting_forgery,arrestee_a_curfew_loitering_vagrancy_violations,arrestee_black_destruction_damage_vandalism_of_property,arrestee_white_destruction_damage_vandalism_of_property,arrestee_white_drug_narcotic_offenses_drug_equipment_violations,arrestee_white_fraud_offenses_credit_card_atm_fraud,arrestee_black_gambling_offenses_betting_wagering,arrestee_asian_larceny_theft_offenses_shoplifting,arrestee_b_peeping_tom,arrestee_black_prostitution_offenses_prostitution,arrestee_a_runaway,arrestee_w_runaway,arrestee_white_sex_offenses_fondling_incident_liberties_child_molest,arrestee_white_sex_offenses_rape,arrestee_black_stolen_property_offenses_receiving_selling_etc,arrestee_white_stolen_property_offenses_receiving_selling_etc,arrestee_black_weapon_law_violations_weapon_law_violations,arrestee_white_weapon_law_violations_weapon_law_violations,arrestee_asian_assault_offenses_simple_assault,arrestee_i_family_offenses_nonviolent,arrestee_black_kidnapping_abduction,arrestee_black_arson,arrestee_white_assault_offenses_intimidation,arrestee_i_liquor_law_violations,arrestee_a_family_offenses_nonviolent,arrestee_white_kidnapping_abduction,arrestee_asian_larceny_theft_offenses_theft_from_motor_vehicle,arrestee_asian_larceny_theft_offenses_purse_snatching,arrestee_a_peeping_tom,arrestee_i_trespass_of_real_property,arrestee_black_larceny_theft_offenses_theft_from_coin_operated_machine_or_device,arrestee_black_assault_offenses_intimidation,arrestee_white_gambling_offenses_operating_promoting_assisting_gambling,arrestee_american_indian_assault_offenses_simple_assault,arrestee_american_indian_burglary_breaking_and_entering,arrestee_white_driving_under_the_influence,arrestee_american_indian_drug_narcotic_offenses_drug_narcotic_violations,arrestee_white_disorderly_conduct,arrestee_white_gambling_offenses_betting_wagering,arrestee_white_sex_offenses_incest,arrestee_white_sex_offenses_sexual_assault_with_an_object,arrestee_white_arson,arrestee_american_indian_assault_offenses_aggravated_assault,arrestee_american_indian_assault_offenses_intimidation,arrestee_american_indian_counterfeiting_forgery,arrestee_american_indian_destruction_damage_vandalism_of_property,arrestee_black_fraud_offenses_false_pretenses_swindle_confidence_game,arrestee_white_fraud_offenses_false_pretenses_swindle_confidence_game,arrestee_white_fraud_offenses_impersonation,arrestee_american_indian_larceny_theft_offenses_all_other_larceny,arrestee_american_indian_larceny_theft_offenses_theft_from_building,arrestee_american_indian_larceny_theft_offenses_theft_from_motor_vehicle,arrestee_american_indian_larceny_theft_offenses_theft_of_motor_vehicle_parts_accessories,arrestee_american_indian_motor_vehicle_theft,arrestee_american_indian_robbery,arrestee_american_indian_stolen_property_offenses_receiving_selling_etc,arrestee_american_indian_weapon_law_violations_weapon_law_violations,arrestee_white_embezzlement,arrestee_i_runaway,arrestee_white_larceny_theft_offenses_pocket_picking,arrestee_u_driving_under_the_influence.x,arrestee_u_all_other_offenses.x,arrestee_white_all_other_offenses,arrestee_u_bad_checks.x,arrestee_asian_counterfeiting_forgery,arrestee_white_family_offenses_nonviolent,arrestee_asian_larceny_theft_offenses_all_other_larceny,arrestee_unknown_race_larceny_theft_offenses_all_other_larceny,arrestee_unknown_race_larceny_theft_offenses_theft_from_building,arrestee_american_indian_larceny_theft_offenses_theft_from_coin_operated_machine_or_device,arrestee_asian_liquor_law_violations,arrestee_american_indian_all_other_offenses,arrestee_i_curfew_loitering_vagrancy_violations,arrestee_american_indian_disorderly_conduct,arrestee_u_disorderly_conduct.x,arrestee_american_indian_driving_under_the_influence,arrestee_american_indian_drug_narcotic_offenses_drug_equipment_violations,arrestee_unknown_race_larceny_theft_offenses_shoplifting,arrestee_unknown_race_larceny_theft_offenses_theft_from_motor_vehicle,arrestee_american_indian_liquor_law_violations,arrestee_white_liquor_law_violations,arrestee_unknown_race_motor_vehicle_theft,arrestee_u_runaway.x,arrestee_white_runaway,arrestee_american_indian_sex_offenses_rape,arrestee_asian_stolen_property_offenses_receiving_selling_etc,arrestee_american_indian_trespass_of_real_property,arrestee_white_trespass_of_real_property,arrestee_u_liquor_law_violations.x,arrestee_white_sex_offenses_statutory_rape,arrestee_asian_burglary_breaking_and_entering,arrestee_asian_assault_offenses_intimidation,arrestee_white_negligent_manslaughter,arrestee_asian_motor_vehicle_theft,arrestee_american_indian_murder_nonnegligent_manslaughter,arrestee_asian_prostitution_offenses_prostitution,arrestee_asian_drug_narcotic_offenses_drug_narcotic_violations,arrestee_asian_weapon_law_violations_weapon_law_violations,arrestee_unknown_race_all_other_offenses,arrestee_black_all_other_offenses,arrestee_white_curfew_loitering_vagrancy_violations,arrestee_asian_fraud_offenses_false_pretenses_swindle_confidence_game,arrestee_black_fraud_offenses_welfare_fraud,arrestee_asian_larceny_theft_offenses_theft_from_building,arrestee_black_runaway,arrestee_black_disorderly_conduct,arrestee_black_liquor_law_violations,arrestee_black_sex_offenses_fondling_incident_liberties_child_molest,arrestee_white_bad_checks,arrestee_black_trespass_of_real_property,arrestee_u_drunkenness.x,arrestee_black_drunkenness,arrestee_white_prostitution_offenses_prostitution,arrestee_black_sex_offenses_statutory_rape,arrestee_unknown_race_drug_narcotic_offenses_drug_narcotic_violations,arrestee_white_drunkenness,arrestee_black_family_offenses_nonviolent,arrestee_white_fraud_offenses_wire_fraud,arrestee_white_extortion_blackmail,arrestee_unknown_race_counterfeiting_forgery,arrestee_white_sex_offenses_sodomy,arrestee_unknown_race_burglary_breaking_and_entering,arrestee_black_driving_under_the_influence,arrestee_black_bad_checks,arrestee_black_gambling_offenses_gambling_equipment_violations,arrestee_black_gambling_offenses_operating_promoting_assisting_gambling,arrestee_black_sex_offenses_sodomy,arrestee_unknown_race_assault_offenses_simple_assault,arrestee_black_curfew_loitering_vagrancy_violations,arrestee_white_gambling_offenses_gambling_equipment_violations,arrestee_u_peeping_tom.x,arrestee_u_trespass_of_real_property.x,arrestee_white_prostitution_offenses_assisting_or_promoting_prostitution,arrestee_white_pornography_obscene_material,arrestee_black_sex_offenses_sexual_assault_with_an_object,arrestee_american_indian_drunkenness,arrestee_unknown_race_fraud_offenses_false_pretenses_swindle_confidence_game,arrestee_unknown_race_arson,arrestee_asian_assault_offenses_aggravated_assault,arrestee_white_bribery,arrestee_unknown_race_destruction_damage_vandalism_of_property,arrestee_black_embezzlement,arrestee_black_extortion_blackmail,arrestee_black_fraud_offenses_impersonation,arrestee_unknown_race_gambling_offenses_operating_promoting_assisting_gambling,arrestee_unknown_race_larceny_theft_offenses_theft_of_motor_vehicle_parts_accessories,arrestee_black_pornography_obscene_material,arrestee_unknown_race_robbery,arrestee_unknown_race_stolen_property_offenses_receiving_selling_etc,arrestee_asian_embezzlement,arrestee_black_prostitution_offenses_assisting_or_promoting_prostitution,arrestee_black_sex_offenses_incest,arrestee_asian_gambling_offenses_betting_wagering,arrestee_asian_sex_offenses_fondling_incident_liberties_child_molest,arrestee_asian_robbery,arrestee_u_all_other_offenses.y,arrestee_unknown_ethnicity_assault_offenses_aggravated_assault,arrestee_unknown_ethnicity_assault_offenses_simple_assault,arrestee_u_bad_checks.y,arrestee_unknown_ethnicity_burglary_breaking_and_entering,arrestee_u_disorderly_conduct.y,arrestee_u_driving_under_the_influence.y,arrestee_unknown_ethnicity_drug_narcotic_offenses_drug_narcotic_violations,arrestee_u_drunkenness.y,arrestee_u_family_offenses_nonviolent,arrestee_unknown_ethnicity_larceny_theft_offenses_all_other_larceny,arrestee_unknown_ethnicity_larceny_theft_offenses_shoplifting,arrestee_unknown_ethnicity_larceny_theft_offenses_theft_from_building,arrestee_unknown_ethnicity_larceny_theft_offenses_theft_from_coin_operated_machine_or_device,arrestee_unknown_ethnicity_larceny_theft_offenses_theft_from_motor_vehicle,arrestee_unknown_ethnicity_larceny_theft_offenses_theft_of_motor_vehicle_parts_accessories,arrestee_u_liquor_law_violations.y,arrestee_unknown_ethnicity_motor_vehicle_theft,arrestee_unknown_ethnicity_robbery,arrestee_u_trespass_of_real_property.y,arrestee_u_curfew_loitering_vagrancy_violations,arrestee_unknown_ethnicity_murder_nonnegligent_manslaughter,arrestee_unknown_ethnicity_drug_narcotic_offenses_drug_equipment_violations,arrestee_unknown_ethnicity_larceny_theft_offenses_purse_snatching,arrestee_unknown_ethnicity_sex_offenses_rape,arrestee_unknown_ethnicity_counterfeiting_forgery,arrestee_unknown_ethnicity_fraud_offenses_credit_card_atm_fraud,arrestee_u_peeping_tom.y,arrestee_u_runaway.y,arrestee_unknown_ethnicity_destruction_damage_vandalism_of_property,arrestee_unknown_ethnicity_gambling_offenses_betting_wagering,arrestee_unknown_ethnicity_prostitution_offenses_prostitution,arrestee_unknown_ethnicity_sex_offenses_fondling_incident_liberties_child_molest,arrestee_unknown_ethnicity_stolen_property_offenses_receiving_selling_etc,arrestee_unknown_ethnicity_weapon_law_violations_weapon_law_violations,arrestee_unknown_ethnicity_kidnapping_abduction,arrestee_unknown_ethnicity_arson,arrestee_unknown_ethnicity_assault_offenses_intimidation,arrestee_n_all_other_offenses,arrestee_n_drunkenness,arrestee_not_hispanic_assault_offenses_aggravated_assault,arrestee_not_hispanic_assault_offenses_intimidation,arrestee_not_hispanic_assault_offenses_simple_assault,arrestee_not_hispanic_burglary_breaking_and_entering,arrestee_n_disorderly_conduct,arrestee_n_driving_under_the_influence,arrestee_not_hispanic_drug_narcotic_offenses_drug_narcotic_violations,arrestee_n_family_offenses_nonviolent,arrestee_not_hispanic_larceny_theft_offenses_theft_from_building,arrestee_not_hispanic_larceny_theft_offenses_theft_of_motor_vehicle_parts_accessories,arrestee_n_liquor_law_violations,arrestee_n_bad_checks,arrestee_h_driving_under_the_influence,arrestee_not_hispanic_gambling_offenses_operating_promoting_assisting_gambling,arrestee_not_hispanic_motor_vehicle_theft,arrestee_not_hispanic_sex_offenses_fondling_incident_liberties_child_molest,arrestee_n_trespass_of_real_property,arrestee_not_hispanic_weapon_law_violations_weapon_law_violations,arrestee_not_hispanic_larceny_theft_offenses_all_other_larceny,arrestee_not_hispanic_larceny_theft_offenses_shoplifting,arrestee_not_hispanic_counterfeiting_forgery,arrestee_not_hispanic_destruction_damage_vandalism_of_property,arrestee_not_hispanic_driving_under_the_influence,arrestee_not_hispanic_stolen_property_offenses_receiving_selling_etc,arrestee_not_hispanic_drug_narcotic_offenses_drug_equipment_violations,arrestee_not_hispanic_kidnapping_abduction,arrestee_unknown_ethnicity_all_other_offenses,arrestee_h_bad_checks,arrestee_unknown_ethnicity_bad_checks,arrestee_h_disorderly_conduct,arrestee_not_hispanic_disorderly_conduct,arrestee_unknown_ethnicity_disorderly_conduct,arrestee_unknown_ethnicity_driving_under_the_influence,arrestee_unknown_ethnicity_family_offenses_nonviolent,arrestee_not_hispanic_gambling_offenses_betting_wagering,arrestee_unknown_ethnicity_liquor_law_violations,arrestee_unknown_ethnicity_sex_offenses_incest,arrestee_not_hispanic_sex_offenses_rape,arrestee_not_hispanic_sex_offenses_sexual_assault_with_an_object,arrestee_hispanic_assault_offenses_aggravated_assault,arrestee_hispanic_burglary_breaking_and_entering,arrestee_h_family_offenses_nonviolent,arrestee_unknown_ethnicity_fraud_offenses_false_pretenses_swindle_confidence_game,arrestee_unknown_ethnicity_fraud_offenses_impersonation,arrestee_hispanic_larceny_theft_offenses_shoplifting,arrestee_hispanic_larceny_theft_offenses_theft_of_motor_vehicle_parts_accessories,arrestee_hispanic_motor_vehicle_theft,arrestee_not_hispanic_arson,arrestee_not_hispanic_embezzlement,arrestee_not_hispanic_fraud_offenses_false_pretenses_swindle_confidence_game,arrestee_not_hispanic_robbery,arrestee_n_runaway,arrestee_not_hispanic_larceny_theft_offenses_pocket_picking,arrestee_not_hispanic_larceny_theft_offenses_theft_from_motor_vehicle,arrestee_n_peeping_tom,arrestee_h_all_other_offenses,arrestee_not_hispanic_all_other_offenses,arrestee_hispanic_assault_offenses_intimidation,arrestee_hispanic_destruction_damage_vandalism_of_property,arrestee_hispanic_driving_under_the_influence,arrestee_hispanic_drug_narcotic_offenses_drug_narcotic_violations,arrestee_not_hispanic_family_offenses_nonviolent,arrestee_hispanic_larceny_theft_offenses_all_other_larceny,arrestee_not_hispanic_larceny_theft_offenses_theft_from_coin_operated_machine_or_device,arrestee_h_liquor_law_violations,arrestee_not_hispanic_liquor_law_violations,arrestee_h_runaway,arrestee_hispanic_stolen_property_offenses_receiving_selling_etc,arrestee_h_trespass_of_real_property,arrestee_hispanic_weapon_law_violations_weapon_law_violations,arrestee_hispanic_assault_offenses_simple_assault,arrestee_n_curfew_loitering_vagrancy_violations,arrestee_hispanic_disorderly_conduct,arrestee_not_hispanic_larceny_theft_offenses_purse_snatching,arrestee_hispanic_larceny_theft_offenses_theft_from_motor_vehicle,arrestee_not_hispanic_runaway,arrestee_hispanic_sex_offenses_rape,arrestee_not_hispanic_trespass_of_real_property,arrestee_unknown_ethnicity_trespass_of_real_property,arrestee_unknown_ethnicity_runaway,arrestee_not_hispanic_fraud_offenses_credit_card_atm_fraud,arrestee_unknown_ethnicity_sex_offenses_statutory_rape,arrestee_not_hispanic_negligent_manslaughter,arrestee_not_hispanic_murder_nonnegligent_manslaughter,arrestee_not_hispanic_prostitution_offenses_prostitution,arrestee_h_curfew_loitering_vagrancy_violations,arrestee_unknown_ethnicity_curfew_loitering_vagrancy_violations,arrestee_unknown_ethnicity_drunkenness,arrestee_unknown_ethnicity_embezzlement,arrestee_unknown_ethnicity_fraud_offenses_welfare_fraud,arrestee_hispanic_larceny_theft_offenses_purse_snatching,arrestee_h_drunkenness,arrestee_not_hispanic_drunkenness,arrestee_not_hispanic_sex_offenses_statutory_rape,arrestee_not_hispanic_bad_checks,arrestee_not_hispanic_fraud_offenses_wire_fraud,arrestee_not_hispanic_extortion_blackmail,arrestee_hispanic_sex_offenses_sodomy,arrestee_unknown_ethnicity_sex_offenses_sexual_assault_with_an_object,arrestee_not_hispanic_sex_offenses_sodomy,arrestee_not_hispanic_gambling_offenses_gambling_equipment_violations,arrestee_not_hispanic_curfew_loitering_vagrancy_violations,arrestee_unknown_ethnicity_prostitution_offenses_assisting_or_promoting_prostitution,arrestee_unknown_ethnicity_sex_offenses_sodomy,arrestee_not_hispanic_pornography_obscene_material,arrestee_hispanic_drunkenness,arrestee_unknown_ethnicity_bribery,arrestee_unknown_ethnicity_extortion_blackmail,arrestee_unknown_ethnicity_fraud_offenses_wire_fraud,arrestee_unknown_ethnicity_gambling_offenses_gambling_equipment_violations,arrestee_unknown_ethnicity_gambling_offenses_operating_promoting_assisting_gambling,arrestee_unknown_ethnicity_larceny_theft_offenses_pocket_picking,arrestee_unknown_ethnicity_pornography_obscene_material,arrestee_hispanic_robbery,arrestee_hispanic_fraud_offenses_credit_card_atm_fraud,arrestee_hispanic_fraud_offenses_false_pretenses_swindle_confidence_game,arrestee_not_hispanic_fraud_offenses_impersonation,arrestee_hispanic_murder_nonnegligent_manslaughter,arrestee_hispanic_prostitution_offenses_assisting_or_promoting_prostitution,arrestee_not_hispanic_prostitution_offenses_assisting_or_promoting_prostitution,arrestee_not_hispanic_sex_offenses_incest,arrestee_hispanic_counterfeiting_forgery,arrestee_adult_all_other_offenses,arrestee_adult_assault_offenses_aggravated_assault,arrestee_juvenile_assault_offenses_aggravated_assault,arrestee_adult_assault_offenses_simple_assault,arrestee_adult_bad_checks,arrestee_adult_burglary_breaking_and_entering,arrestee_juvenile_burglary_breaking_and_entering,arrestee_adult_disorderly_conduct,arrestee_adult_driving_under_the_influence,arrestee_adult_drug_narcotic_offenses_drug_narcotic_violations,arrestee_juvenile_drug_narcotic_offenses_drug_narcotic_violations,arrestee_adult_drunkenness,arrestee_adult_family_offenses_nonviolent,arrestee_adult_larceny_theft_offenses_all_other_larceny,arrestee_juvenile_larceny_theft_offenses_all_other_larceny,arrestee_adult_larceny_theft_offenses_shoplifting,arrestee_juvenile_larceny_theft_offenses_shoplifting,arrestee_adult_larceny_theft_offenses_theft_from_building,arrestee_adult_larceny_theft_offenses_theft_from_coin_operated_machine_or_device,arrestee_adult_larceny_theft_offenses_theft_from_motor_vehicle,arrestee_juvenile_larceny_theft_offenses_theft_from_motor_vehicle,arrestee_adult_larceny_theft_offenses_theft_of_motor_vehicle_parts_accessories,arrestee_adult_liquor_law_violations,arrestee_juvenile_motor_vehicle_theft,arrestee_adult_robbery,arrestee_juvenile_robbery,arrestee_adult_trespass_of_real_property,arrestee_juvenile_assault_offenses_simple_assault,arrestee_adult_curfew_loitering_vagrancy_violations,arrestee_adult_motor_vehicle_theft,arrestee_adult_murder_nonnegligent_manslaughter,arrestee_juvenile_murder_nonnegligent_manslaughter,arrestee_juvenile_all_other_offenses,arrestee_juvenile_disorderly_conduct,arrestee_juvenile_family_offenses_nonviolent,arrestee_unknown_age_family_offenses_nonviolent,arrestee_adult_drug_narcotic_offenses_drug_equipment_violations,arrestee_adult_larceny_theft_offenses_purse_snatching,arrestee_adult_sex_offenses_rape,arrestee_juvenile_bad_checks,arrestee_juvenile_larceny_theft_offenses_theft_of_motor_vehicle_parts_accessories,arrestee_adult_counterfeiting_forgery,arrestee_adult_fraud_offenses_credit_card_atm_fraud,arrestee_juvenile_trespass_of_real_property,arrestee_adult_peeping_tom,arrestee_juvenile_runaway,arrestee_juvenile_driving_under_the_influence,arrestee_unknown_age_assault_offenses_simple_assault,arrestee_juvenile_curfew_loitering_vagrancy_violations,arrestee_adult_destruction_damage_vandalism_of_property,arrestee_juvenile_destruction_damage_vandalism_of_property,arrestee_juvenile_drunkenness,arrestee_juvenile_fraud_offenses_credit_card_atm_fraud,arrestee_adult_gambling_offenses_betting_wagering,arrestee_juvenile_larceny_theft_offenses_purse_snatching,arrestee_juvenile_larceny_theft_offenses_theft_from_building,arrestee_juvenile_liquor_law_violations,arrestee_adult_prostitution_offenses_prostitution,arrestee_juvenile_sex_offenses_fondling_incident_liberties_child_molest,arrestee_adult_stolen_property_offenses_receiving_selling_etc,arrestee_juvenile_stolen_property_offenses_receiving_selling_etc,arrestee_unknown_age_trespass_of_real_property,arrestee_adult_weapon_law_violations_weapon_law_violations,arrestee_juvenile_weapon_law_violations_weapon_law_violations,arrestee_juvenile_larceny_theft_offenses_theft_from_coin_operated_machine_or_device,arrestee_juvenile_sex_offenses_rape,arrestee_adult_kidnapping_abduction,arrestee_adult_arson,arrestee_adult_assault_offenses_intimidation,arrestee_adult_gambling_offenses_operating_promoting_assisting_gambling,arrestee_adult_sex_offenses_fondling_incident_liberties_child_molest,arrestee_unknown_age_liquor_law_violations,arrestee_unknown_age_all_other_offenses,arrestee_unknown_age_gambling_offenses_betting_wagering,arrestee_adult_sex_offenses_incest,arrestee_adult_sex_offenses_sexual_assault_with_an_object,arrestee_juvenile_arson,arrestee_juvenile_assault_offenses_intimidation,arrestee_unknown_age_burglary_breaking_and_entering,arrestee_juvenile_counterfeiting_forgery,arrestee_unknown_age_counterfeiting_forgery,arrestee_juvenile_drug_narcotic_offenses_drug_equipment_violations,arrestee_adult_fraud_offenses_false_pretenses_swindle_confidence_game,arrestee_unknown_age_fraud_offenses_false_pretenses_swindle_confidence_game,arrestee_adult_fraud_offenses_impersonation,arrestee_unknown_age_larceny_theft_offenses_all_other_larceny,arrestee_unknown_age_larceny_theft_offenses_theft_from_building,arrestee_unknown_age_motor_vehicle_theft,arrestee_unknown_age_robbery,arrestee_adult_embezzlement,arrestee_adult_larceny_theft_offenses_pocket_picking,arrestee_unknown_age_driving_under_the_influence,arrestee_unknown_age_bad_checks,arrestee_juvenile_peeping_tom,arrestee_unknown_age_disorderly_conduct,arrestee_unknown_age_larceny_theft_offenses_theft_from_motor_vehicle,arrestee_unknown_age_assault_offenses_aggravated_assault,arrestee_juvenile_larceny_theft_offenses_pocket_picking,arrestee_unknown_age_larceny_theft_offenses_shoplifting,arrestee_unknown_age_destruction_damage_vandalism_of_property,arrestee_adult_sex_offenses_statutory_rape,arrestee_juvenile_negligent_manslaughter,arrestee_unknown_age_drug_narcotic_offenses_drug_narcotic_violations,arrestee_juvenile_fraud_offenses_false_pretenses_swindle_confidence_game,arrestee_unknown_age_assault_offenses_intimidation,arrestee_unknown_age_drunkenness,arrestee_adult_fraud_offenses_welfare_fraud,arrestee_adult_fraud_offenses_wire_fraud,arrestee_adult_extortion_blackmail,arrestee_juvenile_sex_offenses_sodomy,arrestee_juvenile_sex_offenses_sexual_assault_with_an_object,arrestee_adult_sex_offenses_sodomy,arrestee_juvenile_kidnapping_abduction,arrestee_juvenile_gambling_offenses_betting_wagering,arrestee_adult_gambling_offenses_gambling_equipment_violations,arrestee_adult_prostitution_offenses_assisting_or_promoting_prostitution,arrestee_adult_pornography_obscene_material,arrestee_adult_bribery,arrestee_juvenile_extortion_blackmail,arrestee_juvenile_prostitution_offenses_prostitution,arrestee_juvenile_sex_offenses_statutory_rape,arrestee_on_view_arrest_all_other_offenses,arrestee_taken_into_custody_all_other_offenses,arrestee_on_view_arrest_assault_offenses_aggravated_assault,arrestee_taken_into_custody_assault_offenses_aggravated_assault,arrestee_on_view_arrest_assault_offenses_simple_assault,arrestee_taken_into_custody_assault_offenses_simple_assault,arrestee_on_view_arrest_bad_checks,arrestee_taken_into_custody_bad_checks,arrestee_on_view_arrest_burglary_breaking_and_entering,arrestee_taken_into_custody_burglary_breaking_and_entering,arrestee_on_view_arrest_disorderly_conduct,arrestee_taken_into_custody_disorderly_conduct,arrestee_on_view_arrest_driving_under_the_influence,arrestee_taken_into_custody_driving_under_the_influence,arrestee_on_view_arrest_drug_narcotic_offenses_drug_narcotic_violations,arrestee_taken_into_custody_drug_narcotic_offenses_drug_narcotic_violations,arrestee_on_view_arrest_drunkenness,arrestee_taken_into_custody_drunkenness,arrestee_on_view_arrest_family_offenses_nonviolent,arrestee_taken_into_custody_family_offenses_nonviolent,arrestee_on_view_arrest_larceny_theft_offenses_all_other_larceny,arrestee_taken_into_custody_larceny_theft_offenses_all_other_larceny,arrestee_on_view_arrest_larceny_theft_offenses_shoplifting,arrestee_on_view_arrest_larceny_theft_offenses_theft_from_building,arrestee_on_view_arrest_larceny_theft_offenses_theft_from_coin_operated_machine_or_device,arrestee_on_view_arrest_larceny_theft_offenses_theft_from_motor_vehicle,arrestee_on_view_arrest_larceny_theft_offenses_theft_of_motor_vehicle_parts_accessories,arrestee_on_view_arrest_liquor_law_violations,arrestee_taken_into_custody_liquor_law_violations,arrestee_on_view_arrest_motor_vehicle_theft,arrestee_on_view_arrest_robbery,arrestee_taken_into_custody_robbery,arrestee_on_view_arrest_trespass_of_real_property,arrestee_taken_into_custody_trespass_of_real_property,arrestee_on_view_arrest_curfew_loitering_vagrancy_violations,arrestee_taken_into_custody_larceny_theft_offenses_shoplifting,arrestee_on_view_arrest_murder_nonnegligent_manslaughter,arrestee_taken_into_custody_curfew_loitering_vagrancy_violations,arrestee_taken_into_custody_murder_nonnegligent_manslaughter,arrestee_on_view_arrest_drug_narcotic_offenses_drug_equipment_violations,arrestee_on_view_arrest_larceny_theft_offenses_purse_snatching,arrestee_on_view_arrest_sex_offenses_rape,arrestee_on_view_arrest_counterfeiting_forgery,arrestee_on_view_arrest_fraud_offenses_credit_card_atm_fraud,arrestee_taken_into_custody_peeping_tom,arrestee_on_view_arrest_runaway,arrestee_on_view_arrest_peeping_tom,arrestee_on_view_arrest_destruction_damage_vandalism_of_property,arrestee_taken_into_custody_destruction_damage_vandalism_of_property,arrestee_on_view_arrest_gambling_offenses_betting_wagering,arrestee_taken_into_custody_larceny_theft_offenses_theft_from_building,arrestee_taken_into_custody_larceny_theft_offenses_theft_from_motor_vehicle,arrestee_on_view_arrest_prostitution_offenses_prostitution,arrestee_taken_into_custody_prostitution_offenses_prostitution,arrestee_on_view_arrest_sex_offenses_fondling_incident_liberties_child_molest,arrestee_on_view_arrest_stolen_property_offenses_receiving_selling_etc,arrestee_taken_into_custody_stolen_property_offenses_receiving_selling_etc,arrestee_on_view_arrest_weapon_law_violations_weapon_law_violations,arrestee_taken_into_custody_motor_vehicle_theft,arrestee_taken_into_custody_larceny_theft_offenses_theft_from_coin_operated_machine_or_device,arrestee_taken_into_custody_larceny_theft_offenses_purse_snatching,arrestee_taken_into_custody_kidnapping_abduction,arrestee_taken_into_custody_arson,arrestee_on_view_arrest_assault_offenses_intimidation,arrestee_taken_into_custody_assault_offenses_intimidation,arrestee_taken_into_custody_sex_offenses_rape,arrestee_taken_into_custody_larceny_theft_offenses_theft_of_motor_vehicle_parts_accessories,arrestee_taken_into_custody_drug_narcotic_offenses_drug_equipment_violations,arrestee_on_view_arrest_kidnapping_abduction,arrestee_taken_into_custody_runaway,arrestee_taken_into_custody_counterfeiting_forgery,arrestee_summoned_cited_all_other_offenses,arrestee_summoned_cited_disorderly_conduct,arrestee_summoned_cited_larceny_theft_offenses_theft_from_building,arrestee_summoned_cited_larceny_theft_offenses_theft_of_motor_vehicle_parts_accessories,arrestee_summoned_cited_liquor_law_violations,arrestee_summoned_cited_assault_offenses_intimidation,arrestee_summoned_cited_assault_offenses_simple_assault,arrestee_summoned_cited_bad_checks,arrestee_summoned_cited_burglary_breaking_and_entering,arrestee_summoned_cited_driving_under_the_influence,arrestee_summoned_cited_gambling_offenses_operating_promoting_assisting_gambling,arrestee_summoned_cited_motor_vehicle_theft,arrestee_summoned_cited_sex_offenses_fondling_incident_liberties_child_molest,arrestee_summoned_cited_trespass_of_real_property,arrestee_taken_into_custody_weapon_law_violations_weapon_law_violations,arrestee_summoned_cited_larceny_theft_offenses_all_other_larceny,arrestee_summoned_cited_larceny_theft_offenses_shoplifting,arrestee_summoned_cited_destruction_damage_vandalism_of_property,arrestee_summoned_cited_stolen_property_offenses_receiving_selling_etc,arrestee_taken_into_custody_sex_offenses_incest,arrestee_on_view_arrest_sex_offenses_sexual_assault_with_an_object,arrestee_on_view_arrest_arson,arrestee_summoned_cited_arson,arrestee_summoned_cited_assault_offenses_aggravated_assault,arrestee_summoned_cited_counterfeiting_forgery,arrestee_summoned_cited_drug_narcotic_offenses_drug_equipment_violations,arrestee_summoned_cited_drug_narcotic_offenses_drug_narcotic_violations,arrestee_summoned_cited_family_offenses_nonviolent,arrestee_summoned_cited_fraud_offenses_false_pretenses_swindle_confidence_game,arrestee_summoned_cited_fraud_offenses_impersonation,arrestee_summoned_cited_larceny_theft_offenses_theft_from_motor_vehicle,arrestee_summoned_cited_robbery,arrestee_summoned_cited_sex_offenses_rape,arrestee_taken_into_custody_embezzlement,arrestee_taken_into_custody_fraud_offenses_false_pretenses_swindle_confidence_game,arrestee_summoned_cited_runaway,arrestee_summoned_cited_larceny_theft_offenses_pocket_picking,arrestee_summoned_cited_peeping_tom,arrestee_summoned_cited_larceny_theft_offenses_theft_from_coin_operated_machine_or_device,arrestee_summoned_cited_weapon_law_violations_weapon_law_violations,arrestee_summoned_cited_curfew_loitering_vagrancy_violations,arrestee_taken_into_custody_sex_offenses_fondling_incident_liberties_child_molest,arrestee_taken_into_custody_larceny_theft_offenses_pocket_picking,arrestee_summoned_cited_fraud_offenses_credit_card_atm_fraud,arrestee_taken_into_custody_sex_offenses_statutory_rape,arrestee_taken_into_custody_negligent_manslaughter,arrestee_summoned_cited_drunkenness,arrestee_taken_into_custody_fraud_offenses_welfare_fraud,arrestee_summoned_cited_gambling_offenses_betting_wagering,arrestee_taken_into_custody_gambling_offenses_betting_wagering,arrestee_taken_into_custody_fraud_offenses_credit_card_atm_fraud,arrestee_on_view_arrest_fraud_offenses_false_pretenses_swindle_confidence_game,arrestee_summoned_cited_murder_nonnegligent_manslaughter,arrestee_taken_into_custody_fraud_offenses_wire_fraud,arrestee_on_view_arrest_extortion_blackmail,arrestee_taken_into_custody_sex_offenses_sodomy,arrestee_taken_into_custody_sex_offenses_sexual_assault_with_an_object,arrestee_on_view_arrest_gambling_offenses_gambling_equipment_violations,arrestee_on_view_arrest_gambling_offenses_operating_promoting_assisting_gambling,arrestee_taken_into_custody_gambling_offenses_gambling_equipment_violations,arrestee_taken_into_custody_prostitution_offenses_assisting_or_promoting_prostitution,arrestee_summoned_cited_kidnapping_abduction,arrestee_taken_into_custody_pornography_obscene_material,arrestee_on_view_arrest_sex_offenses_sodomy,arrestee_summoned_cited_larceny_theft_offenses_purse_snatching,arrestee_summoned_cited_sex_offenses_sexual_assault_with_an_object,arrestee_on_view_arrest_embezzlement,arrestee_summoned_cited_gambling_offenses_gambling_equipment_violations,arrestee_taken_into_custody_bribery,arrestee_summoned_cited_extortion_blackmail,arrestee_on_view_arrest_fraud_offenses_impersonation,arrestee_taken_into_custody_gambling_offenses_operating_promoting_assisting_gambling,arrestee_on_view_arrest_larceny_theft_offenses_pocket_picking,arrestee_taken_into_custody_fraud_offenses_impersonation,arrestee_on_view_arrest_pornography_obscene_material,arrestee_on_view_arrest_prostitution_offenses_assisting_or_promoting_prostitution,arrestee_summoned_cited_prostitution_offenses_prostitution,arrestee_on_view_arrest_sex_offenses_incest,victim_assault_offenses_aggravated_assault,victim_assault_offenses_intimidation,victim_assault_offenses_simple_assault,victim_burglary_breaking_and_entering,victim_destruction_damage_vandalism_of_property,victim_drug_narcotic_offenses_drug_equipment_violations,victim_drug_narcotic_offenses_drug_narcotic_violations,victim_larceny_theft_offenses_all_other_larceny,victim_larceny_theft_offenses_pocket_picking,victim_larceny_theft_offenses_purse_snatching,victim_larceny_theft_offenses_shoplifting,victim_larceny_theft_offenses_theft_from_building,victim_larceny_theft_offenses_theft_from_coin_operated_machine_or_device,victim_larceny_theft_offenses_theft_from_motor_vehicle,victim_larceny_theft_offenses_theft_of_motor_vehicle_parts_accessories,victim_motor_vehicle_theft,victim_murder_nonnegligent_manslaughter,victim_robbery,victim_sex_offenses_rape,victim_sex_offenses_sodomy,victim_arson,victim_counterfeiting_forgery,victim_embezzlement,victim_extortion_blackmail,victim_fraud_offenses_credit_card_atm_fraud,victim_fraud_offenses_false_pretenses_swindle_confidence_game,victim_fraud_offenses_impersonation,victim_gambling_offenses_betting_wagering,victim_gambling_offenses_operating_promoting_assisting_gambling,victim_kidnapping_abduction,victim_pornography_obscene_material,victim_prostitution_offenses_assisting_or_promoting_prostitution,victim_prostitution_offenses_prostitution,victim_sex_offenses_fondling_incident_liberties_child_molest,victim_sex_offenses_incest,victim_stolen_property_offenses_receiving_selling_etc,victim_weapon_law_violations_weapon_law_violations,victim_gambling_offenses_gambling_equipment_violations,victim_sex_offenses_statutory_rape,victim_negligent_manslaughter,victim_fraud_offenses_welfare_fraud,victim_sex_offenses_sexual_assault_with_an_object,victim_fraud_offenses_wire_fraud,victim_bribery,victim_justifiable_homicide_not_a_crime,victim_female_assault_offenses_aggravated_assault,victim_male_assault_offenses_aggravated_assault,victim_unknown_sex_assault_offenses_aggravated_assault,victim_female_assault_offenses_intimidation,victim_female_assault_offenses_simple_assault,victim_male_assault_offenses_simple_assault,victim_unknown_sex_assault_offenses_simple_assault,victim_female_burglary_breaking_and_entering,victim_male_burglary_breaking_and_entering,victim_unknown_sex_burglary_breaking_and_entering,victim_female_destruction_damage_vandalism_of_property,victim_male_destruction_damage_vandalism_of_property,victim_unknown_sex_destruction_damage_vandalism_of_property,victim_female_larceny_theft_offenses_all_other_larceny,victim_male_larceny_theft_offenses_all_other_larceny,victim_unknown_sex_larceny_theft_offenses_all_other_larceny,victim_female_larceny_theft_offenses_pocket_picking,victim_unknown_sex_larceny_theft_offenses_pocket_picking,victim_female_larceny_theft_offenses_purse_snatching,victim_unknown_sex_larceny_theft_offenses_purse_snatching,victim_female_larceny_theft_offenses_shoplifting,victim_male_larceny_theft_offenses_shoplifting,victim_unknown_sex_larceny_theft_offenses_shoplifting,victim_female_larceny_theft_offenses_theft_from_building,victim_male_larceny_theft_offenses_theft_from_building,victim_unknown_sex_larceny_theft_offenses_theft_from_building,victim_unknown_sex_larceny_theft_offenses_theft_from_coin_operated_machine_or_device,victim_female_larceny_theft_offenses_theft_from_motor_vehicle,victim_male_larceny_theft_offenses_theft_from_motor_vehicle,victim_unknown_sex_larceny_theft_offenses_theft_from_motor_vehicle,victim_female_larceny_theft_offenses_theft_of_motor_vehicle_parts_accessories,victim_male_larceny_theft_offenses_theft_of_motor_vehicle_parts_accessories,victim_unknown_sex_larceny_theft_offenses_theft_of_motor_vehicle_parts_accessories,victim_female_motor_vehicle_theft,victim_male_motor_vehicle_theft,victim_unknown_sex_motor_vehicle_theft,victim_female_murder_nonnegligent_manslaughter,victim_male_murder_nonnegligent_manslaughter,victim_female_robbery,victim_male_robbery,victim_unknown_sex_robbery,victim_female_sex_offenses_rape,victim_female_sex_offenses_sodomy,victim_male_sex_offenses_sodomy,victim_male_larceny_theft_offenses_pocket_picking,victim_male_larceny_theft_offenses_purse_snatching,victim_female_arson,victim_male_arson,victim_unknown_sex_arson,victim_female_counterfeiting_forgery,victim_male_counterfeiting_forgery,victim_unknown_sex_counterfeiting_forgery,victim_female_embezzlement,victim_male_embezzlement,victim_unknown_sex_embezzlement,victim_male_extortion_blackmail,victim_female_fraud_offenses_credit_card_atm_fraud,victim_male_fraud_offenses_credit_card_atm_fraud,victim_unknown_sex_fraud_offenses_credit_card_atm_fraud,victim_female_fraud_offenses_false_pretenses_swindle_confidence_game,victim_male_fraud_offenses_false_pretenses_swindle_confidence_game,victim_unknown_sex_fraud_offenses_false_pretenses_swindle_confidence_game,victim_female_fraud_offenses_impersonation,victim_male_fraud_offenses_impersonation,victim_female_kidnapping_abduction,victim_male_kidnapping_abduction,victim_unknown_sex_kidnapping_abduction,victim_male_larceny_theft_offenses_theft_from_coin_operated_machine_or_device,victim_unknown_sex_murder_nonnegligent_manslaughter,victim_female_sex_offenses_fondling_incident_liberties_child_molest,victim_female_sex_offenses_incest,victim_male_sex_offenses_rape,victim_female_stolen_property_offenses_receiving_selling_etc,victim_male_stolen_property_offenses_receiving_selling_etc,victim_unknown_sex_stolen_property_offenses_receiving_selling_etc,victim_female_larceny_theft_offenses_theft_from_coin_operated_machine_or_device,victim_male_assault_offenses_intimidation,victim_male_sex_offenses_fondling_incident_liberties_child_molest,victim_unknown_sex_assault_offenses_intimidation,victim_unknown_sex_extortion_blackmail,victim_unknown_sex_fraud_offenses_impersonation,victim_unknown_sex_sex_offenses_fondling_incident_liberties_child_molest,victim_unknown_sex_sex_offenses_incest,victim_female_sex_offenses_statutory_rape,victim_female_negligent_manslaughter,victim_male_negligent_manslaughter,victim_female_sex_offenses_sexual_assault_with_an_object,victim_male_sex_offenses_statutory_rape,victim_male_sex_offenses_incest,victim_male_sex_offenses_sexual_assault_with_an_object,victim_female_extortion_blackmail,victim_female_fraud_offenses_wire_fraud,victim_male_fraud_offenses_wire_fraud,victim_female_bribery,victim_male_bribery,victim_female_fraud_offenses_welfare_fraud,victim_male_justifiable_homicide_not_a_crime,victim_american_indian_assault_offenses_aggravated_assault,victim_black_assault_offenses_aggravated_assault,victim_unknown_race_assault_offenses_aggravated_assault,victim_white_assault_offenses_aggravated_assault,victim_black_assault_offenses_intimidation,victim_white_assault_offenses_intimidation,victim_asian_assault_offenses_simple_assault,victim_black_assault_offenses_simple_assault,victim_unknown_race_assault_offenses_simple_assault,victim_white_assault_offenses_simple_assault,victim_black_burglary_breaking_and_entering,victim_unknown_race_burglary_breaking_and_entering,victim_white_burglary_breaking_and_entering,victim_black_destruction_damage_vandalism_of_property,victim_unknown_race_destruction_damage_vandalism_of_property,victim_white_destruction_damage_vandalism_of_property,victim_black_larceny_theft_offenses_all_other_larceny,victim_unknown_race_larceny_theft_offenses_all_other_larceny,victim_white_larceny_theft_offenses_all_other_larceny,victim_unknown_race_larceny_theft_offenses_pocket_picking,victim_white_larceny_theft_offenses_pocket_picking,victim_unknown_race_larceny_theft_offenses_purse_snatching,victim_white_larceny_theft_offenses_purse_snatching,victim_unknown_race_larceny_theft_offenses_shoplifting,victim_white_larceny_theft_offenses_shoplifting,victim_unknown_race_larceny_theft_offenses_theft_from_building,victim_white_larceny_theft_offenses_theft_from_building,victim_unknown_race_larceny_theft_offenses_theft_from_coin_operated_machine_or_device,victim_black_larceny_theft_offenses_theft_from_motor_vehicle,victim_unknown_race_larceny_theft_offenses_theft_from_motor_vehicle,victim_white_larceny_theft_offenses_theft_from_motor_vehicle,victim_asian_larceny_theft_offenses_theft_of_motor_vehicle_parts_accessories,victim_black_larceny_theft_offenses_theft_of_motor_vehicle_parts_accessories,victim_unknown_race_larceny_theft_offenses_theft_of_motor_vehicle_parts_accessories,victim_white_larceny_theft_offenses_theft_of_motor_vehicle_parts_accessories,victim_black_motor_vehicle_theft,victim_unknown_race_motor_vehicle_theft,victim_white_motor_vehicle_theft,victim_black_murder_nonnegligent_manslaughter,victim_white_murder_nonnegligent_manslaughter,victim_black_robbery,victim_unknown_race_robbery,victim_white_robbery,victim_black_sex_offenses_rape,victim_white_sex_offenses_rape,victim_black_sex_offenses_sodomy,victim_white_sex_offenses_sodomy,victim_asian_burglary_breaking_and_entering,victim_black_larceny_theft_offenses_pocket_picking,victim_black_larceny_theft_offenses_purse_snatching,victim_asian_larceny_theft_offenses_shoplifting,victim_black_larceny_theft_offenses_theft_from_building,victim_black_arson,victim_unknown_race_arson,victim_white_arson,victim_asian_assault_offenses_aggravated_assault,victim_american_indian_assault_offenses_simple_assault,victim_american_indian_burglary_breaking_and_entering,victim_asian_counterfeiting_forgery,victim_black_counterfeiting_forgery,victim_unknown_race_counterfeiting_forgery,victim_white_counterfeiting_forgery,victim_american_indian_destruction_damage_vandalism_of_property,victim_asian_destruction_damage_vandalism_of_property,victim_black_embezzlement,victim_unknown_race_embezzlement,victim_white_embezzlement,victim_white_extortion_blackmail,victim_black_fraud_offenses_credit_card_atm_fraud,victim_unknown_race_fraud_offenses_credit_card_atm_fraud,victim_white_fraud_offenses_credit_card_atm_fraud,victim_asian_fraud_offenses_false_pretenses_swindle_confidence_game,victim_black_fraud_offenses_false_pretenses_swindle_confidence_game,victim_unknown_race_fraud_offenses_false_pretenses_swindle_confidence_game,victim_white_fraud_offenses_false_pretenses_swindle_confidence_game,victim_black_fraud_offenses_impersonation,victim_white_fraud_offenses_impersonation,victim_black_kidnapping_abduction,victim_unknown_race_kidnapping_abduction,victim_white_kidnapping_abduction,victim_american_indian_larceny_theft_offenses_all_other_larceny,victim_asian_larceny_theft_offenses_all_other_larceny,victim_asian_larceny_theft_offenses_pocket_picking,victim_american_indian_larceny_theft_offenses_theft_from_building,victim_asian_larceny_theft_offenses_theft_from_building,victim_white_larceny_theft_offenses_theft_from_coin_operated_machine_or_device,victim_american_indian_larceny_theft_offenses_theft_from_motor_vehicle,victim_asian_larceny_theft_offenses_theft_from_motor_vehicle,victim_american_indian_motor_vehicle_theft,victim_asian_motor_vehicle_theft,victim_unknown_race_murder_nonnegligent_manslaughter,victim_asian_robbery,victim_black_sex_offenses_fondling_incident_liberties_child_molest,victim_unknown_race_sex_offenses_fondling_incident_liberties_child_molest,victim_white_sex_offenses_fondling_incident_liberties_child_molest,victim_black_sex_offenses_incest,victim_white_sex_offenses_incest,victim_unknown_race_sex_offenses_rape,victim_unknown_race_sex_offenses_sodomy,victim_black_stolen_property_offenses_receiving_selling_etc,victim_unknown_race_stolen_property_offenses_receiving_selling_etc,victim_white_stolen_property_offenses_receiving_selling_etc,victim_black_larceny_theft_offenses_shoplifting,victim_american_indian_robbery,victim_unknown_race_assault_offenses_intimidation,victim_unknown_race_extortion_blackmail,victim_unknown_race_fraud_offenses_impersonation,victim_unknown_race_sex_offenses_incest,victim_asian_murder_nonnegligent_manslaughter,victim_asian_sex_offenses_rape,victim_black_larceny_theft_offenses_theft_from_coin_operated_machine_or_device,victim_black_sex_offenses_statutory_rape,victim_white_sex_offenses_statutory_rape,victim_black_negligent_manslaughter,victim_white_negligent_manslaughter,victim_asian_assault_offenses_intimidation,victim_american_indian_larceny_theft_offenses_theft_of_motor_vehicle_parts_accessories,victim_american_indian_sex_offenses_rape,victim_american_indian_assault_offenses_intimidation,victim_american_indian_kidnapping_abduction,victim_unknown_race_sex_offenses_sexual_assault_with_an_object,victim_unknown_race_sex_offenses_statutory_rape,victim_american_indian_sex_offenses_fondling_incident_liberties_child_molest,victim_white_sex_offenses_sexual_assault_with_an_object,victim_american_indian_sex_offenses_statutory_rape,victim_american_indian_counterfeiting_forgery,victim_american_indian_larceny_theft_offenses_purse_snatching,victim_american_indian_arson,victim_black_sex_offenses_sexual_assault_with_an_object,victim_black_extortion_blackmail,victim_white_fraud_offenses_wire_fraud,victim_asian_kidnapping_abduction,victim_asian_sex_offenses_sodomy,victim_black_fraud_offenses_wire_fraud,victim_asian_sex_offenses_fondling_incident_liberties_child_molest,victim_asian_arson,victim_asian_sex_offenses_statutory_rape,victim_black_bribery,victim_white_bribery,victim_white_fraud_offenses_welfare_fraud,victim_white_justifiable_homicide_not_a_crime,victim_american_indian_fraud_offenses_false_pretenses_swindle_confidence_game,victim_asian_extortion_blackmail,victim_unknown_race_fraud_offenses_wire_fraud,victim_black_justifiable_homicide_not_a_crime,victim_american_indian_stolen_property_offenses_receiving_selling_etc,victim_american_indian_larceny_theft_offenses_shoplifting,victim_unknown_ethnicity_assault_offenses_aggravated_assault,victim_unknown_ethnicity_assault_offenses_intimidation,victim_unknown_ethnicity_assault_offenses_simple_assault,victim_unknown_ethnicity_burglary_breaking_and_entering,victim_unknown_ethnicity_destruction_damage_vandalism_of_property,victim_unknown_ethnicity_larceny_theft_offenses_all_other_larceny,victim_unknown_ethnicity_larceny_theft_offenses_pocket_picking,victim_unknown_ethnicity_larceny_theft_offenses_purse_snatching,victim_unknown_ethnicity_larceny_theft_offenses_shoplifting,victim_unknown_ethnicity_larceny_theft_offenses_theft_from_building,victim_unknown_ethnicity_larceny_theft_offenses_theft_from_coin_operated_machine_or_device,victim_unknown_ethnicity_larceny_theft_offenses_theft_from_motor_vehicle,victim_unknown_ethnicity_larceny_theft_offenses_theft_of_motor_vehicle_parts_accessories,victim_unknown_ethnicity_motor_vehicle_theft,victim_unknown_ethnicity_murder_nonnegligent_manslaughter,victim_unknown_ethnicity_robbery,victim_unknown_ethnicity_sex_offenses_rape,victim_unknown_ethnicity_sex_offenses_sodomy,victim_unknown_ethnicity_arson,victim_unknown_ethnicity_counterfeiting_forgery,victim_unknown_ethnicity_embezzlement,victim_unknown_ethnicity_extortion_blackmail,victim_unknown_ethnicity_fraud_offenses_credit_card_atm_fraud,victim_unknown_ethnicity_fraud_offenses_false_pretenses_swindle_confidence_game,victim_unknown_ethnicity_fraud_offenses_impersonation,victim_unknown_ethnicity_kidnapping_abduction,victim_unknown_ethnicity_sex_offenses_fondling_incident_liberties_child_molest,victim_unknown_ethnicity_sex_offenses_incest,victim_unknown_ethnicity_stolen_property_offenses_receiving_selling_etc,victim_unknown_ethnicity_sex_offenses_statutory_rape,victim_unknown_ethnicity_negligent_manslaughter,victim_not_hispanic_assault_offenses_aggravated_assault,victim_not_hispanic_assault_offenses_intimidation,victim_not_hispanic_assault_offenses_simple_assault,victim_not_hispanic_burglary_breaking_and_entering,victim_not_hispanic_destruction_damage_vandalism_of_property,victim_not_hispanic_larceny_theft_offenses_all_other_larceny,victim_not_hispanic_larceny_theft_offenses_theft_from_building,victim_not_hispanic_larceny_theft_offenses_theft_from_motor_vehicle,victim_not_hispanic_motor_vehicle_theft,victim_not_hispanic_sex_offenses_fondling_incident_liberties_child_molest,victim_not_hispanic_counterfeiting_forgery,victim_not_hispanic_fraud_offenses_false_pretenses_swindle_confidence_game,victim_not_hispanic_larceny_theft_offenses_theft_of_motor_vehicle_parts_accessories,victim_not_hispanic_kidnapping_abduction,victim_not_hispanic_larceny_theft_offenses_theft_from_coin_operated_machine_or_device,victim_unknown_ethnicity_sex_offenses_sexual_assault_with_an_object,victim_hispanic_assault_offenses_simple_assault,victim_hispanic_burglary_breaking_and_entering,victim_hispanic_counterfeiting_forgery,victim_hispanic_larceny_theft_offenses_theft_from_building,victim_hispanic_larceny_theft_offenses_theft_from_motor_vehicle,victim_hispanic_larceny_theft_offenses_theft_of_motor_vehicle_parts_accessories,victim_hispanic_motor_vehicle_theft,victim_not_hispanic_arson,victim_hispanic_destruction_damage_vandalism_of_property,victim_not_hispanic_fraud_offenses_impersonation,victim_not_hispanic_robbery,victim_not_hispanic_sex_offenses_statutory_rape,victim_hispanic_assault_offenses_intimidation,victim_hispanic_larceny_theft_offenses_all_other_larceny,victim_not_hispanic_sex_offenses_rape,victim_not_hispanic_sex_offenses_sexual_assault_with_an_object,victim_hispanic_assault_offenses_aggravated_assault,victim_not_hispanic_extortion_blackmail,victim_not_hispanic_fraud_offenses_credit_card_atm_fraud,victim_not_hispanic_larceny_theft_offenses_purse_snatching,victim_not_hispanic_sex_offenses_sodomy,victim_hispanic_sex_offenses_statutory_rape,victim_not_hispanic_sex_offenses_incest,victim_not_hispanic_stolen_property_offenses_receiving_selling_etc,victim_not_hispanic_larceny_theft_offenses_shoplifting,victim_not_hispanic_negligent_manslaughter,victim_not_hispanic_murder_nonnegligent_manslaughter,victim_not_hispanic_larceny_theft_offenses_pocket_picking,victim_hispanic_murder_nonnegligent_manslaughter,victim_not_hispanic_embezzlement,victim_hispanic_robbery,victim_hispanic_fraud_offenses_false_pretenses_swindle_confidence_game,victim_hispanic_sex_offenses_sodomy,victim_not_hispanic_fraud_offenses_wire_fraud,victim_hispanic_sex_offenses_rape,victim_hispanic_arson,victim_not_hispanic_bribery,victim_hispanic_kidnapping_abduction,victim_hispanic_fraud_offenses_credit_card_atm_fraud,victim_unknown_ethnicity_fraud_offenses_welfare_fraud,victim_not_hispanic_justifiable_homicide_not_a_crime,victim_unknown_ethnicity_fraud_offenses_wire_fraud,victim_hispanic_sex_offenses_fondling_incident_liberties_child_molest,victim_hispanic_stolen_property_offenses_receiving_selling_etc,victim_adult_assault_offenses_aggravated_assault,victim_juvenile_assault_offenses_aggravated_assault,victim_unknown_age_assault_offenses_aggravated_assault,victim_adult_assault_offenses_intimidation,victim_adult_assault_offenses_simple_assault,victim_juvenile_assault_offenses_simple_assault,victim_unknown_age_assault_offenses_simple_assault,victim_adult_burglary_breaking_and_entering,victim_juvenile_burglary_breaking_and_entering,victim_unknown_age_burglary_breaking_and_entering,victim_adult_destruction_damage_vandalism_of_property,victim_juvenile_destruction_damage_vandalism_of_property,victim_unknown_age_destruction_damage_vandalism_of_property,victim_adult_larceny_theft_offenses_all_other_larceny,victim_juvenile_larceny_theft_offenses_all_other_larceny,victim_unknown_age_larceny_theft_offenses_all_other_larceny,victim_adult_larceny_theft_offenses_pocket_picking,victim_juvenile_larceny_theft_offenses_pocket_picking,victim_unknown_age_larceny_theft_offenses_pocket_picking,victim_adult_larceny_theft_offenses_purse_snatching,victim_unknown_age_larceny_theft_offenses_purse_snatching,victim_adult_larceny_theft_offenses_shoplifting,victim_unknown_age_larceny_theft_offenses_shoplifting,victim_adult_larceny_theft_offenses_theft_from_building,victim_unknown_age_larceny_theft_offenses_theft_from_building,victim_unknown_age_larceny_theft_offenses_theft_from_coin_operated_machine_or_device,victim_adult_larceny_theft_offenses_theft_from_motor_vehicle,victim_juvenile_larceny_theft_offenses_theft_from_motor_vehicle,victim_unknown_age_larceny_theft_offenses_theft_from_motor_vehicle,victim_adult_larceny_theft_offenses_theft_of_motor_vehicle_parts_accessories,victim_unknown_age_larceny_theft_offenses_theft_of_motor_vehicle_parts_accessories,victim_adult_motor_vehicle_theft,victim_unknown_age_motor_vehicle_theft,victim_adult_murder_nonnegligent_manslaughter,victim_juvenile_murder_nonnegligent_manslaughter,victim_unknown_age_murder_nonnegligent_manslaughter,victim_adult_robbery,victim_juvenile_robbery,victim_unknown_age_robbery,victim_adult_sex_offenses_rape,victim_juvenile_sex_offenses_rape,victim_unknown_age_sex_offenses_rape,victim_adult_sex_offenses_sodomy,victim_juvenile_sex_offenses_sodomy,victim_juvenile_larceny_theft_offenses_purse_snatching,victim_juvenile_motor_vehicle_theft,victim_adult_arson,victim_juvenile_arson,victim_unknown_age_arson,victim_adult_counterfeiting_forgery,victim_juvenile_counterfeiting_forgery,victim_unknown_age_counterfeiting_forgery,victim_adult_embezzlement,victim_unknown_age_embezzlement,victim_adult_extortion_blackmail,victim_adult_fraud_offenses_credit_card_atm_fraud,victim_unknown_age_fraud_offenses_credit_card_atm_fraud,victim_adult_fraud_offenses_false_pretenses_swindle_confidence_game,victim_juvenile_fraud_offenses_false_pretenses_swindle_confidence_game,victim_unknown_age_fraud_offenses_false_pretenses_swindle_confidence_game,victim_adult_fraud_offenses_impersonation,victim_unknown_age_fraud_offenses_impersonation,victim_adult_kidnapping_abduction,victim_juvenile_kidnapping_abduction,victim_unknown_age_kidnapping_abduction,victim_juvenile_larceny_theft_offenses_theft_from_building,victim_juvenile_larceny_theft_offenses_theft_of_motor_vehicle_parts_accessories,victim_juvenile_sex_offenses_fondling_incident_liberties_child_molest,victim_juvenile_sex_offenses_incest,victim_adult_stolen_property_offenses_receiving_selling_etc,victim_juvenile_stolen_property_offenses_receiving_selling_etc,victim_unknown_age_stolen_property_offenses_receiving_selling_etc,victim_juvenile_larceny_theft_offenses_shoplifting,victim_adult_larceny_theft_offenses_theft_from_coin_operated_machine_or_device,victim_juvenile_assault_offenses_intimidation,victim_unknown_age_assault_offenses_intimidation,victim_unknown_age_extortion_blackmail,victim_unknown_age_sex_offenses_fondling_incident_liberties_child_molest,victim_unknown_age_sex_offenses_incest,victim_adult_sex_offenses_statutory_rape,victim_juvenile_sex_offenses_statutory_rape,victim_adult_sex_offenses_fondling_incident_liberties_child_molest,victim_adult_negligent_manslaughter,victim_juvenile_sex_offenses_sexual_assault_with_an_object,victim_juvenile_negligent_manslaughter,victim_adult_sex_offenses_sexual_assault_with_an_object,victim_adult_sex_offenses_incest,victim_unknown_age_sex_offenses_statutory_rape,victim_juvenile_fraud_offenses_impersonation,victim_unknown_age_sex_offenses_sodomy,victim_adult_fraud_offenses_wire_fraud,victim_juvenile_fraud_offenses_credit_card_atm_fraud,victim_adult_bribery,victim_adult_fraud_offenses_welfare_fraud,victim_adult_justifiable_homicide_not_a_crime,victim_juvenile_extortion_blackmail,victim_unknown_age_fraud_offenses_wire_fraud,victim_unknown_age_sex_offenses_sexual_assault_with_an_object,victim_juvenile_larceny_theft_offenses_theft_from_coin_operated_machine_or_device,victim_minor_injury_assault_offenses_aggravated_assault,victim_no_injury_assault_offenses_aggravated_assault,victim_minor_injury_assault_offenses_simple_assault,victim_no_injury_assault_offenses_simple_assault,victim_minor_injury_robbery,victim_no_injury_robbery,victim_minor_injury_sex_offenses_rape,victim_no_injury_sex_offenses_rape,victim_minor_injury_sex_offenses_sodomy,victim_no_injury_sex_offenses_sodomy,victim_no_injury_extortion_blackmail,victim_minor_injury_kidnapping_abduction,victim_no_injury_kidnapping_abduction,victim_no_injury_sex_offenses_fondling_incident_liberties_child_molest,victim_serious_injury_assault_offenses_aggravated_assault,victim_serious_injury_assault_offenses_simple_assault,victim_no_injury_sex_offenses_sexual_assault_with_an_object,victim_serious_injury_robbery,victim_minor_injury_sex_offenses_fondling_incident_liberties_child_molest,victim_minor_injury_sex_offenses_sexual_assault_with_an_object,victim_serious_injury_sex_offenses_rape,victim_serious_injury_sex_offenses_sexual_assault_with_an_object,victim_serious_injury_sex_offenses_sodomy,victim_serious_injury_kidnapping_abduction,victim_serious_injury_sex_offenses_fondling_incident_liberties_child_molest,victim_serious_injury_extortion_blackmail,victim_unknown_injury_robbery,victim_unknown_injury_extortion_blackmail,victim_intimate_partner_assault_offenses_aggravated_assault,victim_other_family_assault_offenses_aggravated_assault,victim_other_relationship_assault_offenses_aggravated_assault,victim_stranger_assault_offenses_aggravated_assault,victim_unknown_relationship_assault_offenses_aggravated_assault,victim_other_family_assault_offenses_intimidation,victim_other_relationship_assault_offenses_intimidation,victim_intimate_partner_assault_offenses_simple_assault,victim_other_family_assault_offenses_simple_assault,victim_other_relationship_assault_offenses_simple_assault,victim_stranger_assault_offenses_simple_assault,victim_unknown_relationship_assault_offenses_simple_assault,victim_unknown_relationship_burglary_breaking_and_entering,victim_unknown_relationship_destruction_damage_vandalism_of_property,victim_unknown_relationship_larceny_theft_offenses_all_other_larceny,victim_unknown_relationship_larceny_theft_offenses_pocket_picking,victim_unknown_relationship_larceny_theft_offenses_purse_snatching,victim_unknown_relationship_larceny_theft_offenses_shoplifting,victim_unknown_relationship_larceny_theft_offenses_theft_from_building,victim_unknown_relationship_larceny_theft_offenses_theft_from_coin_operated_machine_or_device,victim_unknown_relationship_larceny_theft_offenses_theft_from_motor_vehicle,victim_unknown_relationship_larceny_theft_offenses_theft_of_motor_vehicle_parts_accessories,victim_unknown_relationship_motor_vehicle_theft,victim_intimate_partner_murder_nonnegligent_manslaughter,victim_other_family_murder_nonnegligent_manslaughter,victim_other_relationship_murder_nonnegligent_manslaughter,victim_unknown_relationship_murder_nonnegligent_manslaughter,victim_intimate_partner_robbery,victim_other_family_robbery,victim_other_relationship_robbery,victim_stranger_robbery,victim_unknown_relationship_robbery,victim_intimate_partner_sex_offenses_rape,victim_other_family_sex_offenses_rape,victim_other_relationship_sex_offenses_rape,victim_stranger_sex_offenses_rape,victim_unknown_relationship_sex_offenses_rape,victim_other_family_sex_offenses_sodomy,victim_other_relationship_sex_offenses_sodomy,victim_unknown_relationship_sex_offenses_sodomy,victim_stranger_murder_nonnegligent_manslaughter,victim_stranger_sex_offenses_sodomy,victim_unknown_relationship_arson,victim_unknown_relationship_counterfeiting_forgery,victim_unknown_relationship_embezzlement,victim_unknown_relationship_extortion_blackmail,victim_unknown_relationship_fraud_offenses_credit_card_atm_fraud,victim_unknown_relationship_fraud_offenses_false_pretenses_swindle_confidence_game,victim_unknown_relationship_fraud_offenses_impersonation,victim_intimate_partner_kidnapping_abduction,victim_other_family_kidnapping_abduction,victim_other_relationship_kidnapping_abduction,victim_stranger_kidnapping_abduction,victim_unknown_relationship_kidnapping_abduction,victim_other_family_sex_offenses_fondling_incident_liberties_child_molest,victim_other_relationship_sex_offenses_fondling_incident_liberties_child_molest,victim_stranger_sex_offenses_fondling_incident_liberties_child_molest,victim_unknown_relationship_sex_offenses_fondling_incident_liberties_child_molest,victim_other_family_sex_offenses_incest,victim_intimate_partner_sex_offenses_sodomy,victim_unknown_relationship_stolen_property_offenses_receiving_selling_etc,victim_intimate_partner_assault_offenses_intimidation,victim_unknown_relationship_assault_offenses_intimidation,victim_stranger_assault_offenses_intimidation,victim_intimate_partner_sex_offenses_statutory_rape,victim_other_relationship_sex_offenses_statutory_rape,victim_unknown_relationship_sex_offenses_statutory_rape,victim_intimate_partner_negligent_manslaughter,victim_stranger_negligent_manslaughter,victim_other_family_sex_offenses_statutory_rape,victim_other_relationship_destruction_damage_vandalism_of_property,victim_unknown_relationship_sex_offenses_incest,victim_other_relationship_sex_offenses_sexual_assault_with_an_object,victim_unknown_relationship_sex_offenses_sexual_assault_with_an_object,victim_other_relationship_stolen_property_offenses_receiving_selling_etc,victim_other_relationship_larceny_theft_offenses_all_other_larceny,victim_intimate_partner_destruction_damage_vandalism_of_property,victim_other_family_destruction_damage_vandalism_of_property,victim_other_relationship_burglary_breaking_and_entering,victim_stranger_destruction_damage_vandalism_of_property,victim_other_relationship_extortion_blackmail,victim_stranger_larceny_theft_offenses_all_other_larceny,victim_intimate_partner_larceny_theft_offenses_theft_from_building,victim_stranger_larceny_theft_offenses_theft_from_motor_vehicle,victim_intimate_partner_motor_vehicle_theft,victim_intimate_partner_sex_offenses_fondling_incident_liberties_child_molest,victim_intimate_partner_sex_offenses_sexual_assault_with_an_object,victim_stranger_sex_offenses_statutory_rape,victim_stranger_motor_vehicle_theft,victim_other_relationship_larceny_theft_offenses_theft_from_building,victim_stranger_burglary_breaking_and_entering,victim_other_family_negligent_manslaughter,victim_stranger_larceny_theft_offenses_shoplifting,victim_intimate_partner_larceny_theft_offenses_all_other_larceny,victim_other_family_sex_offenses_sexual_assault_with_an_object,victim_intimate_partner_burglary_breaking_and_entering,victim_other_relationship_motor_vehicle_theft,victim_other_relationship_larceny_theft_offenses_theft_from_motor_vehicle,victim_other_relationship_fraud_offenses_false_pretenses_swindle_confidence_game,victim_other_relationship_arson,victim_other_family_larceny_theft_offenses_all_other_larceny,victim_stranger_arson,victim_other_relationship_larceny_theft_offenses_purse_snatching,victim_other_relationship_negligent_manslaughter,victim_stranger_fraud_offenses_false_pretenses_swindle_confidence_game,victim_stranger_extortion_blackmail,victim_other_family_arson,victim_other_family_burglary_breaking_and_entering,victim_other_family_larceny_theft_offenses_theft_from_building,victim_intimate_partner_arson,victim_unknown_relationship_fraud_offenses_wire_fraud,victim_stranger_sex_offenses_sexual_assault_with_an_object,victim_intimate_partner_larceny_theft_offenses_theft_from_motor_vehicle,victim_other_relationship_larceny_theft_offenses_theft_of_motor_vehicle_parts_accessories,victim_stranger_larceny_theft_offenses_theft_of_motor_vehicle_parts_accessories,victim_other_family_motor_vehicle_theft,victim_intimate_partner_larceny_theft_offenses_theft_of_motor_vehicle_parts_accessories,victim_intimate_partner_stolen_property_offenses_receiving_selling_etc,victim_other_family_fraud_offenses_credit_card_atm_fraud,victim_unknown_relationship_bribery,victim_other_family_counterfeiting_forgery,victim_unknown_relationship_fraud_offenses_welfare_fraud,victim_intimate_partner_counterfeiting_forgery,victim_intimate_partner_sex_offenses_incest,victim_other_family_justifiable_homicide_not_a_crime,victim_intimate_partner_fraud_offenses_false_pretenses_swindle_confidence_game,victim_stranger_stolen_property_offenses_receiving_selling_etc,victim_stranger_larceny_theft_offenses_theft_from_building,victim_other_family_fraud_offenses_false_pretenses_swindle_confidence_game,victim_stranger_larceny_theft_offenses_purse_snatching,victim_other_family_larceny_theft_offenses_theft_from_motor_vehicle,victim_stranger_sex_offenses_incest,victim_stranger_counterfeiting_forgery,victim_other_relationship_sex_offenses_incest,victim_stranger_justifiable_homicide_not_a_crime,victim_stranger_larceny_theft_offenses_theft_from_coin_operated_machine_or_device,victim_stranger_fraud_offenses_credit_card_atm_fraud,victim_stranger_fraud_offenses_impersonation,victim_other_relationship_fraud_offenses_credit_card_atm_fraud,victim_stranger_larceny_theft_offenses_pocket_picking,victim_other_relationship_larceny_theft_offenses_shoplifting,victim_intimate_partner_larceny_theft_offenses_pocket_picking,offense_handgun_sex_offenses_fondling_incident_liberties_child_molest,offense_death_of_suspect_arson,offense_death_of_suspect_larceny_theft_offenses_purse_snatching,offense_juvenile_no_custody_drug_narcotic_offenses_drug_narcotic_violations,offense_juvenile_no_custody_drug_narcotic_offenses_drug_equipment_violations,offense_juvenile_no_custody_embezzlement,offense_death_of_suspect_larceny_theft_offenses_theft_of_motor_vehicle_parts_accessories,offense_death_of_suspect_drug_narcotic_offenses_drug_narcotic_violations,offense_victim_refused_to_cooperate_pornography_obscene_material,offense_juvenile_no_custody_prostitution_offenses_prostitution,offense_juvenile_no_custody_sex_offenses_incest,offense_death_of_suspect_larceny_theft_offenses_shoplifting,offense_death_of_suspect_larceny_theft_offenses_theft_from_building,offense_juvenile_no_custody_fraud_offenses_impersonation,offense_death_of_suspect_fraud_offenses_credit_card_atm_fraud,offense_death_of_suspect_justifiable_homicide_not_a_crime,offense_extradition_denied_kidnapping_abduction,offense_extradition_denied_robbery,offense_extradition_denied_sex_offenses_sexual_assault_with_an_object,offense_death_of_suspect_embezzlement,offense_extradition_denied_arson,offense_school_embezzlement,offense_school_stolen_property_offenses_receiving_selling_etc,offense_school_gambling_offenses_operating_promoting_assisting_gambling,offense_school_extortion_blackmail,offense_school_sex_offenses_statutory_rape,offense_school_prostitution_offenses_prostitution,offense_school_sex_offenses_sexual_assault_with_an_object,offense_school_fraud_offenses_wire_fraud,offense_bar_nightclub_justifiable_homicide_not_a_crime,offender_unknown_sex_negligent_manslaughter,offender_female_negligent_manslaughter,offender_unknown_race_negligent_manslaughter,offender_american_indian_embezzlement,offender_american_indian_prostitution_offenses_prostitution,offender_american_indian_sex_offenses_incest,offender_asian_sex_offenses_sexual_assault_with_an_object,offender_asian_sex_offenses_sodomy,offender_american_indian_fraud_offenses_impersonation,offender_american_indian_sex_offenses_sodomy,offender_american_indian_extortion_blackmail,offender_unknown_age_negligent_manslaughter,arrestee_gambling_offenses_sports_tampering,arrestee_female_bribery,arrestee_female_negligent_manslaughter,arrestee_female_sex_offenses_sodomy,arrestee_female_sex_offenses_statutory_rape,arrestee_female_sex_offenses_incest,arrestee_female_fraud_offenses_welfare_fraud,arrestee_male_fraud_offenses_wire_fraud,arrestee_male_gambling_offenses_sports_tampering,arrestee_female_sex_offenses_sexual_assault_with_an_object,arrestee_female_gambling_offenses_sports_tampering,arrestee_unknown_race_assault_offenses_aggravated_assault,arrestee_u_curfew_loitering_vagrancy_violations.x,arrestee_asian_destruction_damage_vandalism_of_property,arrestee_asian_larceny_theft_offenses_theft_of_motor_vehicle_parts_accessories,arrestee_asian_driving_under_the_influence,arrestee_white_fraud_offenses_welfare_fraud,arrestee_asian_all_other_offenses,arrestee_unknown_race_driving_under_the_influence,arrestee_unknown_race_drunkenness,arrestee_unknown_race_sex_offenses_statutory_rape,arrestee_unknown_race_fraud_offenses_credit_card_atm_fraud,arrestee_american_indian_fraud_offenses_false_pretenses_swindle_confidence_game,arrestee_american_indian_sex_offenses_fondling_incident_liberties_child_molest,arrestee_black_larceny_theft_offenses_pocket_picking,arrestee_asian_murder_nonnegligent_manslaughter,arrestee_unknown_race_prostitution_offenses_prostitution,arrestee_american_indian_prostitution_offenses_prostitution,arrestee_unknown_race_sex_offenses_fondling_incident_liberties_child_molest,arrestee_unknown_race_sex_offenses_rape,arrestee_american_indian_fraud_offenses_credit_card_atm_fraud,arrestee_american_indian_sex_offenses_incest,arrestee_asian_kidnapping_abduction,arrestee_asian_drug_narcotic_offenses_drug_equipment_violations,arrestee_american_indian_fraud_offenses_impersonation,arrestee_asian_fraud_offenses_impersonation,arrestee_asian_fraud_offenses_credit_card_atm_fraud,arrestee_asian_larceny_theft_offenses_theft_from_coin_operated_machine_or_device,arrestee_asian_fraud_offenses_wire_fraud,arrestee_unknown_race_drug_narcotic_offenses_drug_equipment_violations,arrestee_black_negligent_manslaughter,arrestee_american_indian_arson,arrestee_american_indian_sex_offenses_statutory_rape,arrestee_unknown_race_weapon_law_violations_weapon_law_violations,arrestee_black_peeping_tom,arrestee_black_gambling_offenses_sports_tampering,arrestee_u_family_offenses_nonviolent.x,arrestee_unknown_race_disorderly_conduct,arrestee_black_fraud_offenses_wire_fraud,arrestee_unknown_race_murder_nonnegligent_manslaughter,arrestee_unknown_race_embezzlement,arrestee_asian_arson,arrestee_asian_disorderly_conduct,arrestee_american_indian_gambling_offenses_betting_wagering,arrestee_white_gambling_offenses_sports_tampering,arrestee_american_indian_family_offenses_nonviolent,arrestee_u_curfew_loitering_vagrancy_violations.y,arrestee_u_family_offenses_nonviolent.y,arrestee_u_peeping_tom,arrestee_hispanic_arson,arrestee_hispanic_drug_narcotic_offenses_drug_equipment_violations,arrestee_hispanic_embezzlement,arrestee_hispanic_larceny_theft_offenses_theft_from_building,arrestee_hispanic_sex_offenses_fondling_incident_liberties_child_molest,arrestee_hispanic_trespass_of_real_property,arrestee_not_hispanic_fraud_offenses_welfare_fraud,arrestee_hispanic_all_other_offenses,arrestee_hispanic_sex_offenses_statutory_rape,arrestee_hispanic_fraud_offenses_impersonation,arrestee_hispanic_kidnapping_abduction,arrestee_hispanic_extortion_blackmail,arrestee_hispanic_sex_offenses_incest,arrestee_hispanic_liquor_law_violations,arrestee_hispanic_larceny_theft_offenses_pocket_picking,arrestee_hispanic_curfew_loitering_vagrancy_violations,arrestee_hispanic_runaway,arrestee_hispanic_fraud_offenses_welfare_fraud,arrestee_hispanic_negligent_manslaughter,arrestee_unknown_ethnicity_negligent_manslaughter,arrestee_hispanic_prostitution_offenses_prostitution,arrestee_not_hispanic_peeping_tom,arrestee_not_hispanic_gambling_offenses_sports_tampering,arrestee_hispanic_sex_offenses_sexual_assault_with_an_object,arrestee_adult_negligent_manslaughter,arrestee_juvenile_sex_offenses_incest,arrestee_juvenile_embezzlement,arrestee_unknown_age_drug_narcotic_offenses_drug_equipment_violations,arrestee_juvenile_fraud_offenses_wire_fraud,arrestee_juvenile_fraud_offenses_impersonation,arrestee_unknown_age_stolen_property_offenses_receiving_selling_etc,arrestee_unknown_age_murder_nonnegligent_manslaughter,arrestee_unknown_age_negligent_manslaughter,arrestee_unknown_age_sex_offenses_fondling_incident_liberties_child_molest,arrestee_unknown_age_larceny_theft_offenses_theft_of_motor_vehicle_parts_accessories,arrestee_juvenile_gambling_offenses_sports_tampering,arrestee_adult_gambling_offenses_sports_tampering,arrestee_juvenile_gambling_offenses_operating_promoting_assisting_gambling,arrestee_on_view_arrest_bribery,arrestee_summoned_cited_embezzlement,arrestee_taken_into_custody_extortion_blackmail,arrestee_on_view_arrest_sex_offenses_statutory_rape,arrestee_summoned_cited_fraud_offenses_welfare_fraud,arrestee_summoned_cited_sex_offenses_sodomy,arrestee_on_view_arrest_fraud_offenses_welfare_fraud,arrestee_summoned_cited_pornography_obscene_material,arrestee_summoned_cited_fraud_offenses_wire_fraud,arrestee_summoned_cited_sex_offenses_incest,arrestee_summoned_cited_sex_offenses_statutory_rape,arrestee_on_view_arrest_fraud_offenses_wire_fraud,arrestee_on_view_arrest_negligent_manslaughter,arrestee_summoned_cited_negligent_manslaughter,arrestee_on_view_arrest_gambling_offenses_sports_tampering,victim_unknown_sex_bribery,victim_female_justifiable_homicide_not_a_crime,victim_male_fraud_offenses_welfare_fraud,victim_asian_stolen_property_offenses_receiving_selling_etc,victim_unknown_race_bribery,victim_asian_fraud_offenses_credit_card_atm_fraud,victim_asian_larceny_theft_offenses_theft_from_coin_operated_machine_or_device,victim_american_indian_sex_offenses_sodomy,victim_american_indian_murder_nonnegligent_manslaughter,victim_american_indian_sex_offenses_incest,victim_american_indian_negligent_manslaughter,victim_american_indian_larceny_theft_offenses_pocket_picking,victim_american_indian_extortion_blackmail,victim_unknown_ethnicity_bribery,victim_unknown_ethnicity_justifiable_homicide_not_a_crime,victim_hispanic_larceny_theft_offenses_purse_snatching,victim_not_hispanic_fraud_offenses_welfare_fraud,victim_hispanic_sex_offenses_incest,victim_hispanic_fraud_offenses_impersonation,victim_hispanic_larceny_theft_offenses_pocket_picking,victim_hispanic_larceny_theft_offenses_shoplifting,victim_hispanic_justifiable_homicide_not_a_crime,victim_hispanic_sex_offenses_sexual_assault_with_an_object,victim_juvenile_embezzlement,victim_unknown_age_bribery,victim_unknown_age_justifiable_homicide_not_a_crime,victim_minor_injury_extortion_blackmail,victim_unknown_relationship_negligent_manslaughter,victim_other_relationship_justifiable_homicide_not_a_crime,victim_other_family_extortion_blackmail,victim_other_relationship_fraud_offenses_impersonation,victim_intimate_partner_larceny_theft_offenses_purse_snatching,victim_other_relationship_larceny_theft_offenses_pocket_picking,victim_other_family_larceny_theft_offenses_theft_of_motor_vehicle_parts_accessories,victim_intimate_partner_fraud_offenses_credit_card_atm_fraud,offense_prosecution_declined_fraud_offenses_welfare_fraud,offense_juvenile_no_custody_pornography_obscene_material,offense_juvenile_no_custody_fraud_offenses_wire_fraud,offense_juvenile_no_custody_larceny_theft_offenses_pocket_picking,offense_death_of_suspect_sex_offenses_fondling_incident_liberties_child_molest,offense_prosecution_declined_prostitution_offenses_assisting_or_promoting_prostitution,offense_death_of_suspect_sex_offenses_statutory_rape,offense_extradition_denied_embezzlement,offense_extradition_denied_fraud_offenses_impersonation,offense_prosecution_declined_justifiable_homicide_not_a_crime,offense_prosecution_declined_gambling_offenses_gambling_equipment_violations,offense_juvenile_no_custody_fraud_offenses_credit_card_atm_fraud,offense_juvenile_no_custody_prostitution_offenses_assisting_or_promoting_prostitution,offense_victim_refused_to_cooperate_fraud_offenses_welfare_fraud,offense_juvenile_no_custody_fraud_offenses_welfare_fraud,offense_death_of_suspect_weapon_law_violations_weapon_law_violations,offense_extradition_denied_weapon_law_violations_weapon_law_violations,offense_death_of_suspect_sex_offenses_sexual_assault_with_an_object,offense_death_of_suspect_pornography_obscene_material,offense_death_of_suspect_fraud_offenses_impersonation,offense_extradition_denied_drug_narcotic_offenses_drug_equipment_violations,offense_outside_fraud_offenses_welfare_fraud,offense_bar_nightclub_pornography_obscene_material,offense_bar_nightclub_extortion_blackmail,offense_school_pornography_obscene_material,offense_school_fraud_offenses_welfare_fraud,offense_outside_fraud_offenses_wire_fraud,offense_bar_nightclub_fraud_offenses_welfare_fraud,offense_bar_nightclub_negligent_manslaughter,offense_bar_nightclub_sex_offenses_sexual_assault_with_an_object,offense_na_weapon_law_violations_weapon_law_violations,offense_na_counterfeiting_forgery,offense_na_stolen_property_offenses_receiving_selling_etc,offender_asian_sex_offenses_statutory_rape,offender_american_indian_fraud_offenses_wire_fraud,offender_american_indian_prostitution_offenses_assisting_or_promoting_prostitution,offender_juvenile_prostitution_offenses_assisting_or_promoting_prostitution,offender_juvenile_fraud_offenses_welfare_fraud,offender_juvenile_bribery,arrestee_f_peeping_tom,arrestee_asian_gambling_offenses_operating_promoting_assisting_gambling,arrestee_unknown_race_assault_offenses_intimidation,arrestee_asian_pornography_obscene_material,arrestee_american_indian_pornography_obscene_material,arrestee_american_indian_kidnapping_abduction,arrestee_asian_sex_offenses_rape,arrestee_asian_sex_offenses_sexual_assault_with_an_object,arrestee_american_indian_fraud_offenses_wire_fraud,arrestee_american_indian_larceny_theft_offenses_pocket_picking,arrestee_asian_extortion_blackmail,arrestee_black_bribery,arrestee_unknown_race_curfew_loitering_vagrancy_violations,arrestee_unknown_race_fraud_offenses_welfare_fraud,arrestee_unknown_race_liquor_law_violations,arrestee_unknown_race_kidnapping_abduction,arrestee_unknown_race_larceny_theft_offenses_pocket_picking,arrestee_unknown_race_bribery,arrestee_unknown_race_trespass_of_real_property,arrestee_unknown_race_larceny_theft_offenses_theft_from_coin_operated_machine_or_device,arrestee_american_indian_prostitution_offenses_assisting_or_promoting_prostitution,arrestee_asian_prostitution_offenses_assisting_or_promoting_prostitution,arrestee_asian_curfew_loitering_vagrancy_violations,arrestee_i_peeping_tom,arrestee_american_indian_fraud_offenses_welfare_fraud,arrestee_white_peeping_tom,arrestee_asian_drunkenness,arrestee_hispanic_larceny_theft_offenses_theft_from_coin_operated_machine_or_device,arrestee_hispanic_family_offenses_nonviolent,arrestee_not_hispanic_bribery,arrestee_h_peeping_tom,arrestee_unknown_ethnicity_peeping_tom,arrestee_hispanic_pornography_obscene_material,arrestee_juvenile_prostitution_offenses_assisting_or_promoting_prostitution,arrestee_juvenile_pornography_obscene_material,arrestee_unknown_age_weapon_law_violations_weapon_law_violations,arrestee_unknown_age_prostitution_offenses_assisting_or_promoting_prostitution,arrestee_juvenile_fraud_offenses_welfare_fraud,arrestee_juvenile_bribery,arrestee_unknown_age_sex_offenses_rape,arrestee_unknown_age_sex_offenses_statutory_rape,arrestee_summoned_cited_prostitution_offenses_assisting_or_promoting_prostitution,arrestee_summoned_cited_bribery,victim_unknown_sex_sex_offenses_sexual_assault_with_an_object,victim_unknown_sex_sex_offenses_sodomy,victim_unknown_sex_fraud_offenses_welfare_fraud,victim_unknown_sex_negligent_manslaughter,victim_asian_fraud_offenses_impersonation,victim_asian_fraud_offenses_wire_fraud,victim_american_indian_sex_offenses_sexual_assault_with_an_object,victim_asian_justifiable_homicide_not_a_crime,victim_unknown_race_fraud_offenses_welfare_fraud,victim_black_fraud_offenses_welfare_fraud,victim_asian_fraud_offenses_welfare_fraud,victim_asian_larceny_theft_offenses_purse_snatching,victim_unknown_race_negligent_manslaughter,victim_asian_sex_offenses_incest,victim_hispanic_extortion_blackmail,victim_hispanic_fraud_offenses_wire_fraud,victim_hispanic_negligent_manslaughter,victim_juvenile_fraud_offenses_welfare_fraud,victim_unknown_age_fraud_offenses_welfare_fraud,victim_unknown_age_negligent_manslaughter,victim_other_relationship_counterfeiting_forgery,victim_other_relationship_bribery,victim_stranger_fraud_offenses_welfare_fraud,victim_unknown_relationship_justifiable_homicide_not_a_crime,victim_other_relationship_embezzlement,victim_intimate_partner_extortion_blackmail,victim_other_family_larceny_theft_offenses_purse_snatching,offense_gambling_offenses_sports_tampering,offense_juvenile_no_custody_extortion_blackmail,offense_prosecution_declined_negligent_manslaughter,offense_extradition_denied_sex_offenses_statutory_rape,offense_cleared_by_arrest_gambling_offenses_sports_tampering,not_cleared_gambling_offenses_sports_tampering,offense_extradition_denied_drug_narcotic_offenses_drug_narcotic_violations,offense_juvenile_no_custody_gambling_offenses_betting_wagering,offense_extradition_denied_stolen_property_offenses_receiving_selling_etc,offense_school_prostitution_offenses_assisting_or_promoting_prostitution,offense_home_gambling_offenses_sports_tampering,offense_other_unknown_location_gambling_offenses_sports_tampering,offense_outside_gambling_offenses_sports_tampering,offense_school_bribery,offense_na_drug_narcotic_offenses_drug_equipment_violations,offender_gambling_offenses_sports_tampering,offender_male_gambling_offenses_sports_tampering,offender_unknown_sex_gambling_offenses_sports_tampering,offender_american_indian_negligent_manslaughter,offender_american_indian_pornography_obscene_material,offender_black_gambling_offenses_sports_tampering,offender_unknown_race_gambling_offenses_sports_tampering,offender_american_indian_sex_offenses_sexual_assault_with_an_object,offender_asian_negligent_manslaughter,offender_american_indian_bribery,offender_adult_gambling_offenses_sports_tampering,offender_unknown_age_gambling_offenses_sports_tampering,arrestee_asian_larceny_theft_offenses_pocket_picking,arrestee_asian_trespass_of_real_property,arrestee_asian_bribery,arrestee_unknown_race_negligent_manslaughter,arrestee_unknown_race_sex_offenses_sodomy,arrestee_hispanic_bribery,arrestee_unknown_age_fraud_offenses_credit_card_atm_fraud,arrestee_unknown_age_curfew_loitering_vagrancy_violations,arrestee_unknown_age_arson,arrestee_juvenile_gambling_offenses_gambling_equipment_violations,arrestee_unknown_age_sex_offenses_sodomy,victim_gambling_offenses_sports_tampering,victim_american_indian_fraud_offenses_impersonation,victim_american_indian_larceny_theft_offenses_theft_from_coin_operated_machine_or_device,victim_american_indian_fraud_offenses_credit_card_atm_fraud,victim_asian_negligent_manslaughter,victim_asian_sex_offenses_sexual_assault_with_an_object,victim_hispanic_bribery,victim_juvenile_fraud_offenses_wire_fraud,victim_other_family_larceny_theft_offenses_shoplifting,victim_other_family_stolen_property_offenses_receiving_selling_etc,victim_stranger_bribery,victim_intimate_partner_justifiable_homicide_not_a_crime,victim_intimate_partner_larceny_theft_offenses_shoplifting,offense_prosecution_declined_bribery,offense_extradition_denied_fraud_offenses_wire_fraud,offense_death_of_suspect_larceny_theft_offenses_theft_from_coin_operated_machine_or_device,offense_death_of_suspect_drug_narcotic_offenses_drug_equipment_violations,offense_death_of_suspect_stolen_property_offenses_receiving_selling_etc,offense_school_sex_offenses_incest,offender_asian_sex_offenses_incest,arrestee_asian_sex_offenses_statutory_rape,arrestee_asian_gambling_offenses_gambling_equipment_violations,arrestee_unknown_race_fraud_offenses_wire_fraud,arrestee_american_indian_sex_offenses_sexual_assault_with_an_object,arrestee_asian_family_offenses_nonviolent,arrestee_american_indian_negligent_manslaughter,arrestee_unknown_race_runaway,arrestee_unknown_race_fraud_offenses_impersonation,arrestee_american_indian_sex_offenses_sodomy,arrestee_unknown_race_pornography_obscene_material,arrestee_hispanic_fraud_offenses_wire_fraud,arrestee_hispanic_gambling_offenses_gambling_equipment_violations,arrestee_unknown_age_embezzlement,arrestee_unknown_age_peeping_tom,arrestee_unknown_age_larceny_theft_offenses_theft_from_coin_operated_machine_or_device,arrestee_unknown_age_sex_offenses_incest,victim_american_indian_embezzlement,victim_asian_bribery,victim_american_indian_fraud_offenses_welfare_fraud,offense_death_of_suspect_prostitution_offenses_assisting_or_promoting_prostitution,offense_bar_nightclub_fraud_offenses_wire_fraud,offense_bar_nightclub_sex_offenses_incest,offense_school_gambling_offenses_gambling_equipment_violations,offender_unknown_age_justifiable_homicide_not_a_crime,arrestee_asian_runaway,arrestee_american_indian_larceny_theft_offenses_purse_snatching,arrestee_unknown_race_extortion_blackmail,arrestee_unknown_race_prostitution_offenses_assisting_or_promoting_prostitution,arrestee_unknown_race_sex_offenses_sexual_assault_with_an_object,arrestee_unknown_race_bad_checks,arrestee_unknown_race_sex_offenses_incest,arrestee_asian_sex_offenses_sodomy,arrestee_hispanic_bad_checks,arrestee_hispanic_peeping_tom,arrestee_hispanic_gambling_offenses_betting_wagering,arrestee_hispanic_gambling_offenses_operating_promoting_assisting_gambling,arrestee_unknown_age_fraud_offenses_welfare_fraud,victim_unknown_sex_fraud_offenses_wire_fraud,victim_asian_embezzlement,victim_hispanic_embezzlement,victim_intimate_partner_fraud_offenses_impersonation,offense_death_of_suspect_sex_offenses_incest,offense_death_of_suspect_extortion_blackmail,offense_extradition_denied_sex_offenses_incest,offender_juvenile_justifiable_homicide_not_a_crime,arrestee_asian_sex_offenses_incest,arrestee_american_indian_embezzlement,arrestee_asian_bad_checks,arrestee_asian_negligent_manslaughter,arrestee_unknown_ethnicity_gambling_offenses_sports_tampering,arrestee_adult_runaway,arrestee_unknown_age_sex_offenses_sexual_assault_with_an_object,arrestee_unknown_age_extortion_blackmail,arrestee_unknown_age_fraud_offenses_impersonation,arrestee_unknown_age_kidnapping_abduction,arrestee_taken_into_custody_gambling_offenses_sports_tampering,victim_american_indian_fraud_offenses_wire_fraud,victim_hispanic_larceny_theft_offenses_theft_from_coin_operated_machine_or_device,victim_juvenile_justifiable_homicide_not_a_crime,victim_other_family_larceny_theft_offenses_pocket_picking,offense_death_of_suspect_fraud_offenses_welfare_fraud,offense_extradition_denied_larceny_theft_offenses_purse_snatching,offense_bar_nightclub_sex_offenses_statutory_rape,offense_bar_nightclub_bribery,offender_white_gambling_offenses_sports_tampering,arrestee_unknown_race_larceny_theft_offenses_purse_snatching,arrestee_american_indian_curfew_loitering_vagrancy_violations,arrestee_american_indian_bad_checks,arrestee_unknown_race_family_offenses_nonviolent,arrestee_unknown_race_gambling_offenses_betting_wagering,arrestee_american_indian_extortion_blackmail,arrestee_unknown_age_larceny_theft_offenses_purse_snatching,victim_unknown_sex_justifiable_homicide_not_a_crime,victim_unknown_race_justifiable_homicide_not_a_crime,victim_juvenile_bribery,victim_intimate_partner_bribery,victim_intimate_partner_embezzlement,victim_other_family_embezzlement,offense_extradition_denied_murder_nonnegligent_manslaughter,offense_extradition_denied_negligent_manslaughter,offense_extradition_denied_gambling_offenses_betting_wagering,offense_extradition_denied_bribery,offense_na_gambling_offenses_gambling_equipment_violations,offender_female_gambling_offenses_sports_tampering,offender_asian_justifiable_homicide_not_a_crime,arrestee_female_peeping_tom,arrestee_asian_peeping_tom,arrestee_unknown_age_pornography_obscene_material,victim_hispanic_fraud_offenses_welfare_fraud,victim_other_family_fraud_offenses_impersonation,victim_stranger_embezzlement,victim_other_relationship_fraud_offenses_wire_fraud,offense_extradition_denied_pornography_obscene_material,offense_death_of_suspect_fraud_offenses_wire_fraud,offense_extradition_denied_larceny_theft_offenses_pocket_picking,offense_bar_nightclub_gambling_offenses_sports_tampering,offense_school_negligent_manslaughter,arrestee_american_indian_bribery,arrestee_american_indian_peeping_tom,arrestee_american_indian_runaway,arrestee_unknown_age_larceny_theft_offenses_pocket_picking,arrestee_unknown_age_gambling_offenses_operating_promoting_assisting_gambling,victim_intimate_partner_fraud_offenses_wire_fraud,victim_intimate_partner_larceny_theft_offenses_theft_from_coin_operated_machine_or_device,offense_death_of_suspect_prostitution_offenses_prostitution,offense_death_of_suspect_negligent_manslaughter,offense_victim_refused_to_cooperate_bribery,offender_american_indian_gambling_offenses_gambling_equipment_violations,arrestee_american_indian_gambling_offenses_operating_promoting_assisting_gambling,arrestee_unknown_age_gambling_offenses_gambling_equipment_violations,arrestee_unknown_age_prostitution_offenses_prostitution,victim_american_indian_bribery,victim_other_family_bribery,victim_other_relationship_larceny_theft_offenses_theft_from_coin_operated_machine_or_device,offense_extradition_denied_prostitution_offenses_prostitution,arrestee_unknown_race_gambling_offenses_gambling_equipment_violations,offense_extradition_denied_extortion_blackmail,offense_school_justifiable_homicide_not_a_crime,arrestee_hispanic_gambling_offenses_sports_tampering,offense_extradition_denied_fraud_offenses_welfare_fraud,arrestee_american_indian_gambling_offenses_gambling_equipment_violations,arrestee_summoned_cited_gambling_offenses_sports_tampering,victim_stranger_fraud_offenses_wire_fraud,victim_other_relationship_fraud_offenses_welfare_fraud,victim_other_family_fraud_offenses_welfare_fraud,offense_juvenile_no_custody_murder_nonnegligent_manslaughter,arrestee_asian_fraud_offenses_welfare_fraud,victim_intimate_partner_fraud_offenses_welfare_fraud,offense_juvenile_no_custody_gambling_offenses_operating_promoting_assisting_gambling,arrestee_unknown_race_peeping_tom,arrestee_asian_gambling_offenses_sports_tampering,offense_victim_refused_to_cooperate_gambling_offenses_operating_promoting_assisting_gambling,offense_prosecution_declined_gambling_offenses_sports_tampering,offense_death_of_suspect_gambling_offenses_betting_wagering,offender_american_indian_justifiable_homicide_not_a_crime,offender_juvenile_gambling_offenses_sports_tampering,victim_american_indian_justifiable_homicide_not_a_crime,offense_extradition_denied_justifiable_homicide_not_a_crime,offense_extradition_denied_gambling_offenses_operating_promoting_assisting_gambling,victim_other_family_larceny_theft_offenses_theft_from_coin_operated_machine_or_device,offense_extradition_denied_prostitution_offenses_assisting_or_promoting_prostitution,offense_death_of_suspect_gambling_offenses_operating_promoting_assisting_gambling,arrestee_unknown_age_runaway,victim_other_family_fraud_offenses_wire_fraud,offense_school_gambling_offenses_sports_tampering,arrestee_p_all_other_offenses,arrestee_p_drunkenness,arrestee_unknown_age_bribery,offense_prostitution_offenses_purchasing_prostitution,offense_human_trafficking_commercial_sex_acts,offense_no_gun_human_trafficking_commercial_sex_acts,offense_cleared_by_arrest_prostitution_offenses_purchasing_prostitution,offense_victim_refused_to_cooperate_prostitution_offenses_purchasing_prostitution,offense_extradition_denied_gambling_offenses_gambling_equipment_violations,not_cleared_prostitution_offenses_purchasing_prostitution,offense_cleared_by_arrest_human_trafficking_commercial_sex_acts,not_cleared_human_trafficking_commercial_sex_acts,offense_outside_prostitution_offenses_purchasing_prostitution,offense_other_unknown_location_prostitution_offenses_purchasing_prostitution,offense_home_prostitution_offenses_purchasing_prostitution,offense_school_prostitution_offenses_purchasing_prostitution,offense_home_human_trafficking_commercial_sex_acts,offense_other_unknown_location_human_trafficking_commercial_sex_acts,offense_school_human_trafficking_commercial_sex_acts,offender_prostitution_offenses_purchasing_prostitution,offender_human_trafficking_commercial_sex_acts,offender_female_prostitution_offenses_purchasing_prostitution,offender_male_prostitution_offenses_purchasing_prostitution,offender_unknown_sex_prostitution_offenses_purchasing_prostitution,offender_male_human_trafficking_commercial_sex_acts,offender_female_human_trafficking_commercial_sex_acts,offender_black_prostitution_offenses_purchasing_prostitution,offender_white_prostitution_offenses_purchasing_prostitution,offender_unknown_race_prostitution_offenses_purchasing_prostitution,offender_white_human_trafficking_commercial_sex_acts,offender_asian_prostitution_offenses_purchasing_prostitution,offender_black_human_trafficking_commercial_sex_acts,offender_adult_prostitution_offenses_purchasing_prostitution,offender_unknown_age_prostitution_offenses_purchasing_prostitution,offender_adult_human_trafficking_commercial_sex_acts,arrestee_prostitution_offenses_purchasing_prostitution,arrestee_human_trafficking_commercial_sex_acts,arrestee_female_prostitution_offenses_purchasing_prostitution,arrestee_male_prostitution_offenses_purchasing_prostitution,arrestee_male_human_trafficking_commercial_sex_acts,arrestee_p_driving_under_the_influence,arrestee_p_runaway,arrestee_p_liquor_law_violations,arrestee_p_disorderly_conduct,arrestee_black_prostitution_offenses_purchasing_prostitution,arrestee_white_prostitution_offenses_purchasing_prostitution,arrestee_p_trespass_of_real_property,arrestee_white_human_trafficking_commercial_sex_acts,arrestee_asian_prostitution_offenses_purchasing_prostitution,arrestee_p_family_offenses_nonviolent,arrestee_unknown_race_prostitution_offenses_purchasing_prostitution,arrestee_hispanic_prostitution_offenses_purchasing_prostitution,arrestee_not_hispanic_prostitution_offenses_purchasing_prostitution,arrestee_hispanic_human_trafficking_commercial_sex_acts,arrestee_adult_prostitution_offenses_purchasing_prostitution,arrestee_adult_human_trafficking_commercial_sex_acts,arrestee_on_view_arrest_prostitution_offenses_purchasing_prostitution,arrestee_summoned_cited_prostitution_offenses_purchasing_prostitution,arrestee_taken_into_custody_prostitution_offenses_purchasing_prostitution,arrestee_on_view_arrest_human_trafficking_commercial_sex_acts,victim_prostitution_offenses_purchasing_prostitution,victim_human_trafficking_commercial_sex_acts,victim_female_human_trafficking_commercial_sex_acts,victim_white_human_trafficking_commercial_sex_acts,victim_black_human_trafficking_commercial_sex_acts,victim_hispanic_human_trafficking_commercial_sex_acts,victim_not_hispanic_human_trafficking_commercial_sex_acts,victim_m_larceny_theft_offenses_all_other_larceny,victim_juvenile_human_trafficking_commercial_sex_acts,victim_adult_human_trafficking_commercial_sex_acts,victim_no_injury_human_trafficking_commercial_sex_acts,victim_minor_injury_human_trafficking_commercial_sex_acts,victim_other_relationship_human_trafficking_commercial_sex_acts,victim_intimate_partner_human_trafficking_commercial_sex_acts,victim_unknown_relationship_human_trafficking_commercial_sex_acts,offense_human_trafficking_involuntary_servitude,offense_no_gun_human_trafficking_involuntary_servitude,offense_handgun_human_trafficking_involuntary_servitude,offense_handgun_human_trafficking_commercial_sex_acts,offense_other_unknown_gun_human_trafficking_commercial_sex_acts,not_cleared_human_trafficking_involuntary_servitude,offense_extradition_denied_human_trafficking_commercial_sex_acts,offense_prosecution_declined_prostitution_offenses_purchasing_prostitution,offense_cleared_by_arrest_human_trafficking_involuntary_servitude,offense_death_of_suspect_gambling_offenses_gambling_equipment_violations,offense_outside_human_trafficking_commercial_sex_acts,offense_home_human_trafficking_involuntary_servitude,offense_outside_human_trafficking_involuntary_servitude,offense_other_unknown_location_human_trafficking_involuntary_servitude,offender_human_trafficking_involuntary_servitude,offender_male_human_trafficking_involuntary_servitude,offender_unknown_sex_human_trafficking_commercial_sex_acts,offender_female_human_trafficking_involuntary_servitude,offender_black_human_trafficking_involuntary_servitude,offender_white_human_trafficking_involuntary_servitude,offender_american_indian_prostitution_offenses_purchasing_prostitution,offender_unknown_race_human_trafficking_commercial_sex_acts,offender_adult_human_trafficking_involuntary_servitude,offender_unknown_age_human_trafficking_commercial_sex_acts,offender_juvenile_human_trafficking_commercial_sex_acts,arrestee_human_trafficking_involuntary_servitude,arrestee_female_human_trafficking_involuntary_servitude,arrestee_male_human_trafficking_involuntary_servitude,arrestee_female_human_trafficking_commercial_sex_acts,arrestee_p_bad_checks,arrestee_p_curfew_loitering_vagrancy_violations,arrestee_black_human_trafficking_commercial_sex_acts,arrestee_black_human_trafficking_involuntary_servitude,arrestee_white_human_trafficking_involuntary_servitude,arrestee_unknown_race_human_trafficking_commercial_sex_acts,arrestee_not_hispanic_human_trafficking_commercial_sex_acts,arrestee_unknown_ethnicity_prostitution_offenses_purchasing_prostitution,arrestee_not_hispanic_human_trafficking_involuntary_servitude,arrestee_adult_human_trafficking_involuntary_servitude,arrestee_taken_into_custody_human_trafficking_commercial_sex_acts,arrestee_on_view_arrest_human_trafficking_involuntary_servitude,arrestee_taken_into_custody_human_trafficking_involuntary_servitude,victim_human_trafficking_involuntary_servitude,victim_female_human_trafficking_involuntary_servitude,victim_unknown_sex_human_trafficking_commercial_sex_acts,victim_white_human_trafficking_involuntary_servitude,victim_unknown_race_human_trafficking_commercial_sex_acts,victim_black_human_trafficking_involuntary_servitude,victim_not_hispanic_human_trafficking_involuntary_servitude,victim_unknown_ethnicity_human_trafficking_commercial_sex_acts,victim_adult_human_trafficking_involuntary_servitude,victim_juvenile_human_trafficking_involuntary_servitude,victim_unknown_age_human_trafficking_commercial_sex_acts,victim_minor_injury_human_trafficking_involuntary_servitude,victim_no_injury_human_trafficking_involuntary_servitude,victim_serious_injury_human_trafficking_commercial_sex_acts,victim_intimate_partner_human_trafficking_involuntary_servitude,victim_other_relationship_human_trafficking_involuntary_servitude,victim_stranger_human_trafficking_commercial_sex_acts,offense_fraud_offenses_identity_theft,offense_animal_cruelty,offense_fraud_offenses_hacking_computer_invasion,offense_cleared_by_arrest_fraud_offenses_identity_theft,offense_prosecution_declined_human_trafficking_commercial_sex_acts,offense_cleared_by_arrest_animal_cruelty,not_cleared_fraud_offenses_identity_theft,not_cleared_animal_cruelty,offense_prosecution_declined_fraud_offenses_identity_theft,not_cleared_fraud_offenses_hacking_computer_invasion,offense_extradition_denied_fraud_offenses_identity_theft,offense_cleared_by_arrest_fraud_offenses_hacking_computer_invasion,offense_victim_refused_to_cooperate_human_trafficking_commercial_sex_acts,offense_victim_refused_to_cooperate_fraud_offenses_identity_theft,offense_other_unknown_location_fraud_offenses_identity_theft,offense_bar_nightclub_human_trafficking_commercial_sex_acts,offense_home_animal_cruelty,offense_other_unknown_location_animal_cruelty,offense_home_fraud_offenses_identity_theft,offense_outside_fraud_offenses_identity_theft,offense_outside_animal_cruelty,offense_home_fraud_offenses_hacking_computer_invasion,offense_other_unknown_location_fraud_offenses_hacking_computer_invasion,offense_bar_nightclub_fraud_offenses_identity_theft,offense_school_fraud_offenses_identity_theft,offense_abuse_torture_animal_cruelty,offender_fraud_offenses_identity_theft,offender_animal_cruelty,offender_fraud_offenses_hacking_computer_invasion,offender_female_fraud_offenses_identity_theft,offender_male_fraud_offenses_identity_theft,offender_male_animal_cruelty,offender_female_animal_cruelty,offender_unknown_sex_animal_cruelty,offender_unknown_sex_fraud_offenses_identity_theft,offender_female_fraud_offenses_hacking_computer_invasion,offender_male_fraud_offenses_hacking_computer_invasion,offender_unknown_sex_fraud_offenses_hacking_computer_invasion,offender_unknown_sex_human_trafficking_involuntary_servitude,offender_black_fraud_offenses_identity_theft,offender_white_animal_cruelty,offender_unknown_race_animal_cruelty,offender_unknown_race_fraud_offenses_identity_theft,offender_white_fraud_offenses_identity_theft,offender_black_animal_cruelty,offender_white_fraud_offenses_hacking_computer_invasion,offender_unknown_race_fraud_offenses_hacking_computer_invasion,offender_black_fraud_offenses_hacking_computer_invasion,offender_asian_fraud_offenses_hacking_computer_invasion,offender_asian_human_trafficking_commercial_sex_acts,offender_asian_human_trafficking_involuntary_servitude,offender_american_indian_fraud_offenses_identity_theft,offender_unknown_race_human_trafficking_involuntary_servitude,offender_asian_fraud_offenses_identity_theft,offender_adult_fraud_offenses_identity_theft,offender_adult_animal_cruelty,offender_unknown_age_animal_cruelty,offender_unknown_age_fraud_offenses_identity_theft,offender_juvenile_fraud_offenses_identity_theft,offender_adult_fraud_offenses_hacking_computer_invasion,offender_juvenile_fraud_offenses_hacking_computer_invasion,offender_unknown_age_fraud_offenses_hacking_computer_invasion,offender_juvenile_prostitution_offenses_purchasing_prostitution,offender_unknown_age_human_trafficking_involuntary_servitude,arrestee_fraud_offenses_identity_theft,arrestee_fraud_offenses_hacking_computer_invasion,arrestee_animal_cruelty,arrestee_female_fraud_offenses_identity_theft,arrestee_male_fraud_offenses_identity_theft,arrestee_female_fraud_offenses_hacking_computer_invasion,arrestee_female_animal_cruelty,arrestee_white_fraud_offenses_identity_theft,arrestee_white_fraud_offenses_hacking_computer_invasion,arrestee_black_fraud_offenses_identity_theft,arrestee_unknown_race_fraud_offenses_identity_theft,arrestee_american_indian_fraud_offenses_identity_theft,arrestee_white_animal_cruelty,arrestee_asian_human_trafficking_commercial_sex_acts,arrestee_hispanic_human_trafficking_involuntary_servitude,arrestee_not_hispanic_fraud_offenses_identity_theft,arrestee_not_hispanic_fraud_offenses_hacking_computer_invasion,arrestee_unknown_ethnicity_fraud_offenses_identity_theft,arrestee_not_hispanic_animal_cruelty,arrestee_unknown_ethnicity_human_trafficking_commercial_sex_acts,arrestee_unknown_age_fraud_offenses_wire_fraud,arrestee_adult_fraud_offenses_identity_theft,arrestee_adult_fraud_offenses_hacking_computer_invasion,arrestee_adult_animal_cruelty,arrestee_taken_into_custody_fraud_offenses_identity_theft,arrestee_on_view_arrest_fraud_offenses_identity_theft,arrestee_taken_into_custody_fraud_offenses_hacking_computer_invasion,arrestee_summoned_cited_fraud_offenses_identity_theft,arrestee_summoned_cited_animal_cruelty,victim_fraud_offenses_identity_theft,victim_animal_cruelty,victim_fraud_offenses_hacking_computer_invasion,victim_male_fraud_offenses_identity_theft,victim_unknown_sex_human_trafficking_involuntary_servitude,victim_female_fraud_offenses_identity_theft,victim_unknown_sex_fraud_offenses_identity_theft,victim_female_fraud_offenses_hacking_computer_invasion,victim_male_fraud_offenses_hacking_computer_invasion,victim_male_human_trafficking_commercial_sex_acts,victim_white_fraud_offenses_identity_theft,victim_unknown_race_human_trafficking_involuntary_servitude,victim_unknown_race_fraud_offenses_identity_theft,victim_black_fraud_offenses_identity_theft,victim_white_fraud_offenses_hacking_computer_invasion,victim_american_indian_fraud_offenses_identity_theft,victim_asian_fraud_offenses_identity_theft,victim_asian_human_trafficking_commercial_sex_acts,victim_asian_human_trafficking_involuntary_servitude,victim_not_hispanic_fraud_offenses_identity_theft,victim_unknown_ethnicity_human_trafficking_involuntary_servitude,victim_hispanic_fraud_offenses_identity_theft,victim_unknown_ethnicity_fraud_offenses_identity_theft,victim_not_hispanic_fraud_offenses_hacking_computer_invasion,victim_adult_fraud_offenses_identity_theft,victim_unknown_age_fraud_offenses_identity_theft,victim_adult_fraud_offenses_hacking_computer_invasion,victim_juvenile_fraud_offenses_identity_theft,victim_juvenile_fraud_offenses_hacking_computer_invasion,victim_serious_injury_human_trafficking_involuntary_servitude,victim_unknown_relationship_fraud_offenses_identity_theft,victim_stranger_human_trafficking_involuntary_servitude,victim_unknown_relationship_fraud_offenses_hacking_computer_invasion,victim_other_family_fraud_offenses_identity_theft,victim_unknown_relationship_human_trafficking_involuntary_servitude,victim_other_family_human_trafficking_commercial_sex_acts,victim_other_relationship_fraud_offenses_identity_theft,offense_death_of_suspect_fraud_offenses_identity_theft,offense_prosecution_declined_animal_cruelty,offense_victim_refused_to_cooperate_animal_cruelty,offense_prosecution_declined_fraud_offenses_hacking_computer_invasion,offense_victim_refused_to_cooperate_fraud_offenses_hacking_computer_invasion,offense_extradition_denied_fraud_offenses_hacking_computer_invasion,offense_juvenile_no_custody_animal_cruelty,offense_victim_refused_to_cooperate_human_trafficking_involuntary_servitude,offense_school_animal_cruelty,offense_outside_fraud_offenses_hacking_computer_invasion,offense_school_fraud_offenses_hacking_computer_invasion,offense_bar_nightclub_prostitution_offenses_purchasing_prostitution,offense_bar_nightclub_human_trafficking_involuntary_servitude,offense_neglect_animal_cruelty,offense_animal_fighting_animal_cruelty,offense_bestiality_animal_cruelty,offender_american_indian_human_trafficking_involuntary_servitude,offender_asian_animal_cruelty,offender_american_indian_animal_cruelty,offender_asian_gambling_offenses_sports_tampering,offender_american_indian_fraud_offenses_hacking_computer_invasion,offender_juvenile_animal_cruelty,offender_juvenile_human_trafficking_involuntary_servitude,arrestee_male_fraud_offenses_hacking_computer_invasion,arrestee_male_animal_cruelty,arrestee_american_indian_human_trafficking_involuntary_servitude,arrestee_black_animal_cruelty,arrestee_unknown_race_animal_cruelty,arrestee_asian_fraud_offenses_identity_theft,arrestee_black_fraud_offenses_hacking_computer_invasion,arrestee_american_indian_prostitution_offenses_purchasing_prostitution,arrestee_american_indian_animal_cruelty,arrestee_hispanic_fraud_offenses_identity_theft,arrestee_hispanic_fraud_offenses_hacking_computer_invasion,arrestee_unknown_ethnicity_animal_cruelty,arrestee_hispanic_animal_cruelty,arrestee_unknown_ethnicity_fraud_offenses_hacking_computer_invasion,arrestee_juvenile_animal_cruelty,arrestee_juvenile_fraud_offenses_identity_theft,arrestee_unknown_age_fraud_offenses_identity_theft,arrestee_juvenile_fraud_offenses_hacking_computer_invasion,arrestee_summoned_cited_fraud_offenses_hacking_computer_invasion,arrestee_taken_into_custody_animal_cruelty,arrestee_on_view_arrest_animal_cruelty,arrestee_on_view_arrest_fraud_offenses_hacking_computer_invasion,arrestee_summoned_cited_human_trafficking_commercial_sex_acts,victim_male_human_trafficking_involuntary_servitude,victim_male_animal_cruelty,victim_unknown_sex_fraud_offenses_hacking_computer_invasion,victim_unknown_race_animal_cruelty,victim_black_fraud_offenses_hacking_computer_invasion,victim_unknown_race_fraud_offenses_hacking_computer_invasion,victim_asian_fraud_offenses_hacking_computer_invasion,victim_american_indian_fraud_offenses_hacking_computer_invasion,victim_american_indian_human_trafficking_commercial_sex_acts,victim_hispanic_human_trafficking_involuntary_servitude,victim_hispanic_fraud_offenses_hacking_computer_invasion,victim_unknown_ethnicity_animal_cruelty,victim_unknown_ethnicity_fraud_offenses_hacking_computer_invasion,victim_juvenile_animal_cruelty,victim_unknown_age_fraud_offenses_hacking_computer_invasion,victim_stranger_fraud_offenses_identity_theft,victim_unknown_relationship_animal_cruelty,victim_intimate_partner_fraud_offenses_identity_theft,victim_stranger_fraud_offenses_hacking_computer_invasion,victim_other_relationship_fraud_offenses_hacking_computer_invasion,victim_other_family_human_trafficking_involuntary_servitude,victim_intimate_partner_fraud_offenses_hacking_computer_invasion,offense_other_unknown_gun_human_trafficking_involuntary_servitude,offense_extradition_denied_animal_cruelty,offense_death_of_suspect_bribery,offense_prosecution_declined_human_trafficking_involuntary_servitude,offense_juvenile_no_custody_fraud_offenses_identity_theft,offense_cleared_by_arrest_justifiable_homicide_not_a_crime,offense_death_of_suspect_animal_cruelty,offense_bar_nightclub_animal_cruelty,offense_bar_nightclub_fraud_offenses_hacking_computer_invasion,offender_unknown_sex_justifiable_homicide_not_a_crime,offender_american_indian_human_trafficking_commercial_sex_acts,offender_unknown_race_justifiable_homicide_not_a_crime,arrestee_asian_animal_cruelty,arrestee_asian_fraud_offenses_hacking_computer_invasion,arrestee_american_indian_human_trafficking_commercial_sex_acts,arrestee_unknown_ethnicity_human_trafficking_involuntary_servitude,arrestee_juvenile_human_trafficking_involuntary_servitude,arrestee_juvenile_prostitution_offenses_purchasing_prostitution,arrestee_juvenile_human_trafficking_commercial_sex_acts,arrestee_summoned_cited_human_trafficking_involuntary_servitude,victim_unknown_age_human_trafficking_involuntary_servitude,victim_other_family_fraud_offenses_hacking_computer_invasion,offense_juvenile_no_custody_fraud_offenses_hacking_computer_invasion,offense_school_human_trafficking_involuntary_servitude,arrestee_p_peeping_tom,arrestee_unknown_race_fraud_offenses_hacking_computer_invasion,victim_american_indian_human_trafficking_involuntary_servitude,offense_juvenile_no_custody_human_trafficking_commercial_sex_acts,offense_juvenile_no_custody_bribery,offense_victim_refused_to_cooperate_justifiable_homicide_not_a_crime,arrestee_asian_human_trafficking_involuntary_servitude,arrestee_unknown_race_human_trafficking_involuntary_servitude,offense_commerce_violations_federal_liquor_offenses,offense_immigration_violations_illegal_entry_into_the_united_states,offense_juvenile_no_custody_justifiable_homicide_not_a_crime,offense_extradition_denied_human_trafficking_involuntary_servitude,offense_extradition_denied_prostitution_offenses_purchasing_prostitution,offense_death_of_suspect_fraud_offenses_hacking_computer_invasion,offense_cleared_by_arrest_commerce_violations_federal_liquor_offenses,not_cleared_commerce_violations_federal_liquor_offenses,not_cleared_immigration_violations_illegal_entry_into_the_united_states,offense_death_of_suspect_human_trafficking_commercial_sex_acts,offense_other_unknown_location_commerce_violations_federal_liquor_offenses,offense_other_unknown_location_immigration_violations_illegal_entry_into_the_united_states,offender_commerce_violations_federal_liquor_offenses,offender_immigration_violations_illegal_entry_into_the_united_states,offender_female_commerce_violations_federal_liquor_offenses,offender_male_commerce_violations_federal_liquor_offenses,offender_unknown_sex_commerce_violations_federal_liquor_offenses,offender_male_immigration_violations_illegal_entry_into_the_united_states,offender_black_commerce_violations_federal_liquor_offenses,offender_unknown_race_commerce_violations_federal_liquor_offenses,offender_white_commerce_violations_federal_liquor_offenses,offender_white_immigration_violations_illegal_entry_into_the_united_states,offender_adult_commerce_violations_federal_liquor_offenses,offender_unknown_age_commerce_violations_federal_liquor_offenses,offender_adult_immigration_violations_illegal_entry_into_the_united_states,arrestee_failure_to_appear,arrestee_commerce_violations_federal_liquor_offenses,arrestee_f_failure_to_appear,arrestee_male_commerce_violations_federal_liquor_offenses,arrestee_i_failure_to_appear,arrestee_black_commerce_violations_federal_liquor_offenses,arrestee_white_commerce_violations_federal_liquor_offenses,arrestee_n_failure_to_appear,arrestee_unknown_ethnicity_commerce_violations_federal_liquor_offenses,arrestee_unknown_age_prostitution_offenses_purchasing_prostitution,arrestee_adult_failure_to_appear,arrestee_adult_commerce_violations_federal_liquor_offenses,arrestee_taken_into_custody_failure_to_appear,arrestee_summoned_cited_commerce_violations_federal_liquor_offenses,victim_commerce_violations_federal_liquor_offenses,victim_immigration_violations_illegal_entry_into_the_united_states,offense_weapon_law_violations_explosives,offense_sex_offenses_failure_to_register_as_a_sex_offender,offense_fugitive_offenses_flight_to_avoid_prosecution,offense_fugitive_offenses_harboring_escappee_concealing_from_arrest,offense_fugitive_offenses_flight_to_avoid_deportation,offense_commerce_violations_federal_tobacco_offenses,offense_weapon_law_violations_violation_of_national_firearm_act_of_1934,offense_no_gun_weapon_law_violations_explosives,offense_other_unknown_gun_weapon_law_violations_violation_of_national_firearm_act_of_1934,not_cleared_weapon_law_violations_explosives,not_cleared_sex_offenses_failure_to_register_as_a_sex_offender,offense_cleared_by_arrest_fugitive_offenses_flight_to_avoid_prosecution,offense_cleared_by_arrest_fugitive_offenses_harboring_escappee_concealing_from_arrest,offense_cleared_by_arrest_sex_offenses_failure_to_register_as_a_sex_offender,offense_juvenile_no_custody_prostitution_offenses_purchasing_prostitution,offense_juvenile_no_custody_weapon_law_violations_explosives,offense_juvenile_no_custody_fugitive_offenses_flight_to_avoid_deportation,offense_extradition_denied_fugitive_offenses_flight_to_avoid_prosecution,not_cleared_fugitive_offenses_flight_to_avoid_prosecution,offense_juvenile_no_custody_gambling_offenses_gambling_equipment_violations,offense_extradition_denied_commerce_violations_federal_liquor_offenses,offense_juvenile_no_custody_commerce_violations_federal_liquor_offenses,offense_juvenile_no_custody_commerce_violations_federal_tobacco_offenses,offense_juvenile_no_custody_fugitive_offenses_flight_to_avoid_prosecution,not_cleared_weapon_law_violations_violation_of_national_firearm_act_of_1934,offense_home_commerce_violations_federal_liquor_offenses,offense_outside_commerce_violations_federal_liquor_offenses,offense_outside_weapon_law_violations_explosives,offense_other_unknown_location_sex_offenses_failure_to_register_as_a_sex_offender,offense_other_unknown_location_fugitive_offenses_flight_to_avoid_prosecution,offense_outside_fugitive_offenses_flight_to_avoid_prosecution,offense_other_unknown_location_fugitive_offenses_harboring_escappee_concealing_from_arrest,offense_home_sex_offenses_failure_to_register_as_a_sex_offender,offense_school_sex_offenses_failure_to_register_as_a_sex_offender,offense_school_weapon_law_violations_explosives,offense_outside_fugitive_offenses_flight_to_avoid_deportation,offense_bar_nightclub_commerce_violations_federal_liquor_offenses,offense_school_commerce_violations_federal_liquor_offenses,offense_school_commerce_violations_federal_tobacco_offenses,offense_home_fugitive_offenses_flight_to_avoid_prosecution,offense_school_fugitive_offenses_flight_to_avoid_prosecution,offense_other_unknown_location_weapon_law_violations_explosives,offense_home_weapon_law_violations_violation_of_national_firearm_act_of_1934,offense_buy_possess_consume_weapon_law_violations_explosives,offense_sell_create_assist_weapon_law_violations_explosives,offense_buy_possess_consume_weapon_law_violations_violation_of_national_firearm_act_of_1934,offender_weapon_law_violations_explosives,offender_sex_offenses_failure_to_register_as_a_sex_offender,offender_fugitive_offenses_flight_to_avoid_prosecution,offender_fugitive_offenses_harboring_escappee_concealing_from_arrest,offender_fugitive_offenses_flight_to_avoid_deportation,offender_commerce_violations_federal_tobacco_offenses,offender_weapon_law_violations_violation_of_national_firearm_act_of_1934,offender_unknown_sex_weapon_law_violations_explosives,offender_male_sex_offenses_failure_to_register_as_a_sex_offender,offender_female_fugitive_offenses_flight_to_avoid_prosecution,offender_male_fugitive_offenses_flight_to_avoid_prosecution,offender_female_fugitive_offenses_harboring_escappee_concealing_from_arrest,offender_female_sex_offenses_failure_to_register_as_a_sex_offender,offender_male_weapon_law_violations_explosives,offender_male_fugitive_offenses_flight_to_avoid_deportation,offender_unknown_sex_fugitive_offenses_flight_to_avoid_prosecution,offender_female_immigration_violations_illegal_entry_into_the_united_states,offender_unknown_sex_immigration_violations_illegal_entry_into_the_united_states,offender_male_commerce_violations_federal_tobacco_offenses,offender_female_weapon_law_violations_explosives,offender_unknown_sex_weapon_law_violations_violation_of_national_firearm_act_of_1934,offender_american_indian_commerce_violations_federal_liquor_offenses,offender_unknown_race_weapon_law_violations_explosives,offender_american_indian_sex_offenses_failure_to_register_as_a_sex_offender,offender_american_indian_fugitive_offenses_flight_to_avoid_prosecution,offender_asian_fugitive_offenses_flight_to_avoid_prosecution,offender_black_fugitive_offenses_flight_to_avoid_prosecution,offender_white_fugitive_offenses_flight_to_avoid_prosecution,offender_white_fugitive_offenses_harboring_escappee_concealing_from_arrest,offender_unknown_race_sex_offenses_failure_to_register_as_a_sex_offender,offender_american_indian_weapon_law_violations_explosives,offender_white_fugitive_offenses_flight_to_avoid_deportation,offender_unknown_race_fugitive_offenses_flight_to_avoid_prosecution,offender_unknown_race_immigration_violations_illegal_entry_into_the_united_states,offender_american_indian_commerce_violations_federal_tobacco_offenses,offender_unknown_race_weapon_law_violations_violation_of_national_firearm_act_of_1934,offender_unknown_age_weapon_law_violations_explosives,offender_adult_sex_offenses_failure_to_register_as_a_sex_offender,offender_adult_fugitive_offenses_flight_to_avoid_prosecution,offender_adult_fugitive_offenses_harboring_escappee_concealing_from_arrest,offender_juvenile_weapon_law_violations_explosives,offender_juvenile_fugitive_offenses_flight_to_avoid_deportation,offender_unknown_age_fugitive_offenses_flight_to_avoid_prosecution,offender_juvenile_commerce_violations_federal_liquor_offenses,offender_unknown_age_immigration_violations_illegal_entry_into_the_united_states,offender_juvenile_commerce_violations_federal_tobacco_offenses,offender_juvenile_fugitive_offenses_flight_to_avoid_prosecution,offender_adult_weapon_law_violations_explosives,offender_unknown_age_weapon_law_violations_violation_of_national_firearm_act_of_1934,arrestee_federal_resource_violations,arrestee_fugitive_offenses_flight_to_avoid_prosecution,arrestee_fugitive_offenses_harboring_escappee_concealing_from_arrest,arrestee_sex_offenses_failure_to_register_as_a_sex_offender,arrestee_female_failure_to_appear,arrestee_male_failure_to_appear,arrestee_male_federal_resource_violations,arrestee_female_fugitive_offenses_flight_to_avoid_prosecution,arrestee_male_fugitive_offenses_flight_to_avoid_prosecution,arrestee_female_fugitive_offenses_harboring_escappee_concealing_from_arrest,arrestee_male_sex_offenses_failure_to_register_as_a_sex_offender,arrestee_female_sex_offenses_failure_to_register_as_a_sex_offender,arrestee_female_federal_resource_violations,arrestee_f_federal_resource_violations,arrestee_american_indian_commerce_violations_federal_liquor_offenses,arrestee_american_indian_failure_to_appear,arrestee_i_federal_resource_violations,arrestee_b_failure_to_appear,arrestee_black_failure_to_appear,arrestee_w_failure_to_appear,arrestee_white_failure_to_appear,arrestee_w_federal_resource_violations,arrestee_a_failure_to_appear,arrestee_p_failure_to_appear,arrestee_american_indian_fugitive_offenses_flight_to_avoid_prosecution,arrestee_asian_fugitive_offenses_flight_to_avoid_prosecution,arrestee_black_fugitive_offenses_flight_to_avoid_prosecution,arrestee_white_fugitive_offenses_flight_to_avoid_prosecution,arrestee_white_fugitive_offenses_harboring_escappee_concealing_from_arrest,arrestee_u_failure_to_appear.x,arrestee_unknown_race_sex_offenses_failure_to_register_as_a_sex_offender,arrestee_american_indian_sex_offenses_failure_to_register_as_a_sex_offender,arrestee_american_indian_federal_resource_violations,arrestee_unknown_race_failure_to_appear,arrestee_h_failure_to_appear,arrestee_not_hispanic_failure_to_appear,arrestee_n_federal_resource_violations,arrestee_hispanic_failure_to_appear,arrestee_h_federal_resource_violations,arrestee_u_federal_resource_violations,arrestee_hispanic_fugitive_offenses_flight_to_avoid_prosecution,arrestee_not_hispanic_fugitive_offenses_flight_to_avoid_prosecution,arrestee_hispanic_fugitive_offenses_harboring_escappee_concealing_from_arrest,arrestee_u_failure_to_appear.y,arrestee_unknown_ethnicity_failure_to_appear,arrestee_unknown_ethnicity_sex_offenses_failure_to_register_as_a_sex_offender,arrestee_not_hispanic_sex_offenses_failure_to_register_as_a_sex_offender,arrestee_unknown_ethnicity_fugitive_offenses_flight_to_avoid_prosecution,arrestee_not_hispanic_federal_resource_violations,arrestee_not_hispanic_commerce_violations_federal_liquor_offenses,arrestee_unknown_ethnicity_federal_resource_violations,arrestee_unknown_age_animal_cruelty,arrestee_juvenile_failure_to_appear,arrestee_adult_federal_resource_violations,arrestee_adult_fugitive_offenses_flight_to_avoid_prosecution,arrestee_adult_fugitive_offenses_harboring_escappee_concealing_from_arrest,arrestee_adult_sex_offenses_failure_to_register_as_a_sex_offender,arrestee_unknown_age_failure_to_appear,arrestee_taken_into_custody_commerce_violations_federal_liquor_offenses,arrestee_on_view_arrest_failure_to_appear,arrestee_on_view_arrest_federal_resource_violations,arrestee_taken_into_custody_federal_resource_violations,arrestee_summoned_cited_federal_resource_violations,arrestee_taken_into_custody_fugitive_offenses_flight_to_avoid_prosecution,arrestee_taken_into_custody_fugitive_offenses_harboring_escappee_concealing_from_arrest,arrestee_taken_into_custody_sex_offenses_failure_to_register_as_a_sex_offender,arrestee_summoned_cited_failure_to_appear,arrestee_on_view_arrest_fugitive_offenses_flight_to_avoid_prosecution,arrestee_on_view_arrest_sex_offenses_failure_to_register_as_a_sex_offender,arrestee_summoned_cited_sex_offenses_failure_to_register_as_a_sex_offender,arrestee_summoned_cited_fugitive_offenses_flight_to_avoid_prosecution,victim_weapon_law_violations_explosives,victim_sex_offenses_failure_to_register_as_a_sex_offender,victim_fugitive_offenses_flight_to_avoid_prosecution,victim_fugitive_offenses_harboring_escappee_concealing_from_arrest,victim_fugitive_offenses_flight_to_avoid_deportation,victim_commerce_violations_federal_tobacco_offenses,victim_weapon_law_violations_violation_of_national_firearm_act_of_1934,offense_fraud_offenses_money_laundering,not_cleared_fugitive_offenses_harboring_escappee_concealing_from_arrest,not_cleared_fraud_offenses_money_laundering,offense_prosecution_declined_sex_offenses_failure_to_register_as_a_sex_offender,offense_extradition_denied_weapon_law_violations_explosives,offense_cleared_by_arrest_immigration_violations_illegal_entry_into_the_united_states,offense_juvenile_no_custody_human_trafficking_involuntary_servitude,offense_extradition_denied_fugitive_offenses_flight_to_avoid_deportation,offense_cleared_by_arrest_weapon_law_violations_violation_of_national_firearm_act_of_1934,offense_home_fugitive_offenses_harboring_escappee_concealing_from_arrest,offense_outside_sex_offenses_failure_to_register_as_a_sex_offender,offense_home_fraud_offenses_money_laundering,offense_outside_fraud_offenses_money_laundering,offense_outside_immigration_violations_illegal_entry_into_the_united_states,offense_other_unknown_location_fraud_offenses_money_laundering,offense_outside_weapon_law_violations_violation_of_national_firearm_act_of_1934,offender_fraud_offenses_money_laundering,offender_male_fugitive_offenses_harboring_escappee_concealing_from_arrest,offender_female_fraud_offenses_money_laundering,offender_male_fraud_offenses_money_laundering,offender_unknown_sex_fraud_offenses_money_laundering,offender_male_weapon_law_violations_violation_of_national_firearm_act_of_1934,offender_american_indian_fugitive_offenses_harboring_escappee_concealing_from_arrest,offender_black_fraud_offenses_money_laundering,offender_unknown_race_fraud_offenses_money_laundering,offender_white_fraud_offenses_money_laundering,offender_black_sex_offenses_failure_to_register_as_a_sex_offender,offender_white_sex_offenses_failure_to_register_as_a_sex_offender,offender_white_weapon_law_violations_explosives,offender_black_immigration_violations_illegal_entry_into_the_united_states,offender_american_indian_weapon_law_violations_violation_of_national_firearm_act_of_1934,offender_adult_fraud_offenses_money_laundering,offender_unknown_age_fraud_offenses_money_laundering,offender_adult_fugitive_offenses_flight_to_avoid_deportation,offender_adult_weapon_law_violations_violation_of_national_firearm_act_of_1934,arrestee_immigration_violations_illegal_entry_into_the_united_states,arrestee_weapon_law_violations_explosives,arrestee_perjury,arrestee_female_commerce_violations_federal_liquor_offenses,arrestee_male_immigration_violations_illegal_entry_into_the_united_states,arrestee_male_weapon_law_violations_explosives,arrestee_female_perjury,arrestee_male_perjury,arrestee_white_sex_offenses_failure_to_register_as_a_sex_offender,arrestee_black_immigration_violations_illegal_entry_into_the_united_states,arrestee_american_indian_weapon_law_violations_explosives,arrestee_american_indian_fugitive_offenses_harboring_escappee_concealing_from_arrest,arrestee_american_indian_perjury,arrestee_i_perjury,arrestee_hispanic_immigration_violations_illegal_entry_into_the_united_states,arrestee_not_hispanic_weapon_law_violations_explosives,arrestee_not_hispanic_fugitive_offenses_harboring_escappee_concealing_from_arrest,arrestee_n_perjury,arrestee_not_hispanic_perjury,arrestee_unknown_age_commerce_violations_federal_liquor_offenses,arrestee_juvenile_fugitive_offenses_flight_to_avoid_prosecution,arrestee_adult_immigration_violations_illegal_entry_into_the_united_states,arrestee_juvenile_weapon_law_violations_explosives,arrestee_adult_perjury,arrestee_on_view_arrest_commerce_violations_federal_liquor_offenses,arrestee_taken_into_custody_immigration_violations_illegal_entry_into_the_united_states,arrestee_taken_into_custody_weapon_law_violations_explosives,arrestee_taken_into_custody_perjury,victim_fraud_offenses_money_laundering,offense_buy_possess_consume_animal_cruelty,offense_sell_create_assist_animal_cruelty,victim_unknown_injury_assault_offenses_aggravated_assault,offense_commerce_violations_export_violations,offense_extradition_denied_commerce_violations_export_violations,not_cleared_commerce_violations_export_violations,offense_prosecution_declined_commerce_violations_export_violations,offense_victim_refused_to_cooperate_commerce_violations_export_violations,offense_cleared_by_arrest_commerce_violations_export_violations,offense_juvenile_no_custody_commerce_violations_export_violations,offense_death_of_suspect_commerce_violations_export_violations,offense_home_commerce_violations_export_violations,offense_other_unknown_location_commerce_violations_export_violations,offense_outside_commerce_violations_export_violations,offense_school_commerce_violations_export_violations,offense_bar_nightclub_commerce_violations_export_violations,offender_commerce_violations_export_violations,offender_female_commerce_violations_export_violations,offender_male_commerce_violations_export_violations,offender_unknown_sex_commerce_violations_export_violations,offender_asian_commerce_violations_export_violations,offender_black_commerce_violations_export_violations,offender_unknown_race_commerce_violations_export_violations,offender_white_commerce_violations_export_violations,offender_american_indian_commerce_violations_export_violations,offender_adult_commerce_violations_export_violations,offender_juvenile_commerce_violations_export_violations,offender_unknown_age_commerce_violations_export_violations,arrestee_commerce_violations_export_violations,arrestee_male_commerce_violations_export_violations,arrestee_female_commerce_violations_export_violations,arrestee_white_commerce_violations_export_violations,arrestee_black_commerce_violations_export_violations,arrestee_american_indian_commerce_violations_export_violations,arrestee_asian_commerce_violations_export_violations,arrestee_unknown_race_commerce_violations_export_violations,arrestee_unknown_ethnicity_commerce_violations_export_violations,arrestee_not_hispanic_commerce_violations_export_violations,arrestee_hispanic_commerce_violations_export_violations,arrestee_adult_commerce_violations_export_violations,arrestee_juvenile_commerce_violations_export_violations,arrestee_unknown_age_commerce_violations_export_violations,arrestee_on_view_arrest_commerce_violations_export_violations,arrestee_taken_into_custody_commerce_violations_export_violations,arrestee_summoned_cited_commerce_violations_export_violations,offense_prosecution_declined_commerce_violations_federal_liquor_offenses,offense_victim_refused_to_cooperate_commerce_violations_federal_liquor_offenses,offense_death_of_suspect_commerce_violations_federal_liquor_offenses,offender_asian_commerce_violations_federal_liquor_offenses,arrestee_asian_commerce_violations_federal_liquor_offenses,arrestee_unknown_race_commerce_violations_federal_liquor_offenses,arrestee_hispanic_commerce_violations_federal_liquor_offenses,arrestee_juvenile_commerce_violations_federal_liquor_offenses,offense_extradition_denied_commerce_violations_federal_tobacco_offenses,not_cleared_commerce_violations_federal_tobacco_offenses,offense_prosecution_declined_commerce_violations_federal_tobacco_offenses,offense_victim_refused_to_cooperate_commerce_violations_federal_tobacco_offenses,offense_cleared_by_arrest_commerce_violations_federal_tobacco_offenses,offense_death_of_suspect_commerce_violations_federal_tobacco_offenses,offense_home_commerce_violations_federal_tobacco_offenses,offense_other_unknown_location_commerce_violations_federal_tobacco_offenses,offense_outside_commerce_violations_federal_tobacco_offenses,offense_bar_nightclub_commerce_violations_federal_tobacco_offenses,offender_female_commerce_violations_federal_tobacco_offenses,offender_unknown_sex_commerce_violations_federal_tobacco_offenses,offender_asian_commerce_violations_federal_tobacco_offenses,offender_black_commerce_violations_federal_tobacco_offenses,offender_unknown_race_commerce_violations_federal_tobacco_offenses,offender_white_commerce_violations_federal_tobacco_offenses,offender_adult_commerce_violations_federal_tobacco_offenses,offender_unknown_age_commerce_violations_federal_tobacco_offenses,arrestee_commerce_violations_federal_tobacco_offenses,arrestee_male_commerce_violations_federal_tobacco_offenses,arrestee_female_commerce_violations_federal_tobacco_offenses,arrestee_white_commerce_violations_federal_tobacco_offenses,arrestee_black_commerce_violations_federal_tobacco_offenses,arrestee_american_indian_commerce_violations_federal_tobacco_offenses,arrestee_asian_commerce_violations_federal_tobacco_offenses,arrestee_unknown_race_commerce_violations_federal_tobacco_offenses,arrestee_unknown_ethnicity_commerce_violations_federal_tobacco_offenses,arrestee_not_hispanic_commerce_violations_federal_tobacco_offenses,arrestee_hispanic_commerce_violations_federal_tobacco_offenses,arrestee_adult_commerce_violations_federal_tobacco_offenses,arrestee_juvenile_commerce_violations_federal_tobacco_offenses,arrestee_unknown_age_commerce_violations_federal_tobacco_offenses,arrestee_on_view_arrest_commerce_violations_federal_tobacco_offenses,arrestee_taken_into_custody_commerce_violations_federal_tobacco_offenses,arrestee_summoned_cited_commerce_violations_federal_tobacco_offenses,offense_commerce_violations_import_violations,offense_extradition_denied_commerce_violations_import_violations,not_cleared_commerce_violations_import_violations,offense_prosecution_declined_commerce_violations_import_violations,offense_victim_refused_to_cooperate_commerce_violations_import_violations,offense_cleared_by_arrest_commerce_violations_import_violations,offense_juvenile_no_custody_commerce_violations_import_violations,offense_death_of_suspect_commerce_violations_import_violations,offense_home_commerce_violations_import_violations,offense_other_unknown_location_commerce_violations_import_violations,offense_outside_commerce_violations_import_violations,offense_school_commerce_violations_import_violations,offense_bar_nightclub_commerce_violations_import_violations,offender_commerce_violations_import_violations,offender_female_commerce_violations_import_violations,offender_male_commerce_violations_import_violations,offender_unknown_sex_commerce_violations_import_violations,offender_asian_commerce_violations_import_violations,offender_black_commerce_violations_import_violations,offender_unknown_race_commerce_violations_import_violations,offender_white_commerce_violations_import_violations,offender_american_indian_commerce_violations_import_violations,offender_adult_commerce_violations_import_violations,offender_juvenile_commerce_violations_import_violations,offender_unknown_age_commerce_violations_import_violations,arrestee_commerce_violations_import_violations,arrestee_male_commerce_violations_import_violations,arrestee_female_commerce_violations_import_violations,arrestee_white_commerce_violations_import_violations,arrestee_black_commerce_violations_import_violations,arrestee_american_indian_commerce_violations_import_violations,arrestee_asian_commerce_violations_import_violations,arrestee_unknown_race_commerce_violations_import_violations,arrestee_unknown_ethnicity_commerce_violations_import_violations,arrestee_not_hispanic_commerce_violations_import_violations,arrestee_hispanic_commerce_violations_import_violations,arrestee_adult_commerce_violations_import_violations,arrestee_juvenile_commerce_violations_import_violations,arrestee_unknown_age_commerce_violations_import_violations,arrestee_on_view_arrest_commerce_violations_import_violations,arrestee_taken_into_custody_commerce_violations_import_violations,arrestee_summoned_cited_commerce_violations_import_violations,offense_commerce_violations_wildlife_trafficking,offense_extradition_denied_commerce_violations_wildlife_trafficking,not_cleared_commerce_violations_wildlife_trafficking,offense_prosecution_declined_commerce_violations_wildlife_trafficking,offense_victim_refused_to_cooperate_commerce_violations_wildlife_trafficking,offense_cleared_by_arrest_commerce_violations_wildlife_trafficking,offense_juvenile_no_custody_commerce_violations_wildlife_trafficking,offense_death_of_suspect_commerce_violations_wildlife_trafficking,offense_home_commerce_violations_wildlife_trafficking,offense_other_unknown_location_commerce_violations_wildlife_trafficking,offense_outside_commerce_violations_wildlife_trafficking,offense_school_commerce_violations_wildlife_trafficking,offense_bar_nightclub_commerce_violations_wildlife_trafficking,offender_commerce_violations_wildlife_trafficking,offender_female_commerce_violations_wildlife_trafficking,offender_male_commerce_violations_wildlife_trafficking,offender_unknown_sex_commerce_violations_wildlife_trafficking,offender_asian_commerce_violations_wildlife_trafficking,offender_black_commerce_violations_wildlife_trafficking,offender_unknown_race_commerce_violations_wildlife_trafficking,offender_white_commerce_violations_wildlife_trafficking,offender_american_indian_commerce_violations_wildlife_trafficking,offender_adult_commerce_violations_wildlife_trafficking,offender_juvenile_commerce_violations_wildlife_trafficking,offender_unknown_age_commerce_violations_wildlife_trafficking,arrestee_commerce_violations_wildlife_trafficking,arrestee_male_commerce_violations_wildlife_trafficking,arrestee_female_commerce_violations_wildlife_trafficking,arrestee_white_commerce_violations_wildlife_trafficking,arrestee_black_commerce_violations_wildlife_trafficking,arrestee_american_indian_commerce_violations_wildlife_trafficking,arrestee_asian_commerce_violations_wildlife_trafficking,arrestee_unknown_race_commerce_violations_wildlife_trafficking,arrestee_unknown_ethnicity_commerce_violations_wildlife_trafficking,arrestee_not_hispanic_commerce_violations_wildlife_trafficking,arrestee_hispanic_commerce_violations_wildlife_trafficking,arrestee_adult_commerce_violations_wildlife_trafficking,arrestee_juvenile_commerce_violations_wildlife_trafficking,arrestee_unknown_age_commerce_violations_wildlife_trafficking,arrestee_on_view_arrest_commerce_violations_wildlife_trafficking,arrestee_taken_into_custody_commerce_violations_wildlife_trafficking,arrestee_summoned_cited_commerce_violations_wildlife_trafficking,offense_espionage,offense_extradition_denied_espionage,not_cleared_espionage,offense_prosecution_declined_espionage,offense_victim_refused_to_cooperate_espionage,offense_cleared_by_arrest_espionage,offense_juvenile_no_custody_espionage,offense_death_of_suspect_espionage,offense_home_espionage,offense_other_unknown_location_espionage,offense_outside_espionage,offense_school_espionage,offense_bar_nightclub_espionage,offender_espionage,offender_female_espionage,offender_male_espionage,offender_unknown_sex_espionage,offender_asian_espionage,offender_black_espionage,offender_unknown_race_espionage,offender_white_espionage,offender_american_indian_espionage,offender_adult_espionage,offender_juvenile_espionage,offender_unknown_age_espionage,arrestee_espionage,arrestee_male_espionage,arrestee_female_espionage,arrestee_white_espionage,arrestee_black_espionage,arrestee_american_indian_espionage,arrestee_asian_espionage,arrestee_unknown_race_espionage,arrestee_unknown_ethnicity_espionage,arrestee_not_hispanic_espionage,arrestee_hispanic_espionage,arrestee_adult_espionage,arrestee_juvenile_espionage,arrestee_unknown_age_espionage,arrestee_on_view_arrest_espionage,arrestee_taken_into_custody_espionage,arrestee_summoned_cited_espionage,offense_failure_to_appear,offense_extradition_denied_failure_to_appear,not_cleared_failure_to_appear,offense_prosecution_declined_failure_to_appear,offense_victim_refused_to_cooperate_failure_to_appear,offense_cleared_by_arrest_failure_to_appear,offense_juvenile_no_custody_failure_to_appear,offense_death_of_suspect_failure_to_appear,offense_home_failure_to_appear,offense_other_unknown_location_failure_to_appear,offense_outside_failure_to_appear,offense_school_failure_to_appear,offense_bar_nightclub_failure_to_appear,offender_failure_to_appear,offender_female_failure_to_appear,offender_male_failure_to_appear,offender_unknown_sex_failure_to_appear,offender_asian_failure_to_appear,offender_black_failure_to_appear,offender_unknown_race_failure_to_appear,offender_white_failure_to_appear,offender_american_indian_failure_to_appear,offender_adult_failure_to_appear,offender_juvenile_failure_to_appear,offender_unknown_age_failure_to_appear,arrestee_asian_failure_to_appear,victim_failure_to_appear,victim_female_failure_to_appear,victim_male_failure_to_appear,victim_unknown_sex_failure_to_appear,victim_asian_failure_to_appear,victim_black_failure_to_appear,victim_unknown_race_failure_to_appear,victim_white_failure_to_appear,victim_american_indian_failure_to_appear,victim_unknown_ethnicity_failure_to_appear,victim_not_hispanic_failure_to_appear,victim_hispanic_failure_to_appear,victim_adult_failure_to_appear,victim_juvenile_failure_to_appear,victim_unknown_age_failure_to_appear,victim_unknown_relationship_failure_to_appear,victim_other_family_failure_to_appear,victim_intimate_partner_failure_to_appear,victim_stranger_failure_to_appear,victim_other_relationship_failure_to_appear,offense_federal_resource_violations,offense_extradition_denied_federal_resource_violations,not_cleared_federal_resource_violations,offense_prosecution_declined_federal_resource_violations,offense_victim_refused_to_cooperate_federal_resource_violations,offense_cleared_by_arrest_federal_resource_violations,offense_juvenile_no_custody_federal_resource_violations,offense_death_of_suspect_federal_resource_violations,offense_home_federal_resource_violations,offense_other_unknown_location_federal_resource_violations,offense_outside_federal_resource_violations,offense_school_federal_resource_violations,offense_bar_nightclub_federal_resource_violations,offender_federal_resource_violations,offender_female_federal_resource_violations,offender_male_federal_resource_violations,offender_unknown_sex_federal_resource_violations,offender_asian_federal_resource_violations,offender_black_federal_resource_violations,offender_unknown_race_federal_resource_violations,offender_white_federal_resource_violations,offender_american_indian_federal_resource_violations,offender_adult_federal_resource_violations,offender_juvenile_federal_resource_violations,offender_unknown_age_federal_resource_violations,arrestee_white_federal_resource_violations,arrestee_black_federal_resource_violations,arrestee_asian_federal_resource_violations,arrestee_unknown_race_federal_resource_violations,arrestee_hispanic_federal_resource_violations,arrestee_juvenile_federal_resource_violations,arrestee_unknown_age_federal_resource_violations,victim_federal_resource_violations,victim_female_federal_resource_violations,victim_male_federal_resource_violations,victim_unknown_sex_federal_resource_violations,victim_asian_federal_resource_violations,victim_black_federal_resource_violations,victim_unknown_race_federal_resource_violations,victim_white_federal_resource_violations,victim_american_indian_federal_resource_violations,victim_unknown_ethnicity_federal_resource_violations,victim_not_hispanic_federal_resource_violations,victim_hispanic_federal_resource_violations,victim_adult_federal_resource_violations,victim_juvenile_federal_resource_violations,victim_unknown_age_federal_resource_violations,victim_unknown_relationship_federal_resource_violations,victim_other_family_federal_resource_violations,victim_intimate_partner_federal_resource_violations,victim_stranger_federal_resource_violations,victim_other_relationship_federal_resource_violations,arrestee_american_indian_fraud_offenses_hacking_computer_invasion,arrestee_unknown_age_fraud_offenses_hacking_computer_invasion,offense_extradition_denied_fraud_offenses_money_laundering,offense_prosecution_declined_fraud_offenses_money_laundering,offense_victim_refused_to_cooperate_fraud_offenses_money_laundering,offense_cleared_by_arrest_fraud_offenses_money_laundering,offense_juvenile_no_custody_fraud_offenses_money_laundering,offense_death_of_suspect_fraud_offenses_money_laundering,offense_school_fraud_offenses_money_laundering,offense_bar_nightclub_fraud_offenses_money_laundering,offender_asian_fraud_offenses_money_laundering,offender_american_indian_fraud_offenses_money_laundering,offender_juvenile_fraud_offenses_money_laundering,arrestee_fraud_offenses_money_laundering,arrestee_male_fraud_offenses_money_laundering,arrestee_female_fraud_offenses_money_laundering,arrestee_white_fraud_offenses_money_laundering,arrestee_black_fraud_offenses_money_laundering,arrestee_american_indian_fraud_offenses_money_laundering,arrestee_asian_fraud_offenses_money_laundering,arrestee_unknown_race_fraud_offenses_money_laundering,arrestee_unknown_ethnicity_fraud_offenses_money_laundering,arrestee_not_hispanic_fraud_offenses_money_laundering,arrestee_hispanic_fraud_offenses_money_laundering,arrestee_adult_fraud_offenses_money_laundering,arrestee_juvenile_fraud_offenses_money_laundering,arrestee_unknown_age_fraud_offenses_money_laundering,arrestee_on_view_arrest_fraud_offenses_money_laundering,arrestee_taken_into_custody_fraud_offenses_money_laundering,arrestee_summoned_cited_fraud_offenses_money_laundering,victim_female_fraud_offenses_money_laundering,victim_male_fraud_offenses_money_laundering,victim_unknown_sex_fraud_offenses_money_laundering,victim_asian_fraud_offenses_money_laundering,victim_black_fraud_offenses_money_laundering,victim_unknown_race_fraud_offenses_money_laundering,victim_white_fraud_offenses_money_laundering,victim_american_indian_fraud_offenses_money_laundering,victim_unknown_ethnicity_fraud_offenses_money_laundering,victim_not_hispanic_fraud_offenses_money_laundering,victim_hispanic_fraud_offenses_money_laundering,victim_adult_fraud_offenses_money_laundering,victim_juvenile_fraud_offenses_money_laundering,victim_unknown_age_fraud_offenses_money_laundering,victim_unknown_relationship_fraud_offenses_money_laundering,victim_other_family_fraud_offenses_money_laundering,victim_intimate_partner_fraud_offenses_money_laundering,victim_stranger_fraud_offenses_money_laundering,victim_other_relationship_fraud_offenses_money_laundering,not_cleared_fugitive_offenses_flight_to_avoid_deportation,offense_prosecution_declined_fugitive_offenses_flight_to_avoid_deportation,offense_victim_refused_to_cooperate_fugitive_offenses_flight_to_avoid_deportation,offense_cleared_by_arrest_fugitive_offenses_flight_to_avoid_deportation,offense_death_of_suspect_fugitive_offenses_flight_to_avoid_deportation,offense_home_fugitive_offenses_flight_to_avoid_deportation,offense_other_unknown_location_fugitive_offenses_flight_to_avoid_deportation,offense_school_fugitive_offenses_flight_to_avoid_deportation,offense_bar_nightclub_fugitive_offenses_flight_to_avoid_deportation,offender_female_fugitive_offenses_flight_to_avoid_deportation,offender_unknown_sex_fugitive_offenses_flight_to_avoid_deportation,offender_asian_fugitive_offenses_flight_to_avoid_deportation,offender_black_fugitive_offenses_flight_to_avoid_deportation,offender_unknown_race_fugitive_offenses_flight_to_avoid_deportation,offender_american_indian_fugitive_offenses_flight_to_avoid_deportation,offender_unknown_age_fugitive_offenses_flight_to_avoid_deportation,arrestee_fugitive_offenses_flight_to_avoid_deportation,arrestee_male_fugitive_offenses_flight_to_avoid_deportation,arrestee_female_fugitive_offenses_flight_to_avoid_deportation,arrestee_white_fugitive_offenses_flight_to_avoid_deportation,arrestee_black_fugitive_offenses_flight_to_avoid_deportation,arrestee_american_indian_fugitive_offenses_flight_to_avoid_deportation,arrestee_asian_fugitive_offenses_flight_to_avoid_deportation,arrestee_unknown_race_fugitive_offenses_flight_to_avoid_deportation,arrestee_unknown_ethnicity_fugitive_offenses_flight_to_avoid_deportation,arrestee_not_hispanic_fugitive_offenses_flight_to_avoid_deportation,arrestee_hispanic_fugitive_offenses_flight_to_avoid_deportation,arrestee_adult_fugitive_offenses_flight_to_avoid_deportation,arrestee_juvenile_fugitive_offenses_flight_to_avoid_deportation,arrestee_unknown_age_fugitive_offenses_flight_to_avoid_deportation,arrestee_on_view_arrest_fugitive_offenses_flight_to_avoid_deportation,arrestee_taken_into_custody_fugitive_offenses_flight_to_avoid_deportation,arrestee_summoned_cited_fugitive_offenses_flight_to_avoid_deportation,victim_female_fugitive_offenses_flight_to_avoid_deportation,victim_male_fugitive_offenses_flight_to_avoid_deportation,victim_unknown_sex_fugitive_offenses_flight_to_avoid_deportation,victim_asian_fugitive_offenses_flight_to_avoid_deportation,victim_black_fugitive_offenses_flight_to_avoid_deportation,victim_unknown_race_fugitive_offenses_flight_to_avoid_deportation,victim_white_fugitive_offenses_flight_to_avoid_deportation,victim_american_indian_fugitive_offenses_flight_to_avoid_deportation,victim_unknown_ethnicity_fugitive_offenses_flight_to_avoid_deportation,victim_not_hispanic_fugitive_offenses_flight_to_avoid_deportation,victim_hispanic_fugitive_offenses_flight_to_avoid_deportation,victim_adult_fugitive_offenses_flight_to_avoid_deportation,victim_juvenile_fugitive_offenses_flight_to_avoid_deportation,victim_unknown_age_fugitive_offenses_flight_to_avoid_deportation,victim_unknown_relationship_fugitive_offenses_flight_to_avoid_deportation,victim_other_family_fugitive_offenses_flight_to_avoid_deportation,victim_intimate_partner_fugitive_offenses_flight_to_avoid_deportation,victim_stranger_fugitive_offenses_flight_to_avoid_deportation,victim_other_relationship_fugitive_offenses_flight_to_avoid_deportation,offense_prosecution_declined_fugitive_offenses_flight_to_avoid_prosecution,offense_victim_refused_to_cooperate_fugitive_offenses_flight_to_avoid_prosecution,offense_death_of_suspect_fugitive_offenses_flight_to_avoid_prosecution,offense_bar_nightclub_fugitive_offenses_flight_to_avoid_prosecution,arrestee_unknown_race_fugitive_offenses_flight_to_avoid_prosecution,arrestee_unknown_age_fugitive_offenses_flight_to_avoid_prosecution,victim_female_fugitive_offenses_flight_to_avoid_prosecution,victim_male_fugitive_offenses_flight_to_avoid_prosecution,victim_unknown_sex_fugitive_offenses_flight_to_avoid_prosecution,victim_asian_fugitive_offenses_flight_to_avoid_prosecution,victim_black_fugitive_offenses_flight_to_avoid_prosecution,victim_unknown_race_fugitive_offenses_flight_to_avoid_prosecution,victim_white_fugitive_offenses_flight_to_avoid_prosecution,victim_american_indian_fugitive_offenses_flight_to_avoid_prosecution,victim_unknown_ethnicity_fugitive_offenses_flight_to_avoid_prosecution,victim_not_hispanic_fugitive_offenses_flight_to_avoid_prosecution,victim_hispanic_fugitive_offenses_flight_to_avoid_prosecution,victim_adult_fugitive_offenses_flight_to_avoid_prosecution,victim_juvenile_fugitive_offenses_flight_to_avoid_prosecution,victim_unknown_age_fugitive_offenses_flight_to_avoid_prosecution,victim_unknown_relationship_fugitive_offenses_flight_to_avoid_prosecution,victim_other_family_fugitive_offenses_flight_to_avoid_prosecution,victim_intimate_partner_fugitive_offenses_flight_to_avoid_prosecution,victim_stranger_fugitive_offenses_flight_to_avoid_prosecution,victim_other_relationship_fugitive_offenses_flight_to_avoid_prosecution,offense_extradition_denied_fugitive_offenses_harboring_escappee_concealing_from_arrest,offense_prosecution_declined_fugitive_offenses_harboring_escappee_concealing_from_arrest,offense_victim_refused_to_cooperate_fugitive_offenses_harboring_escappee_concealing_from_arrest,offense_juvenile_no_custody_fugitive_offenses_harboring_escappee_concealing_from_arrest,offense_death_of_suspect_fugitive_offenses_harboring_escappee_concealing_from_arrest,offense_outside_fugitive_offenses_harboring_escappee_concealing_from_arrest,offense_school_fugitive_offenses_harboring_escappee_concealing_from_arrest,offense_bar_nightclub_fugitive_offenses_harboring_escappee_concealing_from_arrest,offender_unknown_sex_fugitive_offenses_harboring_escappee_concealing_from_arrest,offender_asian_fugitive_offenses_harboring_escappee_concealing_from_arrest,offender_black_fugitive_offenses_harboring_escappee_concealing_from_arrest,offender_unknown_race_fugitive_offenses_harboring_escappee_concealing_from_arrest,offender_juvenile_fugitive_offenses_harboring_escappee_concealing_from_arrest,offender_unknown_age_fugitive_offenses_harboring_escappee_concealing_from_arrest,arrestee_male_fugitive_offenses_harboring_escappee_concealing_from_arrest,arrestee_black_fugitive_offenses_harboring_escappee_concealing_from_arrest,arrestee_asian_fugitive_offenses_harboring_escappee_concealing_from_arrest,arrestee_unknown_race_fugitive_offenses_harboring_escappee_concealing_from_arrest,arrestee_unknown_ethnicity_fugitive_offenses_harboring_escappee_concealing_from_arrest,arrestee_juvenile_fugitive_offenses_harboring_escappee_concealing_from_arrest,arrestee_unknown_age_fugitive_offenses_harboring_escappee_concealing_from_arrest,arrestee_on_view_arrest_fugitive_offenses_harboring_escappee_concealing_from_arrest,arrestee_summoned_cited_fugitive_offenses_harboring_escappee_concealing_from_arrest,offense_buy_possess_consume_fugitive_offenses_harboring_escappee_concealing_from_arrest,offense_sell_create_assist_fugitive_offenses_harboring_escappee_concealing_from_arrest,offense_extradition_denied_gambling_offenses_sports_tampering,offense_victim_refused_to_cooperate_gambling_offenses_sports_tampering,offense_juvenile_no_custody_gambling_offenses_sports_tampering,offense_death_of_suspect_gambling_offenses_sports_tampering,offender_american_indian_gambling_offenses_sports_tampering,arrestee_american_indian_gambling_offenses_sports_tampering,arrestee_unknown_race_gambling_offenses_sports_tampering,arrestee_unknown_age_gambling_offenses_sports_tampering,arrestee_unknown_age_human_trafficking_commercial_sex_acts,victim_unknown_injury_human_trafficking_commercial_sex_acts,offense_death_of_suspect_human_trafficking_involuntary_servitude,arrestee_unknown_age_human_trafficking_involuntary_servitude,victim_unknown_injury_human_trafficking_involuntary_servitude,offense_immigration_violations_false_citizenship,offense_extradition_denied_immigration_violations_false_citizenship,not_cleared_immigration_violations_false_citizenship,offense_prosecution_declined_immigration_violations_false_citizenship,offense_victim_refused_to_cooperate_immigration_violations_false_citizenship,offense_cleared_by_arrest_immigration_violations_false_citizenship,offense_juvenile_no_custody_immigration_violations_false_citizenship,offense_death_of_suspect_immigration_violations_false_citizenship,offense_home_immigration_violations_false_citizenship,offense_other_unknown_location_immigration_violations_false_citizenship,offense_outside_immigration_violations_false_citizenship,offense_school_immigration_violations_false_citizenship,offense_bar_nightclub_immigration_violations_false_citizenship,offender_immigration_violations_false_citizenship,offender_female_immigration_violations_false_citizenship,offender_male_immigration_violations_false_citizenship,offender_unknown_sex_immigration_violations_false_citizenship,offender_asian_immigration_violations_false_citizenship,offender_black_immigration_violations_false_citizenship,offender_unknown_race_immigration_violations_false_citizenship,offender_white_immigration_violations_false_citizenship,offender_american_indian_immigration_violations_false_citizenship,offender_adult_immigration_violations_false_citizenship,offender_juvenile_immigration_violations_false_citizenship,offender_unknown_age_immigration_violations_false_citizenship,arrestee_immigration_violations_false_citizenship,arrestee_male_immigration_violations_false_citizenship,arrestee_female_immigration_violations_false_citizenship,arrestee_white_immigration_violations_false_citizenship,arrestee_black_immigration_violations_false_citizenship,arrestee_american_indian_immigration_violations_false_citizenship,arrestee_asian_immigration_violations_false_citizenship,arrestee_unknown_race_immigration_violations_false_citizenship,arrestee_unknown_ethnicity_immigration_violations_false_citizenship,arrestee_not_hispanic_immigration_violations_false_citizenship,arrestee_hispanic_immigration_violations_false_citizenship,arrestee_adult_immigration_violations_false_citizenship,arrestee_juvenile_immigration_violations_false_citizenship,arrestee_unknown_age_immigration_violations_false_citizenship,arrestee_on_view_arrest_immigration_violations_false_citizenship,arrestee_taken_into_custody_immigration_violations_false_citizenship,arrestee_summoned_cited_immigration_violations_false_citizenship,offense_extradition_denied_immigration_violations_illegal_entry_into_the_united_states,offense_prosecution_declined_immigration_violations_illegal_entry_into_the_united_states,offense_victim_refused_to_cooperate_immigration_violations_illegal_entry_into_the_united_states,offense_juvenile_no_custody_immigration_violations_illegal_entry_into_the_united_states,offense_death_of_suspect_immigration_violations_illegal_entry_into_the_united_states,offense_home_immigration_violations_illegal_entry_into_the_united_states,offense_school_immigration_violations_illegal_entry_into_the_united_states,offense_bar_nightclub_immigration_violations_illegal_entry_into_the_united_states,offender_asian_immigration_violations_illegal_entry_into_the_united_states,offender_american_indian_immigration_violations_illegal_entry_into_the_united_states,offender_juvenile_immigration_violations_illegal_entry_into_the_united_states,arrestee_female_immigration_violations_illegal_entry_into_the_united_states,arrestee_white_immigration_violations_illegal_entry_into_the_united_states,arrestee_american_indian_immigration_violations_illegal_entry_into_the_united_states,arrestee_asian_immigration_violations_illegal_entry_into_the_united_states,arrestee_unknown_race_immigration_violations_illegal_entry_into_the_united_states,arrestee_unknown_ethnicity_immigration_violations_illegal_entry_into_the_united_states,arrestee_not_hispanic_immigration_violations_illegal_entry_into_the_united_states,arrestee_juvenile_immigration_violations_illegal_entry_into_the_united_states,arrestee_unknown_age_immigration_violations_illegal_entry_into_the_united_states,arrestee_on_view_arrest_immigration_violations_illegal_entry_into_the_united_states,arrestee_summoned_cited_immigration_violations_illegal_entry_into_the_united_states,offense_immigration_violations_re_entry_into_the_united_states,offense_extradition_denied_immigration_violations_re_entry_into_the_united_states,not_cleared_immigration_violations_re_entry_into_the_united_states,offense_prosecution_declined_immigration_violations_re_entry_into_the_united_states,offense_victim_refused_to_cooperate_immigration_violations_re_entry_into_the_united_states,offense_cleared_by_arrest_immigration_violations_re_entry_into_the_united_states,offense_juvenile_no_custody_immigration_violations_re_entry_into_the_united_states,offense_death_of_suspect_immigration_violations_re_entry_into_the_united_states,offense_home_immigration_violations_re_entry_into_the_united_states,offense_other_unknown_location_immigration_violations_re_entry_into_the_united_states,offense_outside_immigration_violations_re_entry_into_the_united_states,offense_school_immigration_violations_re_entry_into_the_united_states,offense_bar_nightclub_immigration_violations_re_entry_into_the_united_states,offender_immigration_violations_re_entry_into_the_united_states,offender_female_immigration_violations_re_entry_into_the_united_states,offender_male_immigration_violations_re_entry_into_the_united_states,offender_unknown_sex_immigration_violations_re_entry_into_the_united_states,offender_asian_immigration_violations_re_entry_into_the_united_states,offender_black_immigration_violations_re_entry_into_the_united_states,offender_unknown_race_immigration_violations_re_entry_into_the_united_states,offender_white_immigration_violations_re_entry_into_the_united_states,offender_american_indian_immigration_violations_re_entry_into_the_united_states,offender_adult_immigration_violations_re_entry_into_the_united_states,offender_juvenile_immigration_violations_re_entry_into_the_united_states,offender_unknown_age_immigration_violations_re_entry_into_the_united_states,arrestee_immigration_violations_re_entry_into_the_united_states,arrestee_male_immigration_violations_re_entry_into_the_united_states,arrestee_female_immigration_violations_re_entry_into_the_united_states,arrestee_white_immigration_violations_re_entry_into_the_united_states,arrestee_black_immigration_violations_re_entry_into_the_united_states,arrestee_american_indian_immigration_violations_re_entry_into_the_united_states,arrestee_asian_immigration_violations_re_entry_into_the_united_states,arrestee_unknown_race_immigration_violations_re_entry_into_the_united_states,arrestee_unknown_ethnicity_immigration_violations_re_entry_into_the_united_states,arrestee_not_hispanic_immigration_violations_re_entry_into_the_united_states,arrestee_hispanic_immigration_violations_re_entry_into_the_united_states,arrestee_adult_immigration_violations_re_entry_into_the_united_states,arrestee_juvenile_immigration_violations_re_entry_into_the_united_states,arrestee_unknown_age_immigration_violations_re_entry_into_the_united_states,arrestee_on_view_arrest_immigration_violations_re_entry_into_the_united_states,arrestee_taken_into_custody_immigration_violations_re_entry_into_the_united_states,arrestee_summoned_cited_immigration_violations_re_entry_into_the_united_states,offense_immigration_violations_smuggling_aliens,offense_extradition_denied_immigration_violations_smuggling_aliens,not_cleared_immigration_violations_smuggling_aliens,offense_prosecution_declined_immigration_violations_smuggling_aliens,offense_victim_refused_to_cooperate_immigration_violations_smuggling_aliens,offense_cleared_by_arrest_immigration_violations_smuggling_aliens,offense_juvenile_no_custody_immigration_violations_smuggling_aliens,offense_death_of_suspect_immigration_violations_smuggling_aliens,offense_home_immigration_violations_smuggling_aliens,offense_other_unknown_location_immigration_violations_smuggling_aliens,offense_outside_immigration_violations_smuggling_aliens,offense_school_immigration_violations_smuggling_aliens,offense_bar_nightclub_immigration_violations_smuggling_aliens,offender_immigration_violations_smuggling_aliens,offender_female_immigration_violations_smuggling_aliens,offender_male_immigration_violations_smuggling_aliens,offender_unknown_sex_immigration_violations_smuggling_aliens,offender_asian_immigration_violations_smuggling_aliens,offender_black_immigration_violations_smuggling_aliens,offender_unknown_race_immigration_violations_smuggling_aliens,offender_white_immigration_violations_smuggling_aliens,offender_american_indian_immigration_violations_smuggling_aliens,offender_adult_immigration_violations_smuggling_aliens,offender_juvenile_immigration_violations_smuggling_aliens,offender_unknown_age_immigration_violations_smuggling_aliens,arrestee_immigration_violations_smuggling_aliens,arrestee_male_immigration_violations_smuggling_aliens,arrestee_female_immigration_violations_smuggling_aliens,arrestee_white_immigration_violations_smuggling_aliens,arrestee_black_immigration_violations_smuggling_aliens,arrestee_american_indian_immigration_violations_smuggling_aliens,arrestee_asian_immigration_violations_smuggling_aliens,arrestee_unknown_race_immigration_violations_smuggling_aliens,arrestee_unknown_ethnicity_immigration_violations_smuggling_aliens,arrestee_not_hispanic_immigration_violations_smuggling_aliens,arrestee_hispanic_immigration_violations_smuggling_aliens,arrestee_adult_immigration_violations_smuggling_aliens,arrestee_juvenile_immigration_violations_smuggling_aliens,arrestee_unknown_age_immigration_violations_smuggling_aliens,arrestee_on_view_arrest_immigration_violations_smuggling_aliens,arrestee_taken_into_custody_immigration_violations_smuggling_aliens,arrestee_summoned_cited_immigration_violations_smuggling_aliens,victim_immigration_violations_smuggling_aliens,victim_female_immigration_violations_smuggling_aliens,victim_male_immigration_violations_smuggling_aliens,victim_unknown_sex_immigration_violations_smuggling_aliens,victim_asian_immigration_violations_smuggling_aliens,victim_black_immigration_violations_smuggling_aliens,victim_unknown_race_immigration_violations_smuggling_aliens,victim_white_immigration_violations_smuggling_aliens,victim_american_indian_immigration_violations_smuggling_aliens,victim_unknown_ethnicity_immigration_violations_smuggling_aliens,victim_not_hispanic_immigration_violations_smuggling_aliens,victim_hispanic_immigration_violations_smuggling_aliens,victim_adult_immigration_violations_smuggling_aliens,victim_juvenile_immigration_violations_smuggling_aliens,victim_unknown_age_immigration_violations_smuggling_aliens,victim_unknown_relationship_immigration_violations_smuggling_aliens,victim_other_family_immigration_violations_smuggling_aliens,victim_intimate_partner_immigration_violations_smuggling_aliens,victim_stranger_immigration_violations_smuggling_aliens,victim_other_relationship_immigration_violations_smuggling_aliens,arrestee_justifiable_homicide_not_a_crime,arrestee_male_justifiable_homicide_not_a_crime,arrestee_female_justifiable_homicide_not_a_crime,arrestee_white_justifiable_homicide_not_a_crime,arrestee_black_justifiable_homicide_not_a_crime,arrestee_american_indian_justifiable_homicide_not_a_crime,arrestee_asian_justifiable_homicide_not_a_crime,arrestee_unknown_race_justifiable_homicide_not_a_crime,arrestee_unknown_ethnicity_justifiable_homicide_not_a_crime,arrestee_not_hispanic_justifiable_homicide_not_a_crime,arrestee_hispanic_justifiable_homicide_not_a_crime,arrestee_adult_justifiable_homicide_not_a_crime,arrestee_juvenile_justifiable_homicide_not_a_crime,arrestee_unknown_age_justifiable_homicide_not_a_crime,arrestee_on_view_arrest_justifiable_homicide_not_a_crime,arrestee_taken_into_custody_justifiable_homicide_not_a_crime,arrestee_summoned_cited_justifiable_homicide_not_a_crime,offense_handgun_justifiable_homicide_not_a_crime,offense_no_gun_justifiable_homicide_not_a_crime,offense_other_unknown_gun_justifiable_homicide_not_a_crime,victim_unknown_injury_kidnapping_abduction,offense_perjury,offense_extradition_denied_perjury,not_cleared_perjury,offense_prosecution_declined_perjury,offense_victim_refused_to_cooperate_perjury,offense_cleared_by_arrest_perjury,offense_juvenile_no_custody_perjury,offense_death_of_suspect_perjury,offense_home_perjury,offense_other_unknown_location_perjury,offense_outside_perjury,offense_school_perjury,offense_bar_nightclub_perjury,offender_perjury,offender_female_perjury,offender_male_perjury,offender_unknown_sex_perjury,offender_asian_perjury,offender_black_perjury,offender_unknown_race_perjury,offender_white_perjury,offender_american_indian_perjury,offender_adult_perjury,offender_juvenile_perjury,offender_unknown_age_perjury,arrestee_white_perjury,arrestee_black_perjury,arrestee_asian_perjury,arrestee_unknown_race_perjury,arrestee_unknown_ethnicity_perjury,arrestee_hispanic_perjury,arrestee_juvenile_perjury,arrestee_unknown_age_perjury,arrestee_on_view_arrest_perjury,arrestee_summoned_cited_perjury,offense_death_of_suspect_prostitution_offenses_purchasing_prostitution,offense_extradition_denied_sex_offenses_failure_to_register_as_a_sex_offender,offense_victim_refused_to_cooperate_sex_offenses_failure_to_register_as_a_sex_offender,offense_juvenile_no_custody_sex_offenses_failure_to_register_as_a_sex_offender,offense_death_of_suspect_sex_offenses_failure_to_register_as_a_sex_offender,offense_bar_nightclub_sex_offenses_failure_to_register_as_a_sex_offender,offender_unknown_sex_sex_offenses_failure_to_register_as_a_sex_offender,offender_asian_sex_offenses_failure_to_register_as_a_sex_offender,offender_juvenile_sex_offenses_failure_to_register_as_a_sex_offender,offender_unknown_age_sex_offenses_failure_to_register_as_a_sex_offender,arrestee_black_sex_offenses_failure_to_register_as_a_sex_offender,arrestee_asian_sex_offenses_failure_to_register_as_a_sex_offender,arrestee_hispanic_sex_offenses_failure_to_register_as_a_sex_offender,arrestee_juvenile_sex_offenses_failure_to_register_as_a_sex_offender,arrestee_unknown_age_sex_offenses_failure_to_register_as_a_sex_offender,victim_unknown_injury_sex_offenses_fondling_incident_liberties_child_molest,victim_unknown_injury_sex_offenses_rape,victim_unknown_sex_sex_offenses_rape,victim_unknown_injury_sex_offenses_sodomy,offense_treason,offense_extradition_denied_treason,not_cleared_treason,offense_prosecution_declined_treason,offense_victim_refused_to_cooperate_treason,offense_cleared_by_arrest_treason,offense_juvenile_no_custody_treason,offense_death_of_suspect_treason,offense_home_treason,offense_other_unknown_location_treason,offense_outside_treason,offense_school_treason,offense_bar_nightclub_treason,offender_treason,offender_female_treason,offender_male_treason,offender_unknown_sex_treason,offender_asian_treason,offender_black_treason,offender_unknown_race_treason,offender_white_treason,offender_american_indian_treason,offender_adult_treason,offender_juvenile_treason,offender_unknown_age_treason,arrestee_treason,arrestee_male_treason,arrestee_female_treason,arrestee_white_treason,arrestee_black_treason,arrestee_american_indian_treason,arrestee_asian_treason,arrestee_unknown_race_treason,arrestee_unknown_ethnicity_treason,arrestee_not_hispanic_treason,arrestee_hispanic_treason,arrestee_adult_treason,arrestee_juvenile_treason,arrestee_unknown_age_treason,arrestee_on_view_arrest_treason,arrestee_taken_into_custody_treason,arrestee_summoned_cited_treason,offense_prosecution_declined_weapon_law_violations_explosives,offense_victim_refused_to_cooperate_weapon_law_violations_explosives,offense_cleared_by_arrest_weapon_law_violations_explosives,offense_death_of_suspect_weapon_law_violations_explosives,offense_home_weapon_law_violations_explosives,offense_bar_nightclub_weapon_law_violations_explosives,offender_asian_weapon_law_violations_explosives,offender_black_weapon_law_violations_explosives,arrestee_female_weapon_law_violations_explosives,arrestee_white_weapon_law_violations_explosives,arrestee_black_weapon_law_violations_explosives,arrestee_asian_weapon_law_violations_explosives,arrestee_unknown_race_weapon_law_violations_explosives,arrestee_unknown_ethnicity_weapon_law_violations_explosives,arrestee_hispanic_weapon_law_violations_explosives,arrestee_adult_weapon_law_violations_explosives,arrestee_unknown_age_weapon_law_violations_explosives,arrestee_on_view_arrest_weapon_law_violations_explosives,arrestee_summoned_cited_weapon_law_violations_explosives,offense_handgun_weapon_law_violations_explosives,offense_other_unknown_gun_weapon_law_violations_explosives,offense_extradition_denied_weapon_law_violations_violation_of_national_firearm_act_of_1934,offense_prosecution_declined_weapon_law_violations_violation_of_national_firearm_act_of_1934,offense_victim_refused_to_cooperate_weapon_law_violations_violation_of_national_firearm_act_of_1934,offense_juvenile_no_custody_weapon_law_violations_violation_of_national_firearm_act_of_1934,offense_death_of_suspect_weapon_law_violations_violation_of_national_firearm_act_of_1934,offense_other_unknown_location_weapon_law_violations_violation_of_national_firearm_act_of_1934,offense_school_weapon_law_violations_violation_of_national_firearm_act_of_1934,offense_bar_nightclub_weapon_law_violations_violation_of_national_firearm_act_of_1934,offender_female_weapon_law_violations_violation_of_national_firearm_act_of_1934,offender_asian_weapon_law_violations_violation_of_national_firearm_act_of_1934,offender_black_weapon_law_violations_violation_of_national_firearm_act_of_1934,offender_white_weapon_law_violations_violation_of_national_firearm_act_of_1934,offender_juvenile_weapon_law_violations_violation_of_national_firearm_act_of_1934,arrestee_weapon_law_violations_violation_of_national_firearm_act_of_1934,arrestee_male_weapon_law_violations_violation_of_national_firearm_act_of_1934,arrestee_female_weapon_law_violations_violation_of_national_firearm_act_of_1934,arrestee_white_weapon_law_violations_violation_of_national_firearm_act_of_1934,arrestee_black_weapon_law_violations_violation_of_national_firearm_act_of_1934,arrestee_american_indian_weapon_law_violations_violation_of_national_firearm_act_of_1934,arrestee_asian_weapon_law_violations_violation_of_national_firearm_act_of_1934,arrestee_unknown_race_weapon_law_violations_violation_of_national_firearm_act_of_1934,arrestee_unknown_ethnicity_weapon_law_violations_violation_of_national_firearm_act_of_1934,arrestee_not_hispanic_weapon_law_violations_violation_of_national_firearm_act_of_1934,arrestee_hispanic_weapon_law_violations_violation_of_national_firearm_act_of_1934,arrestee_adult_weapon_law_violations_violation_of_national_firearm_act_of_1934,arrestee_juvenile_weapon_law_violations_violation_of_national_firearm_act_of_1934,arrestee_unknown_age_weapon_law_violations_violation_of_national_firearm_act_of_1934,arrestee_on_view_arrest_weapon_law_violations_violation_of_national_firearm_act_of_1934,arrestee_taken_into_custody_weapon_law_violations_violation_of_national_firearm_act_of_1934,arrestee_summoned_cited_weapon_law_violations_violation_of_national_firearm_act_of_1934,offense_handgun_weapon_law_violations_violation_of_national_firearm_act_of_1934,offense_no_gun_weapon_law_violations_violation_of_national_firearm_act_of_1934,offense_sell_create_assist_weapon_law_violations_violation_of_national_firearm_act_of_1934,offense_weapon_law_violations_weapons_of_mass_destruction,offense_extradition_denied_weapon_law_violations_weapons_of_mass_destruction,not_cleared_weapon_law_violations_weapons_of_mass_destruction,offense_prosecution_declined_weapon_law_violations_weapons_of_mass_destruction,offense_victim_refused_to_cooperate_weapon_law_violations_weapons_of_mass_destruction,offense_cleared_by_arrest_weapon_law_violations_weapons_of_mass_destruction,offense_juvenile_no_custody_weapon_law_violations_weapons_of_mass_destruction,offense_death_of_suspect_weapon_law_violations_weapons_of_mass_destruction,offense_home_weapon_law_violations_weapons_of_mass_destruction,offense_other_unknown_location_weapon_law_violations_weapons_of_mass_destruction,offense_outside_weapon_law_violations_weapons_of_mass_destruction,offense_school_weapon_law_violations_weapons_of_mass_destruction,offense_bar_nightclub_weapon_law_violations_weapons_of_mass_destruction,offender_weapon_law_violations_weapons_of_mass_destruction,offender_female_weapon_law_violations_weapons_of_mass_destruction,offender_male_weapon_law_violations_weapons_of_mass_destruction,offender_unknown_sex_weapon_law_violations_weapons_of_mass_destruction,offender_asian_weapon_law_violations_weapons_of_mass_destruction,offender_black_weapon_law_violations_weapons_of_mass_destruction,offender_unknown_race_weapon_law_violations_weapons_of_mass_destruction,offender_white_weapon_law_violations_weapons_of_mass_destruction,offender_american_indian_weapon_law_violations_weapons_of_mass_destruction,offender_adult_weapon_law_violations_weapons_of_mass_destruction,offender_juvenile_weapon_law_violations_weapons_of_mass_destruction,offender_unknown_age_weapon_law_violations_weapons_of_mass_destruction,arrestee_weapon_law_violations_weapons_of_mass_destruction,arrestee_male_weapon_law_violations_weapons_of_mass_destruction,arrestee_female_weapon_law_violations_weapons_of_mass_destruction,arrestee_white_weapon_law_violations_weapons_of_mass_destruction,arrestee_black_weapon_law_violations_weapons_of_mass_destruction,arrestee_american_indian_weapon_law_violations_weapons_of_mass_destruction,arrestee_asian_weapon_law_violations_weapons_of_mass_destruction,arrestee_unknown_race_weapon_law_violations_weapons_of_mass_destruction,arrestee_unknown_ethnicity_weapon_law_violations_weapons_of_mass_destruction,arrestee_not_hispanic_weapon_law_violations_weapons_of_mass_destruction,arrestee_hispanic_weapon_law_violations_weapons_of_mass_destruction,arrestee_adult_weapon_law_violations_weapons_of_mass_destruction,arrestee_juvenile_weapon_law_violations_weapons_of_mass_destruction,arrestee_unknown_age_weapon_law_violations_weapons_of_mass_destruction,arrestee_on_view_arrest_weapon_law_violations_weapons_of_mass_destruction,arrestee_taken_into_custody_weapon_law_violations_weapons_of_mass_destruction,arrestee_summoned_cited_weapon_law_violations_weapons_of_mass_destruction,offense_handgun_weapon_law_violations_weapons_of_mass_destruction,offense_no_gun_weapon_law_violations_weapons_of_mass_destruction,offense_other_unknown_gun_weapon_law_violations_weapons_of_mass_destruction,offense_buy_possess_consume_weapon_law_violations_weapons_of_mass_destruction,offense_sell_create_assist_weapon_law_violations_weapons_of_mass_destruction
WV0540100,2022,Parkersburg Police Department,West Virginia,29190,63,17,406,112,284,0,360,470,0,0,329,53,0,6,0,74,5,9,26,0,23,20,6,0,35,90,16,0,0,11,32,0,3,9,0,22,25,0,0,0,0,0,0,0,0,19,32,12,3,2,0,2,7,0,0,26,0,0,0,0,0,10,9,17,5,1,3,0,0,0,0,0,0,0,0,0,0,30,0,0,32,1,0,13,0,215,0,13,165,13,0,17,92,3,0,28,240,0,0,147,211,0,27,1,428,14,0,0,0,0,0,74,250,1,0,1,51,1,0,0,0,0,0,6,0,0,0,0,7,64,3,0,0,2,2,6,0,0,23,2,0,0,0,0,0,4,3,20,0,0,15,0,0,8,5,0,0,0,26,4,0,82,0,0,16,0,0,0,5,0,0,0,27,0,3,0,1,9,0,0,7,0,7,0,0,0,0,1,0,5,5,0,0,0,0,0,0,0,0,0,15,18,0,2,0,0,0,0,6,0,2,4,0,0,0,0,0,0,0,0,0,0,0,0,0,0,0,0,0,0,8,1,8,0,0,0,0,0,0,0,0,0,0,0,1,0,0,0,0,0,0,0,0,0,0,0,0,0,0,0,0,0,0,0,0,0,0,0,0,0,0,0,0,0,0,0,0,0,0,0,0,0,0,0,5,0,0,0,0,0,0,0,0,0,0,0,0,0,0,0,0,0,0,0,0,34,7,21,0,8,250,52,81,7,99,9,3,1,90,80,3,0,100,56,201,2,199,141,124,3,0,0,0,0,0,0,0,0,4,320,13,34,5,0,0,0,0,1,0,5,0,0,0,0,0,27,15,30,0,3,0,2,3,1,5,20,3,3,0,0,0,107,4,0,0,8,12,3,0,1,19,0,0,0,6,0,0,5,29,28,58,4,0,12,1,0,0,0,8,2,1,0,1,0,6,0,0,6,0,0,0,5,7,10,8,2,15,0,0,0,7,2,0,0,0,0,0,0,3,0,0,0,0,0,0,0,0,1,3,0,23,0,0,1,2,0,0,16,1,0,0,4,1,0,0,0,3,0,0,0,0,0,1,2,3,0,0,0,0,0,0,0,0,0,0,0,0,0,0,0,0,0,0,0,0,0,0,0,0,0,0,0,0,0,0,0,0,0,0,0,0,0,0,320,40,14,6,15,7,22,2,0,0,0,0,70,17,445,124,299,0,405,496,0,0,370,55,0,7,0,78,7,10,26,0,24,22,6,0,36,95,16,0,0,11,37,0,3,9,0,27,28,0,0,0,0,0,0,0,0,5,47,18,4,9,136,287,22,14,41,69,22,99,178,0,0,0,101,302,2,51,100,345,0,0,0,0,0,0,133,170,67,2,8,45,0,0,0,1,2,4,0,0,0,20,21,37,1,4,2,1,7,2,0,19,7,0,0,9,15,2,11,9,2,4,0,0,5,12,19,16,24,55,4,1,11,0,0,0,2,9,0,12,0,0,0,3,4,5,0,0,0,0,6,19,2,2,25,1,4,0,0,0,0,0,0,0,0,0,0,19,0,0,0,0,0,0,6,0,0,0,0,0,0,0,0,0,0,0,0,0,0,0,0,5,20,45,0,11,0,31,34,380,0,4,71,49,6,181,112,0,0,45,11,349,0,8,347,141,0,0,0,0,0,0,0,16,74,280,0,45,10,0,0,1,4,2,0,0,0,4,41,33,1,2,4,1,2,7,2,10,14,0,0,0,0,0,0,15,9,0,0,0,9,13,0,0,0,0,1,5,0,1,20,15,0,2,60,33,1,11,0,0,0,2,0,9,0,0,0,0,0,0,14,0,0,0,3,0,0,0,6,3,0,0,0,0,3,2,22,3,3,22,0,6,0,0,4,0,0,0,0,0,0,0,0,0,0,0,0,0,0,0,23,0,0,0,0,0,0,0,0,0,0,0,0,0,0,0,0,0,0,0,0,0,0,0,0,0,0,0,0,0,0,0,0,0,0,0,0,0,0,0,0,0,0,0,0,0,0,0,0,0,0,0,0,0,0,0,0,0,0,0,0,0,48,4,18,12,0,366,60,19,50,4,70,90,34,175,0,0,401,3,1,142,9,345,0,0,0,0,0,0,295,8,67,7,3,45,0,0,3,0,4,0,0,0,37,3,38,5,2,7,1,2,16,3,7,0,0,0,0,0,8,1,15,13,0,9,6,0,0,0,17,0,19,38,0,57,5,11,0,0,0,11,0,0,11,0,0,0,3,2,2,5,0,0,0,25,0,2,27,0,1,5,0,0,0,0,0,0,0,0,0,20,0,0,0,0,0,0,0,0,0,0,0,0,0,0,0,6,0,0,0,357,26,221,0,16,58,42,131,0,2,27,78,1,0,0,0,0,5,2,60,0,3,0,0,1,5,2,0,0,14,0,0,0,12,8,6,2,2,0,0,0,6,0,1,0,0,0,0,0,0,0,0,0,5,0,114,243,24,66,155,0,0,11,17,41,11,31,28,103,0,0,2,0,20,32,0,1,0,0,0,0,0,0,3,0,2,22,38,2,5,0,0,46,1,2,0,0,2,1,3,1,7,0,0,2,2,12,0,1,0,0,0,0,0,0,5,7,0,8,0,6,0,2,1,0,1,0,0,0,0,0,0,2,4,0,0,0,1,0,0,0,0,0,0,0,0,0,0,0,0,0,0,0,0,0,0,5,0,0,0,0,0,0,0,0,0,0,21,330,2,22,203,0,0,1,14,3,55,3,38,20,109,0,0,2,0,27,5,72,0,1,0,0,0,0,0,0,0,0,5,0,2,7,52,17,0,0,0,1,2,0,0,0,0,1,0,0,0,0,0,0,0,0,0,5,0,0,0,0,0,0,0,1,12,0,2,0,0,0,0,0,0,0,1,2,10,1,7,0,0,1,0,2,0,0,5,0,0,0,0,0,0,0,0,0,0,0,0,0,0,0,2,0,0,0,0,0,6,0,0,0,0,0,0,0,0,0,1,0,0,0,6,0,0,0,0,0,0,0,0,0,0,0,0,0,0,0,1,0,0,0,0,0,0,0,0,0,0,0,0,0,0,0,0,0,0,0,0,0,0,0,0,0,0,0,0,0,0,0,0,0,0,0,0,2,0,0,0,0,0,0,1,0,0,0,0,0,1,0,0,0,1,0,5,0,0,0,0,0,0,1,0,0,0,0,0,0,0,0,0,0,0,0,0,0,9,2,5,0,0,0,0,6,0,0,0,3,0,0,0,0,0,0,0,0,0,0,0,0,0,1,0,0,0,2,0,0,0,1,0,0,0,0,344,0,24,2,211,15,58,38,124,2,1,0,0,0,3,0,5,0,56,8,27,75,4,12,0,11,0,5,3,0,0,0,0,0,1,0,0,0,0,1,0,0,1,0,1,0,0,0,0,2,1,5,2,0,0,0,0,1,0,0,0,0,1,0,0,0,0,0,0,0,2,0,5,0,0,0,0,0,0,0,2,0,2,0,0,3,0,0,0,0,0,0,0,0,0,0,0,0,0,0,0,0,0,0,0,0,4,0,0,0,0,0,0,0,1,0,0,0,0,0,0,0,0,0,351,24,2,199,0,15,1,56,42,129,2,0,2,26,1,78,0,1,0,0,0,0,0,0,2,0,60,22,0,5,3,0,6,2,0,0,0,0,1,0,0,5,2,0,0,0,0,0,0,14,0,0,0,0,0,0,0,0,0,12,0,0,8,0,0,0,6,2,2,0,0,0,0,0,0,0,0,0,0,0,0,0,6,0,0,0,0,0,0,1,0,0,0,0,0,0,0,0,0,0,0,0,0,0,0,0,0,0,0,0,0,0,0,0,0,0,5,0,0,0,0,223,123,14,11,159,62,0,0,10,6,50,7,29,13,105,16,0,0,1,1,10,13,53,0,0,0,0,0,0,5,0,2,49,11,0,17,1,0,2,0,0,0,4,1,0,0,0,10,4,0,1,0,0,0,0,9,3,8,0,0,0,0,0,1,1,1,0,0,6,0,1,11,1,0,0,0,0,0,0,0,0,0,0,0,0,0,4,8,0,0,0,0,2,0,1,0,0,10,0,0,0,0,0,0,1,3,0,0,0,0,0,0,0,0,0,0,0,0,0,0,0,1,3,0,0,0,0,0,0,0,0,0,0,2,0,0,0,0,0,0,0,0,0,0,0,3,0,0,0,95,17,460,133,303,0,360,496,0,0,332,57,0,6,0,75,5,10,26,0,25,20,6,0,35,98,17,0,0,13,32,0,3,10,0,23,25,0,0,0,0,0,0,0,0,44,51,0,10,250,205,5,53,66,2,80,118,7,179,220,4,0,0,0,0,0,2,14,18,25,2,0,3,3,0,0,0,0,23,37,0,1,4,3,7,0,25,0,0,0,0,5,9,2,7,0,0,0,1,0,0,23,12,0,46,34,3,7,9,13,0,0,0,0,10,0,1,7,10,2,0,7,0,0,0,0,0,0,0,0,0,0,0,0,0,0,0,0,0,0,0,0,0,10,5,80,1,15,3,24,15,418,3,6,110,10,11,183,10,15,375,0,0,0,0,15,1,5,40,0,0,1,5,0,0,0,0,3,1,56,2,3,0,0,10,2,23,0,0,2,0,0,0,0,0,3,13,0,0,0,0,0,0,7,0,1,0,0,1,0,2,0,33,0,2,6,75,0,15,2,0,11,2,1,0,0,0,0,0,0,0,0,0,0,1,1,8,0,0,1,0,2,3,14,0,0,1,0,1,0,0,0,0,0,0,0,0,0,0,0,0,0,0,0,0,0,0,0,0,0,0,0,0,0,0,0,0,0,0,0,0,0,0,0,0,0,0,0,0,7,1,19,4,15,19,0,0,15,8,0,0,0,2,0,0,1,0,2,0,0,0,1,6,1,0,1,0,3,0,0,87,16,437,116,190,381,37,4,56,9,7,77,0,13,0,0,4,1,0,0,2,0,2,13,0,15,10,0,0,3,25,0,1,0,33,0,0,0,0,16,1,0,4,0,1,1,0,0,0,0,0,1,0,0,1,0,0,0,0,0,78,17,0,16,401,59,0,117,2,2,200,1,4,388,14,1,0,0,0,0,0,11,5,44,1,0,6,0,0,0,0,60,0,5,0,0,10,0,0,12,14,0,0,0,0,0,15,0,1,7,0,0,1,0,0,35,0,82,1,0,16,0,11,2,0,0,0,9,0,17,0,2,0,0,1,0,0,0,0,0,0,1,0,0,0,0,0,0,0,0,0,0,0,0,0,0,0,0,0,15,63,276,184,2,5,6,15,0,0,0,2,10,8,17,0,0,3,1,0,5,0,0,1,1,0,0,0,19,6,17,17,36,1,4,153,80,146,42,39,117,200,401,0,0,16,45,0,6,0,60,0,0,3,2,1,2,4,1,2,7,2,9,0,8,0,0,0,0,0,16,7,1,0,35,83,16,8,2,1,2,0,1,2,0,6,0,0,19,2,8,2,0,0,0,0,0,0,3,0,0,0,0,1,2,0,2,0,0,0,0,0,0,1,0,0,0,0,1,0,0,1,0,1,0,0,0,0,0,0,0,0,0,0,0,0,0,0,0,0,0,0,0,0,0,0,0,0,0,0,0,0,0,0,0,0,0,0,0,0,0,0,0,0,0,0,0,0,0,0,0,0,0,0,0,0,0,0,0,0,0,0,0,0,0,0,0,0,0,0,0,0,0,0,0,0,0,0,0,0,0,0,0,0,0,0,0,0,0,0,0,0,0,0,0,0,0,0,0,0,0,0,0,2,0,0,0,0,0,0,0,0,0,0,0,0,0,0,0,0,0,0,0,0,0,0,0,0,0,0,0,0,0,0,0,0,0,0,0,0,0,0,0,0,0,0,0,0,0,0,0,0,0,0,0,0,0,0,0,0,0,1,0,0,0,0,0,0,0,0,0,0,0,0,0,0,0,0,0,0,0,0,0,0,0,0,0,0,0,0,0,0,0,0,0,0,0,0,0,0,0,0,0,0,0,0,0,0,0,0,0,0,0,0,0,0,0,0,0,0,0,0,0,0,0,0,0,0,0,0,0,0,0,0,0,0,0,0,0,0,0,0,0,0,0,0,0,0,0,0,0,0,0,0,0,0,0,0,0,0,0,0,0,0,0,0,0,0,0,1,0,0,0,0,0,0,0,0,0,0,0,0,0,0,0,0,0,0,0,0,0,0,0,0,0,0,0,0,0,0,0,0,0,0,0,0,0,0,0,0,0,0,0,0,0,0,0,0,0,0,0,0,0,0,0,0,0,0,0,0,0,0,0,0,0,0,0,0,0,0,0,0,0,0,0,0,0,0,0,0,0,0,0,0,0,0,0,0,0,0,0,0,0,0,0,0,0,0,0,0,0,0,0,0,0,0,0,0,0,0,0,0,0,0,0,0,0,0,0,0,0,0,0,0,0,0,0,0,0,0,0,0,0,0,0,0,0,0,0,0,0,0,0,0,0,0,0,0,0,0,0,0,0,0,0,0,0,0,0,0,0,0,0,0,0,0,0,0,0,0,0,0,0,0,0,0,0,0,0,0,0,0,0,0,0,0,0,0,0,0,0,0,0,0,0,0,0,0,0,0,0,0,0,0,0,0,0,0,0,0,0,0,0,0,0,0,0,0,0,0,0,0,0,0,0,0,0,0,0,0,0,0,0,0,0,0,0,0,0,0,0,0,0,0,0,0,0,0,0,0,0,0,0,0,0,0,0,0,0,0,0,0,0,0,0,0,0,0,0,0,0,0,0,0,0,0,0,0,0,0,0,0,0,0,0,0,0,0,0,0,0,0,0,0,0,0,0,0,0,0,0,0,0,0,0,0,0,0,0,0,0,0,0,0,0,0,0,0,0,0,0,0,0,0,0,0,0,0,0,0,0,0,0,0,0,0,0,0,0,0,0,0,0,0,0,0,0,0,0,0,0,0,0,0,0,0,0,0,0,0,0,0,0,0,0,0,0,0,0,0,0,0,0,0,0,0,0,0,0,0,0,0,0,0,0,0,0,0,0,0,0,0,0,0,0,0,0,0,0,0,0,0,0,0,0,0,0,0,0,0,0,0,0,0,0,0,0,0,0,0,0,0,0,0,0,0,0,0,0,0,0,0,0,0,0,0,0,0,0,0,0,0,0,0,0,0,0,0,0,0,0,0,0,0,0,0,0,0,0,0,0,0,0,0,0,0,0,0,0,0,0,0,0,0,0,0,0,0,0,0,0,0,0,0,0,0,0,0,0,0,0,0,0,0,0,0,0,0,0,0,0,0,0,0,0,0,0,0,0,0,0,0,0,0,0,0,0,0,0,0,0,0,0,0,0,0,0,0,0,0,0,0,0,0,0,0,0,0,0,0,0,0,0,0,0,0,0,0,0,0,0,0,0,0,0,0,0,0,0,0,0,0,0,0,0,0,0,0,0,0,0,0,0,0,0,0,0,0,0,0,0,0,0,0,0,0,0,0,0,0,0,0,0,0,0,0,0,0,0,0,0,0,0,0,0,0,0,0,0,0,0,0,0,0,0,0,0,0,0,0,0,0,0,0,0,0,0,0,0,0,0,0,0,0,0,0,0,0,0,0,0,0,0,0,0,0,0,0,0,0,0,0,0,0,0,0,0,0,0,0,0,0,0,0,0,0,0,0,0,0,0,0,0,0,0,0,0,0,0,0,0,0,0,0,0,0,0,0,0,0,0,0,0,0,0,0,0,0,0,0,0,0,0,0,0,0,0,0,0,0,0,0,0,0,0,0,0,0,0,0,0,0,0,0,0,0,0,0,0,0,0,0,0,0,0,0,0,0,0,0,0,0,0,0,0,0,0,0,0,0,0,0,0,0,0,0,0,0,0,0,0,0,0,0,0,0,0,0,0,0,0,0,0,0,0,0,0,0,0,0,0,0,0,0,0,0,0,0,0,0,0,0,0,0,0,0,0,0,0,0,0,0,0,0,0,0,0,0,0,0,0,0,0,0,0,0,0,0,0,0,0,0,0,0,0,0,0,0,0,0,0,0,0,0,0,0,0,0,0,0,0,0,0,0,0,0,0,0,0,0,0,0,0,0,0,0,0,0,0,0,0,0,0,0,0,0,0,0,0,0,0,0,0,0,0,0,0,0,0,0,0,0,0,0,0,0,0,0,0,0,0,0,0,0,0,0,0,0,0,0,0,0,0,0,0,0,0,0,0,0,0,0,0,0,0,0,0,0,0,0,0,0,0,0,0,0,0,0,0,0,0,0,0,0,0,0,0,0,0,0,0,0,0,0,0,0,0,0,0,0,0,0,0,0,0,0,0,0,0,0,0,0,0,0,0,0,0,0,0,0,0,0,0,0,0,0,0,0,0,0,0,0,0,0,0,0,0,0,0,0,0,0,0,0,0,0,0,0,0,0,0,0,0,0,0,0,0,0,0,0,0,0,0,0,0,0,0,0,0,0,0,0,0,0,0,0,0,0,0,0,0,0,0,0,0,0,0,0,0,0,0,0,0,0,0,0,0,0,0,0,0,0,0,0,0,0,0,0,0,0,0,0,0,0,0,0,0,0,0,0,0,0,0,0,0,0,0,0,0,0,0,0,0,0,0,0,0,0,0,0,0,0,0,0,0,0,0,0,0,0,0,0,0,0,0,0,0,0,0,0,0,0,0,0,0,0,0,0,0,0,0,0,0,0,0,0,0,0,0,0,0,0,0,0,0,0,0,0,0,0,0,0,0,0,0,0,0,0,0,0,0,0,0,0,0,0,0,0,0,0,0,0,0,0,0,0,0,0,0,0,0,0,0,0,0,0,0,0,0,0,0,0,0,0,0,0,0,0,0,0,0,0,0,0,0,0,0,0,0,0,0,0,0,0,0,0,0,0,0,0,0,0,0,0,0,0,0,0,0,0,0,0,0,0,0,0,0,0,0,0,0,0,0,0,0,0,0,0,0,0,0,0,0,0,0,0,0,0,0,0,0,0,0,0,0,0,0,0,0,0,0,0,0,0,0,0,0,0,0,0,0,0,0,0,0,0,0,0,0,0,0,0,0,0,0,0,0,0,0,0,0,0,0,0,0,0,0,0,0,0,0,0,0,0,0,0,0,0,0,0,0,0,0,0,0,0,0,0,0,0,0,0,0,0,0,0,0,0,0,0,0,0,0,0,0,0,0,0,0,0,0,0,0,0,0,0,0,0,0,0,0,0,0,0,0,0,0,0,0,0,0,0,0,0,0,0,0,0,0,0,0,0,0,0,0,0,0,0,0,0,0,0,0,0,0,0,0,0,0,0,0,0,0,0,0,0,0,0,0,0,0,0,0,0,0,0,0,0,0,0,0,0,0,0,0,0,0,0,0,0,0,0,0,0,0,0,0,0,0,0,0,0,0,0,0,0,0,0,0,0,0,0,0,0,0,0,0,0,0,0,0,0,0,0,0,0,0,0,0,0,0,0,0,0,0,0,0,0,0,0,0,0,0,0,0,0,0,0,0,0,0,0,0,0,0,0,0,0,0,0,0,0,0,0,0,0,0,0,0,0,0,0,0,0,0,0,0,0,0,0,0,0,0,0,0,0,0,0,0,0,0,0,0,0,0,0,0,0,0,0,0,0,0,0,0,0,0,0,0,0,0,0,0,0,0,0,0,0,0,0,0,0,0,0,0,0,0,0,0,0,0,0,0,0,0,0,0,0,0,0,0,0,0,0,0,0,0,0,0,0,0,0,0,0,0,0,0,0,0,0,0,0,0,0,0,0,0,0,0,0,0,0,0,0,0,0,0,0,0,0,0,0,0,0,0,0,0,0,0,0,0,0,0,0,0,0,0,0,0,0,0,0,0,0,0,0,0,0,0,0,0,0,0,0,0,0,0,0,0,0,0,0,0,0,0,0,0,0,0,0,0,0,0,0,0,0,0,0,0,0,0,0,0,0,0,0,0,0,0,0,0,0,0,0,0,0,0,0,0,0,0,0,0,0,0,0,0,0,0,0,0,0,0,0,0,0,0,0,0,0,0,0,0,0,0,0,0,0,0,0,0,0,0,0,0,0,0,0,0,0,0,0,0,0,0,0,0,0,0,0,0,0,0,0,0,0,0,0,0,0,0,0,0,0,0,0,0,0,0,0,0,0,0,0,0,0,0,0,0,0,0,0,0,0,0,0,0,0,0,0,0,0,0,0,0
WV0540100,2021,Parkersburg Police Department,West Virginia,28793,75,21,333,158,323,2,345,517,0,0,321,65,0,19,0,100,1,16,25,1,31,38,3,0,35,98,11,0,0,8,11,0,2,6,0,24,31,0,0,2,2,0,0,0,0,19,47,9,0,0,1,4,11,1,0,25,1,0,0,0,0,8,5,21,6,0,4,2,0,0,0,0,0,0,0,0,0,35,0,0,37,3,0,16,2,143,0,13,163,14,0,22,134,2,0,21,288,0,1,150,190,0,36,1,473,7,0,0,0,0,0,71,248,1,0,6,59,0,0,0,0,0,3,16,0,0,0,0,15,82,3,0,0,1,2,14,0,0,22,2,0,1,0,0,0,1,0,27,0,0,32,1,0,7,3,0,0,0,32,0,0,89,1,0,10,1,0,0,6,0,0,0,11,0,1,0,0,4,0,0,7,0,7,0,0,1,0,1,0,5,3,0,0,0,0,0,0,0,1,1,16,24,0,0,0,0,0,2,2,0,3,3,0,0,0,0,0,0,0,1,0,0,0,0,0,0,0,2,0,0,7,0,8,0,0,0,0,0,1,0,0,0,0,0,0,0,0,0,1,0,0,0,0,0,0,0,0,0,0,0,0,0,0,0,0,0,0,0,0,0,0,0,0,0,0,0,0,0,0,0,0,0,0,0,0,0,0,0,0,0,0,0,0,0,0,0,0,0,0,0,0,0,0,0,0,44,3,24,0,11,190,46,69,16,131,25,2,0,112,75,6,0,81,45,215,4,203,134,166,7,0,0,0,0,0,0,0,0,0,317,15,40,8,1,0,0,0,1,0,18,0,0,0,0,0,49,14,36,0,1,0,0,2,5,7,18,3,3,1,0,0,127,4,0,1,21,6,4,0,4,32,0,0,0,2,0,0,3,29,21,68,8,0,7,0,0,0,0,5,1,2,0,0,0,2,0,1,1,1,0,0,3,6,14,8,3,20,0,0,2,8,2,0,0,0,0,0,0,1,0,0,0,0,0,0,0,0,2,4,0,9,0,0,3,1,0,0,12,1,0,2,3,0,1,1,1,7,0,0,0,0,1,4,1,0,0,0,0,0,0,0,0,0,0,0,2,0,0,0,0,2,0,0,0,0,1,1,0,0,0,0,0,0,0,0,0,0,0,0,0,0,0,2,306,39,27,11,19,5,29,2,0,0,0,0,77,21,359,169,335,2,399,543,0,0,356,66,0,19,0,107,1,18,25,1,34,44,4,0,37,102,11,0,0,10,11,0,3,6,0,28,39,0,0,2,2,0,0,0,0,9,61,7,4,12,87,238,34,15,49,105,32,102,201,0,2,0,107,285,7,56,109,378,0,0,0,0,0,0,129,154,73,3,6,57,0,0,0,0,3,16,0,0,0,19,35,53,0,1,0,2,9,7,0,18,7,0,3,8,23,10,21,13,2,2,0,0,3,12,22,13,30,59,2,3,6,0,0,0,3,7,0,7,0,0,2,0,5,1,0,0,0,1,11,16,1,7,31,1,5,0,0,0,0,1,0,0,2,0,0,4,0,0,0,0,0,0,0,2,0,0,0,0,0,0,0,0,0,0,0,0,0,0,0,11,10,56,1,15,0,40,55,264,0,6,107,56,11,215,109,0,2,42,21,336,0,5,381,157,0,0,0,0,0,0,0,16,88,252,0,57,9,0,0,0,16,3,0,0,0,3,55,48,0,0,1,4,8,6,1,10,14,0,1,0,0,0,1,22,11,0,0,0,15,29,0,0,0,0,0,4,0,2,23,12,0,5,65,32,0,6,0,0,0,0,0,10,0,0,0,0,0,1,7,0,0,0,0,3,0,0,1,5,0,0,0,0,1,2,25,6,3,30,0,5,0,0,5,0,0,0,0,0,0,0,0,0,1,0,0,0,0,0,4,0,0,0,0,0,0,0,2,0,0,0,0,0,0,0,0,0,0,0,0,0,0,0,0,0,0,0,0,0,0,0,0,0,0,0,0,0,0,0,0,0,0,0,0,0,0,0,0,0,0,0,0,0,0,0,0,0,0,0,0,0,65,4,8,16,1,286,43,30,64,1,104,112,24,199,2,0,386,10,3,159,9,375,0,0,0,0,0,0,284,3,69,9,0,57,0,0,3,0,16,0,0,0,51,3,53,1,0,11,0,7,15,3,7,0,0,1,0,0,11,1,22,31,0,13,4,0,0,0,15,0,22,42,0,60,5,6,0,0,0,10,0,0,7,0,0,3,0,4,1,1,0,0,0,26,0,2,38,0,1,4,0,0,0,0,0,0,2,0,0,4,0,2,0,0,0,0,0,0,0,0,0,0,0,0,0,0,0,0,0,376,32,139,0,17,60,38,152,0,11,31,77,7,0,2,0,0,9,3,142,0,0,1,0,1,4,1,0,0,7,0,0,1,13,9,2,3,3,0,0,0,5,0,0,0,0,0,0,0,0,0,0,0,0,0,95,281,28,35,104,0,0,12,26,34,10,28,39,113,0,0,5,6,20,34,2,5,0,0,2,0,0,0,6,0,3,49,93,4,5,0,0,43,0,0,1,0,3,1,3,1,11,0,0,1,1,6,0,0,0,0,0,0,0,1,5,8,0,9,0,1,0,3,0,0,3,0,0,1,0,0,0,1,4,0,0,0,0,0,0,0,0,0,0,0,0,0,0,0,0,0,0,0,0,0,0,0,0,0,0,0,0,0,0,0,0,1,24,341,7,25,110,0,0,2,15,3,56,0,36,20,128,0,0,9,0,31,7,66,0,7,0,0,2,0,0,0,0,1,8,1,1,9,130,22,0,0,1,0,0,0,0,0,0,0,0,0,0,0,0,0,0,0,0,4,0,0,0,0,0,0,0,1,5,1,1,0,0,0,0,0,0,1,1,0,13,2,7,0,0,0,0,2,0,0,2,0,0,0,0,0,1,0,0,0,0,0,0,0,0,0,3,0,0,0,0,0,5,0,0,0,0,0,0,0,0,0,0,0,0,2,10,0,0,0,0,0,0,0,0,0,0,0,0,1,0,0,4,0,0,0,0,0,0,0,0,0,0,0,0,0,0,0,0,0,0,0,0,0,0,0,0,0,0,0,0,0,0,0,0,0,0,0,0,4,0,0,0,0,0,0,0,0,0,0,0,0,7,0,0,0,3,0,0,0,0,0,0,0,0,1,0,0,0,0,0,0,1,0,0,0,0,0,0,0,13,0,9,0,1,1,2,6,0,0,0,7,0,0,0,0,0,0,1,2,0,0,0,0,0,0,0,0,0,1,0,0,0,0,0,0,0,0,352,0,31,3,125,14,58,34,144,10,7,0,0,0,2,0,9,1,137,9,31,70,4,6,0,13,1,2,8,0,0,0,0,1,0,0,0,0,0,1,0,1,2,0,0,0,0,0,0,3,0,5,2,0,0,2,0,3,0,0,0,0,2,0,0,0,0,0,0,0,1,0,5,0,0,0,0,0,0,0,2,0,1,0,0,0,0,0,0,0,0,0,0,0,0,0,0,0,0,0,0,0,0,0,0,0,0,0,0,0,0,0,0,0,0,0,0,0,0,0,0,0,0,0,371,32,0,126,0,17,0,58,37,151,1,0,11,31,0,77,0,7,0,2,0,0,0,0,3,0,142,13,0,9,0,0,5,2,0,0,1,0,1,0,0,4,1,0,0,0,1,0,0,7,0,0,0,0,0,0,0,0,0,13,0,0,9,0,0,0,2,3,3,0,1,0,0,0,0,0,0,0,0,0,0,0,5,0,0,0,0,0,0,0,0,0,0,0,0,0,0,0,0,0,0,0,0,0,0,0,0,0,0,0,0,0,0,0,0,0,0,0,0,0,0,290,76,24,8,122,16,0,0,14,3,50,10,35,1,133,5,0,0,9,2,22,8,33,7,0,1,0,0,0,7,1,2,124,16,0,9,0,0,0,1,0,1,4,1,0,0,0,6,0,0,0,1,0,0,1,11,2,8,2,0,0,1,1,3,0,0,0,0,1,0,0,10,0,0,0,0,0,1,0,0,2,0,0,0,2,1,1,35,1,0,0,0,2,0,0,0,0,14,0,0,0,0,0,0,0,1,0,0,0,0,0,0,0,0,0,0,0,0,0,0,0,0,4,0,0,0,0,0,0,0,0,0,0,0,0,0,0,0,0,0,0,0,0,0,0,0,0,0,0,88,22,370,181,355,2,345,545,0,0,322,69,0,20,0,102,1,17,25,1,36,39,5,0,35,112,11,0,0,8,11,0,2,6,0,25,31,0,0,2,2,0,0,0,0,45,37,6,11,212,152,6,75,90,3,114,132,13,194,248,7,0,0,0,0,0,6,8,8,31,2,0,12,7,1,0,0,0,35,52,2,0,1,3,14,0,24,1,0,0,0,10,14,2,10,4,1,2,0,0,0,18,17,0,46,46,1,8,3,8,0,0,0,0,5,0,1,10,11,0,0,10,1,1,0,0,0,0,0,0,2,0,0,0,0,0,0,0,0,0,0,0,0,4,9,75,0,20,1,26,11,332,9,6,151,7,22,229,14,22,410,0,0,0,0,13,1,3,36,0,0,3,16,0,0,0,0,5,12,71,1,0,3,0,13,1,24,0,1,2,0,0,0,2,0,3,23,0,0,0,0,0,1,14,0,1,0,0,2,0,3,2,29,0,2,8,83,0,11,1,0,7,1,2,0,0,0,0,0,1,1,0,0,1,1,0,5,0,0,0,0,0,1,20,0,0,2,0,0,0,0,0,0,0,0,0,2,0,0,0,0,0,0,0,0,0,0,0,0,0,0,0,0,0,0,0,0,0,0,0,0,2,0,0,0,0,0,0,0,9,1,14,9,28,29,0,0,13,4,0,3,0,16,0,0,1,0,3,1,0,0,1,10,0,0,0,0,3,0,0,79,20,347,156,229,417,37,17,71,6,14,83,0,8,0,0,9,3,0,0,0,0,2,23,2,11,16,0,1,3,24,0,0,0,33,0,1,0,0,18,1,2,1,0,0,2,1,0,0,0,0,0,0,0,1,0,0,0,0,0,85,3,0,22,312,56,2,161,6,1,253,1,5,439,9,1,0,0,0,0,0,8,6,39,2,0,20,0,0,0,0,87,1,1,0,0,17,0,0,17,8,0,1,0,0,1,26,0,0,14,0,1,2,0,0,35,0,93,0,0,11,0,7,1,0,0,0,2,0,21,0,0,0,0,0,0,0,0,0,0,0,4,2,0,0,0,0,0,0,0,0,0,0,2,0,0,0,0,0,28,44,210,160,10,6,7,16,0,1,0,1,7,4,16,0,0,1,1,0,2,0,0,0,1,0,0,0,19,3,32,18,16,1,7,133,51,90,46,50,162,253,446,0,0,14,41,0,20,0,89,0,0,0,1,0,0,8,2,7,4,3,11,0,7,0,0,1,0,0,25,15,2,0,35,93,11,2,3,3,0,0,1,1,3,1,0,0,21,5,4,5,0,0,0,0,2,0,3,0,0,0,0,2,3,0,3,0,0,0,0,0,0,0,0,0,0,0,1,0,0,1,0,2,0,0,0,0,0,0,0,0,0,0,0,0,0,1,0,0,0,0,0,0,0,0,0,0,0,2,0,0,0,0,0,0,0,0,0,0,0,0,0,0,0,0,0,0,0,0,1,0,0,4,0,0,0,1,0,0,0,0,0,0,0,0,0,0,0,0,0,0,0,0,0,0,0,0,0,0,0,0,1,0,0,0,0,0,0,0,0,0,0,0,0,0,0,0,0,0,0,0,0,0,0,0,0,0,0,0,0,0,0,0,0,0,0,0,0,0,0,0,0,0,0,0,0,0,0,0,0,0,0,0,0,0,0,0,1,0,0,0,0,0,0,0,0,0,0,1,0,0,0,0,0,0,0,0,0,0,0,0,0,0,0,0,0,0,0,0,0,0,0,0,0,0,0,0,0,0,0,0,0,0,0,0,0,0,0,0,0,0,0,0,0,0,0,0,0,0,0,0,0,0,0,0,2,0,0,1,0,0,0,0,0,0,0,0,0,0,2,0,0,0,0,0,0,0,0,0,0,0,0,0,0,0,0,0,0,0,0,0,0,0,0,0,0,0,0,0,0,0,0,0,0,0,0,0,0,0,0,0,0,0,0,0,0,0,0,0,0,0,0,0,0,0,0,0,0,0,0,0,0,0,0,0,0,0,0,0,0,0,0,0,0,0,0,0,0,0,0,0,0,0,0,0,0,0,0,0,0,0,0,0,0,0,0,0,0,0,0,0,0,0,0,0,0,0,0,0,0,0,0,0,0,0,0,0,0,0,0,0,0,0,0,0,0,0,0,0,0,0,0,0,0,0,0,0,0,0,0,0,0,0,0,0,0,0,0,0,0,0,0,0,0,0,0,0,0,0,0,0,0,0,0,0,0,0,0,0,0,0,0,0,0,0,0,0,0,0,0,0,0,0,0,0,0,0,0,0,0,0,0,0,0,0,0,0,0,0,0,0,0,0,0,0,0,0,0,0,0,0,0,0,0,0,0,0,0,0,0,0,0,0,0,0,0,0,0,0,0,0,0,0,0,0,0,0,0,0,0,0,0,0,0,0,0,0,0,0,0,0,0,0,0,0,0,0,0,0,0,0,0,0,0,0,0,0,0,0,0,0,0,0,0,0,0,0,0,0,0,0,0,0,0,0,0,0,0,0,0,0,0,0,0,0,0,0,0,0,0,0,0,0,0,0,0,0,0,0,0,0,0,0,0,0,0,0,0,0,0,0,0,0,0,0,0,0,0,0,0,0,0,0,0,0,0,0,0,0,0,0,0,0,0,0,0,0,0,0,0,0,0,0,0,0,0,0,0,0,0,0,0,0,0,0,0,0,0,0,0,0,0,0,0,0,0,0,0,0,0,0,0,0,0,0,0,0,0,0,0,0,0,0,0,0,0,0,0,0,0,0,0,0,0,0,0,0,0,0,0,0,0,0,0,0,0,0,0,0,0,0,0,0,0,0,0,0,0,0,0,0,0,0,0,0,0,0,0,0,0,0,0,0,0,0,0,0,0,0,0,0,0,0,0,0,0,0,0,0,0,0,0,0,0,0,0,1,0,0,0,0,0,0,1,0,0,0,0,0,0,0,0,0,0,0,0,1,0,0,0,0,0,1,0,0,0,0,0,0,1,0,0,0,0,0,0,0,0,0,1,0,0,0,0,0,0,0,0,0,0,0,0,0,1,0,0,0,0,0,0,0,0,0,0,0,0,0,0,0,0,0,0,0,0,0,0,0,0,0,0,0,0,0,0,0,0,0,0,0,1,0,0,0,0,0,1,0,0,0,0,0,1,0,0,0,0,0,0,0,0,1,0,0,1,0,0,0,0,0,1,0,0,0,0,0,0,0,0,0,0,0,0,0,0,0,0,0,0,0,0,0,0,0,0,0,0,0,0,0,0,0,0,0,0,0,0,0,0,0,0,0,0,0,0,0,0,0,0,0,0,0,0,0,0,0,0,0,0,0,0,0,0,0,0,0,0,0,0,0,0,0,0,0,0,0,0,0,0,0,0,0,0,0,0,0,0,0,0,0,0,0,0,0,0,0,0,0,0,0,0,0,0,0,0,0,0,0,0,0,0,0,0,0,0,0,0,0,0,0,0,0,0,0,0,0,0,0,0,0,0,0,0,0,0,0,0,0,0,0,0,0,0,0,0,0,0,0,0,0,0,0,0,0,0,0,0,0,0,0,0,0,0,0,0,0,0,0,0,0,0,0,0,0,0,0,0,0,0,0,0,0,0,0,0,0,0,0,0,0,0,0,0,0,0,0,0,0,0,0,0,0,0,0,0,0,0,0,0,0,0,0,0,0,0,0,0,0,0,0,0,0,0,0,0,0,0,0,0,0,0,0,0,0,0,0,0,0,0,0,0,0,0,0,0,0,0,0,0,0,0,0,0,0,0,0,0,0,0,0,0,0,0,0,0,0,0,0,0,0,0,0,0,0,0,0,0,0,0,0,0,0,0,0,0,0,0,0,0,0,0,0,0,0,0,0,0,0,0,0,0,0,0,0,0,0,0,0,0,0,0,0,0,0,0,0,0,0,0,0,0,0,0,0,0,0,0,0,0,0,0,0,0,0,0,0,0,0,0,0,0,0,0,0,0,0,0,0,0,0,0,0,0,0,0,0,0,0,0,0,0,0,0,0,0,0,0,0,0,0,0,0,0,0,0,0,0,0,0,0,0,0,0,0,0,0,0,0,0,0,0,0,0,0,0,0,0,0,0,0,0,0,0,0,0,0,0,0,0,0,0,0,0,0,0,0,0,0,0,0,0,0,0,0,0,0,0,0,0,0,0,0,0,0,0,0,0,0,0,0,0,0,0,0,0,0,0,0,0,0,0,0,0,0,0,0,0,0,0,0,0,0,0,0,0,0,0,0,0,0,0,0,0,0,0,0,0,0,0,0,0,0,0,0,0,0,0,0,0,0,0,0,0,0,0,0,0,0,0,0,0,0,0,0,0,0,0,0,0,0,0,0,0,0,0,0,0,0,0,0,0,0,0,0,0,0,0,0,0,0,0,0,0,0,0,0,0,0,0,0,0,0,0,0,0,0,0,0,0,0,0,0,0,0,0,0,0,0,0,0,0,0,0,0,0,0,0,0,0,0,0,0,0,0,0,0,0,0,0,0,0,0,0,0,0,0,0,0,0,0,0,0,0,0,0,0,0,0,0,0,0,0,0,0,0,0,0,0,0,0,0,0,0,0,0,0,0,0,0,0,0,0,0,0,0,0,0,0,0,0,0,0,0,0,0,0,0,0,0,0,0,0,0,0,0,0,0,0,0,0,0,0,0,0,0,0,0,0,0,0,0,0,0,0,0,0,0,0,0,0,0,0,0,0,0,0,0,0,0,0,0,0,0,0,0,0,0,0,0,0,0,0,0,0,0,0,0,0,0,0,0,0,0,0,0,0,0,0,0,0,0,0,0,0,0,0,0,0,0,0,0,0,0,0,0,0,0,0,0,0,0,0,0,0,0,0,0,0,0,0,0,0,0,0,0,0,0,0,0,0,0,0,0,0,0,0,0,0,0,0,0,0,0,0,0,0,0,0,0,0,0,0,0,0,0,0,0,0,0,0,0,0,0,0,0,0,0,0,0,0,0,0,0,0,0,0,0,0,0,0,0,0,0,0,0,0,0,0,0,0,0,0,0,0,0,0,0,0,0,0,0,0,0,0,0,0,0,0,0,0,0,0,0,0,0,0,0,0,0,0,0,0,0,0,0,0,0,0,0,0,0,0,0,0,0,0,0,0,0,0,0,0,0,0,0,0,0,0,0,0,0,0,0,0,0,0,0,0,0,0,0,0,0,0,0,0,0,0,0,0,0,0,0,0,0,0,0,0,0,0,0,0,0,0,0,0,0,0,0,0,0,0,0,0,0,0,0,0,0,0,0,0,0,0,0,0,0,0,0,0,0,0,0,0,0,0,0,0,0,0,0,0,0,0,0,0,0,0,0,0,0,0,0,0,0,0,0,0,0,0,0,0,0,0,0,0,0,0,0,0,0,0,0,0,0,0,0,0,0,0,0,0,0,0,0,0,0,0,0,0,0,0,0,0,0,0,0,0,0,0,0,0,0,0,0,0,0,0,0,0,0,0,0,0,0,0,0,0,0,0,0,0,0,0,0,0,0,0,0,0,0,0,0,0,0,0,0,0,0,0,0,0,0,0,0,0,0,0,0,0,0,0,0,0,0,0,0,0,0,0,0,0,0,0,0,0,0,0,0,0,0,0,0,0,0,0,0,0,0,0,0,0,0,0,0,0,0,0,0,0,0,0,0,0,0,0,0,0,0,0,0,0,0,0,0,0,0,0,0,0,0,0,0,0,0,0,0,0,0,0,0,0,0,0,0,0,0,0,0,0,0,0,0,0,0,0,0,0,0,0,0,0,0,0,0,0,0,0,0,0,0,0,0,0,0,0,0,0,0,0,0,0,0,0,0,0,0,0,0,0,0,0,0,0,0,0,0,0,0,0,0,0,0,0,0,0,0,0,0,0,0,0,0,0,0,0,0,0,0,0,0,0,0,0,0,0,0,0,0,0,0,0,0,0,0,0,0,0,0,0,0,0,0,0,0,0,0,0,0,0,0,0,0,0,0,0,0,0,0,0,0,0,0,0,0
WV0540100,2020,Parkersburg Police Department,West Virginia,29096,48,10,312,251,290,2,180,575,0,0,343,10,0,30,0,95,2,23,27,1,34,36,6,0,57,57,7,0,0,5,5,0,1,13,0,27,25,0,0,1,0,0,0,0,0,13,27,8,1,1,0,7,15,1,0,27,1,0,0,0,1,3,13,15,4,1,6,1,0,0,0,0,0,0,0,0,0,18,0,0,27,2,1,7,0,133,0,13,151,8,7,17,233,0,1,17,264,4,0,92,81,0,14,3,553,4,1,0,0,0,0,48,293,1,1,1,9,0,0,0,0,0,2,28,0,0,0,0,7,81,3,3,0,1,3,18,2,0,23,0,1,1,0,0,0,0,1,31,0,0,31,0,1,2,4,1,0,0,56,0,1,52,0,1,7,0,0,0,3,0,0,0,4,0,1,0,0,12,1,0,8,0,12,0,0,2,0,3,0,4,0,0,0,0,0,0,0,0,0,0,19,11,0,0,0,0,0,1,2,0,2,2,1,0,0,0,0,0,0,0,0,0,0,0,0,0,0,0,0,0,3,1,4,0,0,0,0,0,1,1,0,0,0,0,0,0,0,0,0,0,0,0,0,0,0,2,0,0,0,0,0,0,0,0,0,0,0,0,0,0,0,0,0,0,0,0,0,0,0,0,0,0,0,0,1,0,0,0,0,0,0,0,0,0,0,0,0,0,0,0,0,0,0,0,0,24,4,19,0,5,200,33,59,12,159,71,14,5,110,69,7,1,28,22,125,5,248,129,182,7,0,0,0,0,0,0,0,0,3,340,1,6,2,0,0,0,0,6,3,21,0,0,0,0,0,37,14,44,0,2,0,0,7,8,8,22,2,3,1,0,0,101,0,0,0,22,4,7,1,1,30,4,0,0,6,0,0,14,39,16,39,2,0,4,0,0,0,0,5,0,0,0,0,0,4,0,0,11,2,0,0,3,6,18,9,1,13,2,0,1,2,2,0,1,0,0,0,0,1,0,0,0,0,0,0,0,0,4,3,0,1,0,0,0,0,2,0,8,1,0,1,3,0,0,0,0,9,0,0,0,0,0,1,0,0,0,0,0,0,0,0,0,0,0,0,0,0,0,0,0,1,0,0,0,0,0,0,0,0,0,0,0,0,0,0,0,0,0,0,0,0,0,2,153,27,24,12,22,5,22,3,0,0,0,0,50,10,327,272,305,2,205,598,0,0,376,12,0,30,0,103,2,32,27,1,35,40,7,0,62,64,7,0,0,6,5,0,1,13,0,35,26,0,0,1,0,0,0,0,0,4,37,9,0,9,75,227,25,14,67,191,26,82,197,0,2,0,47,155,3,47,107,444,0,0,0,0,0,0,150,137,89,1,4,7,0,0,0,1,3,26,0,0,0,16,36,51,0,2,0,4,18,10,1,23,3,1,1,7,27,4,15,21,3,4,0,0,6,21,35,9,18,37,0,0,7,0,0,0,1,4,1,3,0,0,1,0,11,2,0,0,0,0,9,24,2,2,19,5,1,0,0,0,0,0,0,0,0,0,0,2,0,0,0,0,0,0,0,0,0,0,0,0,0,0,0,0,0,0,0,0,0,0,0,5,11,34,0,8,0,29,33,265,0,6,202,64,7,200,98,0,2,16,8,181,0,7,460,131,0,0,0,0,0,0,0,6,101,269,0,7,5,0,0,0,26,4,0,0,0,2,53,48,0,1,1,4,10,18,1,4,22,0,0,1,0,0,0,29,6,0,0,2,21,17,0,0,0,1,1,5,0,3,41,18,0,1,41,22,0,7,0,0,0,1,1,4,0,0,0,0,0,0,3,0,0,0,0,1,0,1,2,10,0,0,0,0,0,4,31,2,8,16,0,2,0,0,0,0,0,0,0,0,0,0,0,0,0,0,0,0,0,0,2,0,0,0,0,0,0,0,0,0,0,0,0,0,0,0,0,0,0,0,0,0,0,0,0,0,0,0,0,0,0,0,0,0,0,0,0,0,0,0,0,0,0,0,0,0,0,0,0,0,0,0,0,0,0,0,0,0,0,0,0,0,40,1,9,8,1,269,40,18,81,3,188,91,19,195,2,0,195,9,1,149,7,442,0,0,0,0,0,0,295,1,80,5,0,7,0,0,4,0,26,0,0,0,49,3,51,2,0,21,2,9,21,3,3,1,0,0,0,0,8,1,26,19,0,21,7,0,0,0,27,0,35,27,0,37,0,7,0,0,0,5,0,1,2,0,0,1,0,9,2,2,0,0,0,34,0,1,21,2,3,1,0,0,0,0,0,0,0,0,0,3,0,0,0,0,0,0,0,0,0,0,0,0,0,0,0,0,0,0,0,215,17,130,2,17,39,36,99,10,0,8,52,1,0,1,0,0,7,4,11,0,1,1,0,3,3,0,0,0,10,0,0,0,18,5,2,2,1,0,0,0,4,0,1,0,0,0,0,0,0,0,0,0,1,0,47,168,16,29,101,0,2,14,12,27,12,24,24,75,5,5,0,0,7,23,0,1,0,0,1,0,0,0,6,1,3,2,9,1,3,0,0,29,0,1,1,0,1,3,3,0,1,0,0,0,1,9,0,0,0,0,0,0,0,0,5,13,0,5,0,2,0,2,0,0,1,0,0,0,0,0,0,0,4,0,0,0,1,0,0,0,0,0,0,0,0,0,0,0,0,0,0,0,0,0,0,1,0,0,0,0,0,0,0,0,0,0,12,189,1,16,113,0,2,1,15,3,33,1,30,8,89,0,10,0,0,7,1,47,0,1,0,0,1,0,0,0,0,1,5,0,4,2,9,11,0,0,0,0,1,1,0,0,0,0,0,0,0,0,0,0,0,0,0,3,0,0,0,0,0,0,0,2,8,1,0,0,0,0,0,0,0,0,3,0,18,1,1,0,0,1,0,1,0,0,1,0,0,0,0,0,0,0,0,0,0,0,0,0,0,0,2,0,0,0,0,0,4,0,0,0,0,0,0,0,0,0,0,0,0,5,13,0,0,0,0,0,1,0,0,0,0,0,0,3,0,0,4,0,0,0,1,0,0,0,0,0,0,0,0,0,0,0,0,0,0,0,0,0,0,0,0,0,0,0,0,0,0,0,0,0,0,0,0,2,0,0,0,0,0,0,1,0,0,0,0,0,6,0,0,0,0,0,1,0,0,0,0,0,0,0,0,0,0,0,0,0,0,0,0,0,0,0,0,0,15,1,6,0,1,5,4,7,0,0,1,6,0,0,0,0,0,1,0,0,0,0,0,0,0,1,0,0,0,0,0,0,0,0,3,0,0,0,195,10,16,1,122,16,33,31,92,0,1,0,0,2,0,0,6,0,11,2,7,45,2,10,0,18,1,2,2,0,0,0,0,1,1,0,0,0,0,3,0,0,0,0,0,0,1,0,0,2,0,4,4,0,0,1,0,3,0,0,0,0,0,0,0,0,0,0,0,0,0,0,2,0,0,0,0,0,0,0,0,0,0,0,0,1,0,0,0,0,1,0,0,0,0,0,0,0,0,0,0,0,0,0,0,0,1,0,0,0,0,0,0,0,0,0,0,0,0,0,0,0,0,0,212,17,0,116,2,15,2,39,36,97,2,10,0,8,0,52,0,1,0,1,0,0,0,2,4,0,11,14,0,5,1,0,3,0,0,0,1,0,3,0,0,3,0,0,0,0,0,0,0,9,1,0,0,0,0,0,0,0,0,18,0,0,5,0,0,0,2,2,1,0,0,0,0,0,0,0,0,0,0,0,0,0,4,0,0,0,0,0,0,1,0,0,0,0,0,0,0,0,0,0,0,0,0,0,0,0,0,0,0,0,0,0,0,0,0,0,1,0,0,0,0,160,51,13,4,104,25,2,0,11,6,32,6,33,1,77,2,9,1,0,0,5,2,20,1,0,1,0,0,0,6,1,1,11,0,0,6,1,0,0,1,0,2,3,0,0,0,0,8,2,0,0,0,0,0,0,15,3,4,1,0,0,0,1,1,0,1,0,0,2,0,0,4,1,0,0,0,0,1,0,0,2,0,0,0,0,1,1,26,0,0,0,0,1,0,0,0,0,20,0,0,0,0,2,0,0,1,0,0,0,0,0,0,0,0,0,0,0,0,0,0,0,0,3,0,0,0,0,0,0,0,0,0,0,1,0,0,0,1,0,0,0,0,0,0,0,0,0,0,0,52,10,336,276,308,2,180,603,0,0,345,14,0,35,0,98,2,27,27,2,43,36,7,0,58,66,7,0,0,5,5,0,1,15,0,28,25,0,0,1,0,0,0,0,0,19,33,0,6,200,128,8,94,118,7,89,123,10,216,259,11,0,0,0,0,1,1,2,0,9,0,0,13,18,0,0,0,0,33,56,1,0,2,6,15,0,26,0,2,0,0,9,27,0,7,2,0,1,0,0,0,37,17,3,29,19,1,5,2,4,1,0,0,0,13,0,1,6,14,1,0,4,2,0,0,0,0,0,0,0,1,0,0,0,0,0,0,0,0,0,0,0,0,2,1,49,0,10,1,9,21,305,7,16,194,8,27,186,17,38,431,0,0,0,0,2,2,0,9,0,0,9,22,0,0,0,0,1,11,78,0,2,1,1,18,1,22,1,1,2,0,0,0,0,1,4,31,0,0,0,0,0,2,7,1,0,0,0,1,0,1,7,49,0,0,9,40,0,3,0,0,5,0,0,0,0,0,0,0,0,0,0,0,1,1,1,13,0,0,4,0,0,3,18,0,0,0,0,4,0,0,0,0,0,0,0,1,0,0,0,0,0,0,0,0,0,0,0,0,0,0,0,0,0,0,0,0,0,0,0,0,0,0,0,0,0,0,0,0,3,0,22,18,28,47,0,0,2,0,0,8,0,10,0,2,4,0,5,3,0,0,10,9,4,0,1,0,3,0,0,48,10,310,198,192,434,9,22,79,14,6,39,0,5,0,0,4,3,0,0,1,0,1,31,2,3,19,0,0,5,23,0,1,0,47,0,2,0,0,18,2,1,2,0,0,1,0,1,0,0,0,0,0,0,0,0,0,0,0,0,50,2,0,9,303,32,1,217,0,2,216,2,4,475,9,2,0,0,0,0,0,4,0,9,0,0,31,0,0,0,0,90,0,2,0,0,20,1,0,18,9,0,2,0,0,0,36,0,0,9,0,0,1,0,0,56,0,49,0,0,7,0,5,0,0,0,0,10,0,20,0,1,0,0,1,0,0,0,0,0,0,5,1,0,0,0,0,0,0,0,0,1,0,0,0,0,0,0,0,10,24,228,108,7,11,7,19,2,0,0,2,2,12,18,0,0,3,3,0,1,0,0,1,0,0,0,0,9,4,18,11,10,1,5,127,37,113,33,26,216,214,486,0,0,4,9,0,31,0,90,0,1,1,0,1,0,8,3,9,6,4,13,1,3,0,2,0,0,0,36,9,1,0,57,49,7,4,0,0,0,1,4,6,0,3,0,0,21,2,1,1,0,0,0,0,0,0,6,0,0,0,0,0,1,1,2,0,0,0,0,0,0,2,0,0,0,0,0,0,0,0,0,1,0,0,0,0,0,0,0,0,0,0,0,0,0,0,0,0,0,0,0,0,0,0,0,0,0,0,0,0,0,0,0,0,0,0,0,0,0,0,0,0,0,0,0,0,0,0,0,0,0,7,0,0,0,0,0,0,0,0,0,0,0,0,0,0,0,0,0,0,0,0,0,0,0,0,0,0,1,0,1,0,0,0,0,0,0,0,0,1,0,0,0,0,0,0,0,0,0,0,0,0,0,0,0,0,0,0,0,0,0,0,0,0,0,0,0,0,0,0,0,0,0,0,0,0,0,0,0,0,0,0,0,3,0,0,0,0,0,0,1,0,0,0,0,0,0,0,0,0,0,0,0,0,0,0,0,0,0,0,0,0,0,0,0,0,0,0,0,0,0,0,0,0,0,0,0,0,0,0,0,0,0,0,0,0,0,0,0,0,0,0,0,0,0,0,0,0,0,0,0,0,0,0,0,0,0,0,0,0,0,0,0,0,0,0,0,0,0,0,0,0,0,0,0,0,0,0,0,1,0,0,0,0,0,0,0,0,0,0,0,0,0,0,0,0,0,0,0,0,0,0,0,0,0,0,0,0,0,0,0,0,0,0,0,0,0,0,0,0,0,0,0,0,0,0,0,0,0,0,0,0,0,0,0,0,0,0,0,0,0,0,0,0,0,0,0,0,0,0,0,0,0,0,0,0,0,0,0,0,0,0,0,0,0,0,0,0,0,0,0,0,0,0,0,0,0,0,0,0,0,0,0,0,0,0,0,0,0,0,0,0,0,0,0,0,0,0,0,0,0,0,0,0,0,0,0,0,0,0,0,0,0,0,0,0,0,0,0,0,0,0,0,0,0,0,0,0,0,0,0,0,0,0,0,0,0,0,0,0,0,0,0,0,0,0,0,0,0,0,0,0,0,0,0,0,0,0,0,0,0,0,0,0,0,0,0,0,0,0,0,0,0,0,0,0,0,0,0,0,0,0,0,0,0,0,0,0,0,0,0,0,0,0,0,0,0,0,0,0,0,0,0,0,0,0,0,0,0,0,0,0,0,0,0,0,0,0,0,0,0,0,0,0,0,0,0,0,0,0,0,0,0,0,0,0,0,0,0,0,0,0,0,0,0,0,0,0,0,0,0,0,0,0,0,0,0,0,0,0,0,0,0,0,0,0,0,0,0,0,0,0,0,0,0,0,0,0,0,0,0,0,0,0,0,0,0,0,0,0,0,0,0,0,0,0,0,0,0,0,0,0,0,0,0,0,0,0,0,0,0,0,0,0,0,0,0,0,0,0,0,0,0,0,0,0,0,0,0,0,0,0,0,0,0,0,0,0,0,0,0,0,0,0,0,0,0,0,0,0,0,0,0,0,0,0,0,0,0,0,0,0,0,0,0,0,0,0,0,0,0,0,0,0,0,0,0,0,0,0,0,0,0,0,0,0,0,0,0,0,0,0,0,0,0,0,0,0,0,0,0,0,0,0,0,0,0,0,0,0,0,0,0,0,0,0,0,0,0,0,0,0,0,0,0,0,0,0,0,0,0,0,0,0,0,1,0,0,0,0,0,0,0,0,0,0,0,0,0,0,0,0,0,0,0,0,0,0,0,0,0,2,0,0,0,0,0,0,2,0,0,0,0,0,0,0,0,0,2,0,0,0,0,0,0,0,0,0,0,0,0,0,0,2,0,0,0,0,0,0,0,0,0,0,0,0,0,0,0,0,0,0,0,0,0,0,0,0,0,0,0,0,0,0,0,0,0,0,1,0,0,0,0,1,0,0,0,0,0,0,1,0,0,0,0,0,0,0,0,1,0,0,0,0,1,0,0,0,1,0,0,0,0,0,0,0,0,0,0,0,0,0,0,1,0,0,0,0,0,0,0,0,0,0,0,0,0,0,0,0,0,0,0,0,0,0,0,0,0,0,0,0,0,0,0,0,0,0,0,0,0,0,0,0,0,0,0,0,0,0,0,0,0,0,0,0,0,0,0,0,0,0,0,0,0,0,0,0,0,0,0,0,0,0,0,0,0,0,0,0,0,0,0,1,0,0,0,0,0,0,0,0,0,0,0,0,0,0,0,0,0,0,0,0,0,0,0,0,0,0,0,0,0,0,0,0,0,0,0,0,0,0,0,0,0,0,0,0,0,0,0,0,0,0,0,0,0,0,0,0,0,0,0,0,0,0,0,0,0,0,0,0,0,0,0,0,0,0,0,0,0,0,0,0,0,0,0,0,0,0,0,0,0,0,0,0,0,0,0,0,0,0,0,0,0,0,0,0,0,0,0,0,0,0,0,0,0,0,0,0,0,0,0,0,0,0,0,0,0,0,0,0,0,0,0,0,0,0,0,0,0,0,0,0,0,0,0,0,0,0,0,0,0,0,0,0,0,0,0,0,0,0,0,0,0,0,0,0,0,0,0,0,0,0,0,0,0,0,0,0,0,0,0,0,0,0,0,0,0,0,0,0,0,0,0,0,0,0,0,0,0,0,0,0,0,0,0,0,0,0,0,0,0,0,0,0,0,0,0,0,0,0,0,0,0,0,0,0,0,0,0,0,0,0,0,0,0,0,0,0,0,0,0,0,0,0,0,0,0,0,0,0,0,0,0,0,0,0,0,0,0,0,0,0,0,0,0,0,0,0,0,0,0,0,0,0,0,0,0,0,0,0,0,0,0,0,0,0,0,0,0,0,0,0,0,0,0,0,0,0,0,0,0,0,0,0,0,0,0,0,0,0,0,0,0,0,0,0,0,0,0,0,0,0,0,0,0,0,0,0,0,0,0,0,0,0,0,0,0,0,0,0,0,0,0,0,0,0,0,0,0,0,0,0,0,0,0,0,0,0,0,0,0,0,0,0,0,0,0,0,0,0,0,0,0,0,0,0,0,0,0,0,0,0,0,0,0,0,0,0,0,0,0,0,0,0,0,0,0,0,0,0,0,0,0,0,0,0,0,0,0,0,0,0,0,0,0,0,0,0,0,0,0,0,0,0,0,0,0,0,0,0,0,0,0,0,0,0,0,0,0,0,0,0,0,0,0,0,0,0,0,0,0,0,0,0,0,0,0,0,0,0,0,0,0,0,0,0,0,0,0,0,0,0,0,0,0,0,0,0,0,0,0,0,0,0,0,0,0,0,0,0,0,0,0,0,0,0,0,0,0,0,0,0,0,0,0,0,0,0,0,0,0,0,0,0,0,0,0,0,0,0,0,0,0,0,0,0,0,0,0,0,0,0,0,0,0,0,0,0,0,0,0,0,0,0,0,0,0,0,0,0,0,0,0,0,0,0,0,0,0,0,0,0,0,0,0,0,0,0,0,0,0,0,0,0,0,0,0,0,0,0,0,0,0,0,0,0,0,0,0,0,0,0,0,0,0,0,0,0,0,0,0,0,0,0,0,0,0,0,0,0,0,0,0,0,0,0,0,0,0,0,0,0,0,0,0,0,0,0,0,0,0,0,0,0,0,0,0,0,0,0,0,0,0,0,0,0,0,0,0,0,0,0,0,0,0,0,0,0,0,0,0,0,0,0,0,0,0,0,0,0,0,0,0,0,0,0,0,0,0,0,0,0,0,0,0,0,0,0,0,0,0,0,0,0,0,0,0,0,0,0,0,0,0,0,0,0,0,0,0,0,0,0,0,0,0,0,0,0,0,0,0,0,0,0,0,0,0,0,0,0,0,0,0,0,0,0,0,0,0,0,0,0,0,0,0,0,0,0,0,0,0,0,0,0,0,0,0,0,0,0,0,0,0,0,0,0,0,0,0,0,0,0,0,0,0,0,0,0,0,0,0,0,0,0,0,0,0,0,0,0,0,0,0,0,0,0,0,0,0,0,0,0,0,0,0,0,0,0,0,0,0,0,0,0,0,0,0,0,0,0,0,0,0,0,0,0,0,0,0,0,0,0,0,0,0,0,0,0,0,0,0,0,0,0,0,0,0,0,0,0,0,0,0,0,0,0,0,0,0,0,0,0,0,0,0,0,0,0,0,0,0,0,0,0,0,0,0,0,0,0,0,0,0,0,0,0,0,0,0,0,0,0,0,0,0,0,0,0,0,0,0,0,0,0,0,0,0,0,0,0,0,0,0,0,0,0,0,0,0,0,0,0,0,0,0,0,0,0,0,0,0,0,0,0,0,0,0,0,0,0,0,0,0,0,0,0,0,0,0,0,0,0,0,0,0,0,0,0,0,0,0,0,0,0,0,0,0,0,0,0,0,0,0,0,0,0,0,0,0,0,0,0,0,0,0,0,0,0,0,0,0,0,0,0,0,0,0,0,0,0,0,0,0,0,0,0,0,0,0,0,0,0,0,0,0,0,0,0,0,0,0,0,0,0,0,0,0,0,0,0,0,0,0,0,0,0,0,0,0,0,0,0,0,0,0,0,0,0,0,0,0,0,0,0,0,0,0,0,0,0,0,0,0,0,0,0,0,0,0,0,0,0,0,0,0,0,0,0,0,0,0,0,0,0,0,0,0,0,0,0,0,0,0,0,0,0,0,0,0,0,0,0,0,0,0,0,0,0,0,0,0,0,0,0,0,0,0,0,0,0,0,0,0,0,0,0,0,0,0,0,0,0,0,0,0,0,0,0,0,0,0,0,0,0,0,0,0,0,0,0,0
WV0540100,2019,Parkersburg Police Department,West Virginia,,,,,,,,,,,,,,,,,,,,,,,,,,,,,,,,,,,,,,,,,,,,,,,,,,,,,,,,,,,,,,,,,,,,,,,,,,,,,,,,,,,,,,,,,,,,,,,,,,,,,,,,,,,,,,,,,,,,,,,,,,,,,,,,,,,,,,,,,,,,,,,,,,,,,,,,,,,,,,,,,,,,,,,,,,,,,,,,,,,,,,,,,,,,,,,,,,,,,,,,,,,,,,,,,,,,,,,,,,,,,,,,,,,,,,,,,,,,,,,,,,,,,,,,,,,,,,,,,,,,,,,,,,,,,,,,,,,,,,,,,,,,,,,,,,,,,,,,,,,,,,,,,,,,,,,,,,,,,,,,,,,,,,,,,,,,,,,,,,,,,,,,,,,,,,,,,,,,,,,,,,,,,,,,,,,,,,,,,,,,,,,,,,,,,,,,,,,,,,,,,,,,,,,,,,,,,,,,,,,,,,,,,,,,,,,,,,,,,,,,,,,,,,,,,,,,,,,,,,,,,,,,,,,,,,,,,,,,,,,,,,,,,,,,,,,,,,,,,,,,,,,,,,,,,,,,,,,,,,,,,,,,,,,,,,,,,,,,,,,,,,,,,,,,,,,,,,,,,,,,,,,,,,,,,,,,,,,,,,,,,,,,,,,,,,,,,,,,,,,,,,,,,,,,,,,,,,,,,,,,,,,,,,,,,,,,,,,,,,,,,,,,,,,,,,,,,,,,,,,,,,,,,,,,,,,,,,,,,,,,,,,,,,,,,,,,,,,,,,,,,,,,,,,,,,,,,,,,,,,,,,,,,,,,,,,,,,,,,,,,,,,,,,,,,,,,,,,,,,,,,,,,,,,,,,,,,,,,,,,,,,,,,,,,,,,,,,,,,,,,,,,,,,,,,,,,,,,,,,,,,,,,,,,,,,,,,,,,,,,,,,,,,,,,,,,,,,,,,,,,,,,,,,,,,,,,,,,,,,,,,,,,,,,,,,,,,,,,,,,,,,,,,,,,,,,,,,,,,,,,,,,,,,,,,,,,,,,,,,,,,,,,,,,,,,,,,,,,,,,,,,,,,,,,,,,,,,,,,,,,,,,,,,,,,,,,,,,,,,,,,,,,,,,,,,,,,,,,,,,,,,,,,,,,,,,,,,,,,,,,,,,,,,,,,,,,,,,,,,,,,,,,,,,,,,,,,,,,,,,,,,,,,,,,,,,,,,,,,,,,,,,,,,,,,,,,,,,,,,,,,,,,,,,,,,,,,,,,,,,,,,,,,,,,,,,,,,,,,,,,,,,,,,,,,,,,,,,,,,,,,,,,,,,,,,,,,,,,,,,,,,,,,,,,,,,,,,,,,,,,,,,,,,,,,,,,,,,,,,,,,,,,,,,,,,,,,,,,,,,,,,,,,,,,,,,,,,,,,,,,,,,,,,,,,,,,,,,,,,,,,,,,,,,,,,,,,,,,,,,,,,,,,,,,,,,,,,,,,,,,,,,,,,,,,,,,,,,,,,,,,,,,,,,,,,,,,,,,,,,,,,,,,,,,,,,,,,,,,,,,,,,,,,,,,,,,,,,,,,,,,,,,,,,,,,,,,,,,,,,,,,,,,,,,,,,,,,,,,,,,,,,,,,,,,,,,,,,,,,,,,,,,,,,,,,,,,,,,,,,,,,,,,,,,,,,,,,,,,,,,,,,,,,,,,,,,,,,,,,,,,,,,,,,,,,,,,,,,,,,,,,,,,,,,,,,,,,,,,,,,,,,,,,,,,,,,,,,,,,,,,,,,,,,,,,,,,,,,,,,,,,,,,,,,,,,,,,,,,,,,,,,,,,,,,,,,,,,,,,,,,,,,,,,,,,,,,,,,,,,,,,,,,,,,,,,,,,,,,,,,,,,,,,,,,,,,,,,,,,,,,,,,,,,,,,,,,,,,,,,,,,,,,,,,,,,,,,,,,,,,,,,,,,,,,,,,,,,,,,,,,,,,,,,,,,,,,,,,,,,,,,,,,,,,,,,,,,,,,,,,,,,,,,,,,,,,,,,,,,,,,,,,,,,,,,,,,,,,,,,,,,,,,,,,,,,,,,,,,,,,,,,,,,,,,,,,,,,,,,,,,,,,,,,,,,,,,,,,,,,,,,,,,,,,,,,,,,,,,,,,,,,,,,,,,,,,,,,,,,,,,,,,,,,,,,,,,,,,,,,,,,,,,,,,,,,,,,,,,,,,,,,,,,,,,,,,,,,,,,,,,,,,,,,,,,,,,,,,,,,,,,,,,,,,,,,,,,,,,,,,,,,,,,,,,,,,,,,,,,,,,,,,,,,,,,,,,,,,,,,,,,,,,,,,,,,,,,,,,,,,,,,,,,,,,,,,,,,,,,,,,,,,,,,,,,,,,,,,,,,,,,,,,,,,,,,,,,,,,,,,,,,,,,,,,,,,,,,,,,,,,,,,,,,,,,,,,,,,,,,,,,,,,,,,,,,,,,,,,,,,,,,,,,,,,,,,,,,,,,,,,,,,,,,,,,,,,,,,,,,,,,,,,,,,,,,,,,,,,,,,,,,,,,,,,,,,,,,,,,,,,,,,,,,,,,,,,,,,,,,,,,,,,,,,,,,,,,,,,,,,,,,,,,,,,,,,,,,,,,,,,,,,,,,,,,,,,,,,,,,,,,,,,,,,,,,,,,,,,,,,,,,,,,,,,,,,,,,,,,,,,,,,,,,,,,,,,,,,,,,,,,,,,,,,,,,,,,,,,,,,,,,,,,,,,,,,,,,,,,,,,,,,,,,,,,,,,,,,,,,,,,,,,,,,,,,,,,,,,,,,,,,,,,,,,,,,,,,,,,,,,,,,,,,,,,,,,,,,,,,,,,,,,,,,,,,,,,,,,,,,,,,,,,,,,,,,,,,,,,,,,,,,,,,,,,,,,,,,,,,,,,,,,,,,,,,,,,,,,,,,,,,,,,,,,,,,,,,,,,,,,,,,,,,,,,,,,,,,,,,,,,,,,,,,,,,,,,,,,,,,,,,,,,,,,,,,,,,,,,,,,,,,,,,,,,,,,,,,,,,,,,,,,,,,,,,,,,,,,,,,,,,,,,,,,,,,,,,,,,,,,,,,,,,,,,,,,,,,,,,,,,,,,,,,,,,,,,,,,,,,,,,,,,,,,,,,,,,,,,,,,,,,,,,,,,,,,,,,,,,,,,,,,,,,,,,,,,,,,,,,,,,,,,,,,,,,,,,,,,,,,,,,,,,,,,,,,,,,,,,,,,,,,,,,,,,,,,,,,,,,,,,,,,,,,,,,,,,,,,,,,,,,,,,,,,,,,,,,,,,,,,,,,,,,,,,,,,,,,,,,,,,,,,,,,,,,,,,,,,,,,,,,,,,,,,,,,,,,,,,,,,,,,,,,,,,,,,,,,,,,,,,,,,,,,,,,,,,,,,,,,,,,,,,,,,,,,,,,,,,,,,,,,,,,,,,,,,,,,,,,,,,,,,,,,,,,,,,,,,,,,,,,,,,,,,,,,,,,,,,,,,,,,,,,,,,,,,,,,,,,,,,,,,,,,,,,,,,,,,,,,,,,,,,,,,,,,,,,,,,,,,,,,,,,,,,,,,,,,,,,,,,,,,,,,,,,,,,,,,,,,,,,,,,,,,,,,,,,,,,,,,,,,,,,,,,,,,,,,,,,,,,,,,,,,,,,,,,,,,,,,,,,,,,,,,,,,,,,,,,,,,,,,,,,,,,,,,,,,,,,,,,,,,,,,,,,,,,,,,,,,,,,,,,,,,,,,,,,,,,,,,,,,,,,,,,,,,,,,,,,,,,,,,,,,,,,,,,,,,,,,,,,,,,,,,,,,,,,,,,,,,,,,,,,,,,,,,,,,,,,,,,,,,,,,,,,,,,,,,,,,,,,,,,,,,,,,,,,,,,,,,,,,,,,,,,,,,,,,,,,,,,,,,,,,,,,,,,,,,,,,,,,,,,,,,,,,,,,,,,,,,,,,,,,,,,,,,,,,,,,,,,,,,,,,,,,,,,,,,,,,,,,,,,,,,,,,,,,,,,,,,,,,,,,,,,,,,,,,,,,,,,,,,,,,,,,,,,,,,,,,,,,,,,,,,,,,,,,,,,,,,,,,,,,,,,,,,,,,,,,,,,,,,,,,,,,,,,,,,,,,,,,,,,,,,,,,,,,,,,,,,,,,,,,,,,,,,,,,,,,,,,,,,,,,,,,,,,,,,,,,,,,,,,,,,,,,,,,,,,,,,,,,,,,,,,,,,,,,,,,,,,,,,,,,,,,,,,,,,,,,,,,,,,,,,,,,,,,,,,,,,,,,,,,,,,,,,,,,,,,,,,,,,,,,,,,,,,,,,,,,,,,,,,,,,,,,,,,,,,,,,,,,,,,,,,,,,,,,,,,,,,,,,,,,,,,,,,,,,,,,,,,,,,,,,,,,,,,,,,,,,,,,,,,,,,,,,,,,,,,,,,,,,,,,,,,,,,,,,,,,,,,,,,,,,,,,,,,,,,,,,,,,,,,,,,,,,,,,,,,,,,,,,,,,,,,,,,,,,,,,,,,,,,,,,,,,,,,,,,,,,,,,,,,,,,,,,,,,,,,,,,,,,,,,,,,,,,,,,,,,,,,,,,,,,,,,,,,,,,,,,,,,,,,,,,,,,,,,,,,,,,,,,,,,,,,,,,,,,,,,,,,,,,,,,,,,,,,,,,,,,,,,,,,,,,,,,,,,,,,,,,,,,,,,,,,,,,,,,,,,,,,,,,,,,,,,,,,,,,,,,,,,,,,,,,,,,,,,,,,,,,,,,,,,,,,,,,,,,,,,,,,,,,,,,,,,,,,,,,,,,,,,,,,,,,,,,,,,,,,,,,,,,,,,,,,,,,,,,,,,,,,,,,,,,,,,,,,,,,,,,,,,,,,,,,,,,,,,,,,,,,,,,,,,,,,,,,,,,,,,,,,,,,,,,,,,,,,
WV0540100,2018,Parkersburg Police Department,West Virginia,29933,117,53,374,496,297,2,246,568,0,1,417,43,1,167,5,162,3,17,23,1,22,135,9,2,76,79,11,0,0,12,7,1,0,18,2,19,28,0,0,0,0,0,0,0,0,19,92,6,0,3,0,4,13,0,0,22,1,1,0,2,1,10,18,20,2,1,6,0,0,0,0,0,0,0,0,0,0,39,0,0,76,2,0,34,0,136,0,2,236,0,0,26,470,0,0,36,258,0,0,119,126,0,28,0,539,1,0,0,0,1,0,125,292,0,0,3,40,0,0,0,1,0,6,161,0,0,5,0,21,141,0,0,0,2,4,13,0,0,20,0,0,1,0,0,0,0,1,20,0,0,121,0,0,2,6,0,0,2,73,0,0,71,0,0,10,0,0,0,8,0,0,0,7,1,0,0,0,15,0,1,10,0,7,0,0,2,0,3,0,14,3,0,0,0,0,0,0,0,0,3,9,21,0,0,0,0,0,0,4,0,2,19,0,0,0,0,0,0,0,0,0,0,0,0,0,0,0,0,1,0,1,3,8,1,0,0,0,0,0,0,0,0,0,0,0,0,0,0,0,0,0,0,0,0,0,0,0,0,0,0,0,0,0,0,0,0,0,0,0,0,0,0,0,0,0,0,0,0,0,0,0,0,0,0,0,0,0,0,0,0,0,0,0,0,0,0,0,0,0,0,0,0,0,0,0,65,13,34,3,31,241,41,60,24,377,74,42,2,142,65,5,0,44,29,166,7,312,153,88,9,0,0,0,0,0,1,0,0,0,415,15,20,0,7,1,0,0,56,35,75,0,2,0,3,0,67,44,48,0,3,0,0,4,8,4,18,2,1,1,0,0,83,2,0,2,15,3,4,0,10,118,5,1,0,9,0,1,11,62,29,44,5,1,7,1,0,0,0,10,1,1,0,0,0,3,0,0,12,2,2,0,8,1,10,10,2,14,2,1,1,14,5,0,3,0,0,0,1,0,0,0,0,0,0,0,0,1,3,3,0,2,0,0,3,1,1,0,8,1,0,1,2,0,0,0,0,6,0,0,0,0,0,2,3,1,0,0,0,1,0,0,0,0,0,0,1,0,0,0,0,0,0,0,0,0,0,0,0,0,0,0,0,0,0,0,0,0,0,0,0,0,0,2,217,29,103,32,16,3,26,2,0,0,0,0,126,54,415,535,319,2,290,593,0,1,448,52,1,182,5,180,3,20,24,1,25,155,10,2,83,84,11,0,0,13,11,1,0,18,2,24,32,0,0,0,0,0,0,0,0,25,84,17,4,43,116,272,27,39,136,360,27,127,165,0,2,0,71,158,61,57,155,381,0,0,0,1,0,0,134,134,180,8,21,23,0,1,0,4,31,147,0,1,4,15,82,83,1,2,0,2,8,10,1,18,5,1,2,9,14,29,54,72,3,6,1,1,17,17,49,14,23,47,1,0,10,0,0,0,2,10,1,1,0,1,0,0,18,0,2,0,0,0,3,17,4,3,28,1,7,0,0,0,0,0,0,0,0,1,0,5,0,0,0,0,0,0,5,0,0,0,0,0,0,0,0,0,0,0,0,0,0,1,0,9,24,92,6,39,1,31,41,342,0,7,369,158,15,173,129,0,2,32,70,188,0,10,393,190,0,0,0,0,0,1,0,5,190,253,0,29,22,0,1,3,152,26,0,5,0,2,84,94,0,0,3,0,13,7,1,6,17,0,0,1,0,0,0,15,10,0,1,2,82,70,2,0,0,1,1,8,1,0,52,31,0,2,49,33,0,10,0,0,0,1,3,9,0,0,0,0,1,0,7,0,1,0,0,0,0,1,0,17,0,0,2,0,2,5,17,6,3,23,0,9,1,1,1,0,0,0,0,0,0,0,0,0,0,0,0,0,0,0,3,0,0,1,0,0,0,0,0,0,0,0,0,0,0,0,0,0,0,0,0,0,0,0,0,0,0,0,0,0,0,0,0,0,0,0,0,0,0,0,0,0,0,0,0,0,0,0,0,0,0,0,0,0,0,0,1,0,0,0,0,0,96,11,19,37,9,334,56,25,174,2,359,131,22,166,2,0,221,10,59,207,5,381,0,0,0,1,0,0,265,3,180,25,4,23,1,0,32,3,147,1,0,4,96,1,83,3,0,10,0,10,16,3,5,1,0,0,0,0,9,2,14,82,1,72,9,0,1,1,32,3,48,35,1,48,1,10,0,0,0,11,1,1,1,0,1,0,0,14,2,2,2,0,0,20,0,4,30,1,1,8,1,0,0,0,0,0,0,0,0,3,0,0,0,0,0,0,0,0,0,0,0,0,0,0,0,7,0,0,0,229,37,141,0,29,26,51,120,40,3,19,136,2,0,4,0,0,14,4,11,5,1,2,0,3,12,2,0,0,28,0,0,3,6,15,1,3,16,0,1,0,7,1,3,0,0,0,0,0,0,0,0,0,0,0,58,170,26,41,100,0,0,24,8,18,12,39,37,83,7,33,2,1,13,71,0,2,0,0,4,0,0,0,12,0,4,2,9,11,5,1,4,65,0,1,2,0,2,3,8,1,6,0,0,4,3,25,0,1,0,0,0,0,0,3,0,6,1,14,0,1,0,3,1,0,15,0,0,0,0,1,0,2,5,0,0,0,2,0,1,0,0,0,0,0,1,0,0,0,0,0,0,0,0,0,0,0,0,0,0,1,0,0,0,0,0,0,11,202,0,35,120,0,0,1,24,0,25,5,40,13,103,1,36,3,0,19,1,131,0,2,0,1,3,0,0,0,0,0,14,0,3,0,11,15,0,3,0,0,1,0,0,0,0,0,0,0,0,0,0,0,0,0,0,10,0,0,0,0,0,0,0,2,24,2,1,0,0,0,0,0,0,3,3,2,4,4,10,0,0,0,0,13,0,0,1,0,0,0,0,0,2,0,0,0,0,0,0,0,1,0,2,0,0,0,0,1,5,1,0,0,0,0,0,0,0,0,3,0,0,6,10,3,0,0,0,0,0,0,0,0,0,0,0,1,0,0,4,0,0,0,0,0,0,0,0,0,0,0,0,1,0,0,0,0,0,0,0,0,3,0,0,0,0,0,0,0,0,0,0,3,0,0,0,4,0,0,0,0,2,0,3,0,0,0,0,0,6,0,0,0,0,0,0,0,0,1,1,0,0,2,0,0,0,0,0,0,1,0,0,0,0,0,0,0,13,3,6,0,3,4,3,7,1,0,0,6,0,0,0,0,0,1,0,2,0,0,0,0,0,2,0,0,0,1,0,0,0,0,0,0,0,2,205,38,34,14,133,26,22,45,113,3,2,0,0,0,2,0,13,3,9,14,19,129,10,25,0,6,2,1,3,0,0,0,0,0,1,0,0,0,0,3,0,0,0,0,1,0,1,0,0,2,3,6,4,0,0,4,0,2,6,0,2,0,0,0,0,0,0,0,0,0,0,1,2,3,0,0,0,0,0,0,0,0,2,0,0,1,0,0,1,0,0,0,0,1,0,0,0,0,0,0,0,0,0,0,0,0,0,0,0,0,0,0,0,0,0,0,0,0,1,0,0,0,1,0,226,31,6,132,0,29,0,25,51,120,0,40,3,19,0,136,0,2,0,4,0,0,0,0,4,0,11,9,5,14,1,0,3,1,0,0,2,0,3,0,0,12,2,0,0,0,0,0,0,27,1,0,0,0,0,0,0,0,0,6,0,0,14,1,0,0,1,1,14,0,3,0,0,0,1,0,2,2,0,0,0,0,7,0,1,0,0,0,0,3,0,0,0,0,0,0,0,0,0,0,0,0,0,0,0,0,0,0,0,0,0,0,0,0,0,0,0,0,0,0,0,185,35,25,12,105,34,0,0,22,7,22,3,44,3,84,5,35,3,1,2,14,4,37,1,0,2,0,0,0,8,3,1,7,0,5,5,0,0,1,2,0,1,7,0,0,0,0,22,6,0,1,1,0,0,0,4,1,13,5,0,0,1,2,14,2,2,0,0,0,0,5,9,1,0,0,0,0,2,0,0,4,0,1,0,4,2,1,94,0,1,0,0,1,0,0,0,0,31,0,1,0,1,0,0,0,3,0,0,0,0,0,0,3,0,0,0,0,2,0,0,0,2,3,0,0,0,0,0,0,0,0,0,0,0,0,0,0,1,0,0,0,1,0,0,0,0,0,0,1,142,57,428,553,320,2,246,590,0,1,419,45,1,175,5,166,3,17,23,1,29,140,9,2,76,84,12,0,0,13,7,1,0,21,2,20,28,0,0,0,0,0,0,0,0,63,78,1,31,251,176,1,213,286,4,120,122,1,217,277,5,0,0,1,0,0,2,5,13,20,0,0,55,101,0,2,3,0,53,77,2,1,2,2,7,0,22,1,0,0,0,10,11,0,21,22,0,0,1,0,0,44,29,0,30,29,0,7,5,10,3,0,0,0,14,2,1,4,13,0,1,26,7,0,0,0,0,0,0,0,0,0,0,0,0,1,0,0,0,0,0,0,0,7,7,128,1,54,0,16,21,391,13,15,474,5,19,219,12,25,462,0,0,0,1,5,2,0,31,0,4,6,144,0,0,0,5,5,10,117,1,2,2,0,7,1,20,0,1,1,0,0,0,2,0,1,20,0,0,0,0,0,0,43,0,0,0,0,1,1,2,1,70,0,2,5,52,0,11,0,0,13,0,0,0,0,0,1,0,2,0,0,0,0,2,0,19,0,2,2,0,0,3,14,0,0,2,0,1,0,0,0,0,0,0,0,0,0,0,0,0,0,0,0,0,0,0,0,0,0,0,0,0,0,0,0,0,0,0,0,0,0,0,0,0,0,0,0,0,4,1,22,24,19,24,0,0,5,3,0,4,0,10,1,2,1,0,1,2,0,0,1,5,0,0,2,0,2,0,0,137,55,404,478,224,471,30,148,122,19,41,53,5,13,1,0,2,1,0,0,4,0,0,20,0,12,7,0,1,4,22,0,1,1,72,1,1,0,2,15,2,0,2,0,0,1,0,1,0,0,0,0,0,0,0,0,0,0,0,0,127,15,0,52,321,107,0,503,0,0,243,0,0,487,12,0,0,0,0,1,0,6,1,29,0,0,155,1,0,5,0,132,0,2,1,0,7,2,0,13,10,0,0,1,0,0,21,0,0,43,0,0,1,0,1,73,0,59,0,0,12,0,11,2,0,4,0,12,2,17,0,0,0,1,5,0,0,0,0,0,0,9,0,0,0,0,0,0,0,0,0,0,0,0,0,0,0,0,0,48,66,264,164,5,3,2,17,0,1,1,3,7,19,28,0,0,1,1,0,4,0,0,3,1,0,0,0,36,19,46,13,28,8,24,144,107,95,43,39,495,233,495,0,1,7,33,1,156,5,131,0,3,0,0,0,0,1,1,7,8,0,9,1,5,0,0,0,0,0,21,43,1,1,73,59,12,6,2,2,1,2,10,8,2,0,2,1,17,9,9,7,0,0,0,0,0,0,5,0,0,0,0,1,5,0,3,0,0,0,0,0,1,1,0,0,0,0,0,0,0,1,0,4,0,0,0,0,2,0,0,0,0,0,0,1,0,0,0,0,0,0,0,0,0,0,0,0,0,0,0,0,0,0,0,0,0,0,0,0,0,0,0,0,0,0,0,0,0,0,0,0,0,1,0,0,0,0,0,0,0,0,0,0,0,0,0,0,0,0,0,0,0,0,0,0,0,0,0,0,0,0,0,0,0,0,0,0,0,0,0,0,0,0,0,0,0,0,0,0,0,0,0,2,1,0,0,0,0,0,0,0,0,1,0,0,0,0,0,0,0,0,0,0,0,0,0,0,0,0,0,0,0,0,0,1,0,0,0,0,0,0,0,0,0,0,0,0,1,0,0,1,0,0,0,0,0,0,0,0,0,0,0,0,0,0,0,0,0,0,0,0,0,0,0,0,0,0,0,0,0,0,0,0,0,0,0,0,0,0,2,0,0,0,0,0,0,0,0,0,0,0,0,0,0,0,0,0,0,0,0,0,0,0,0,0,0,0,0,0,0,0,0,0,0,0,0,0,0,0,0,0,0,0,0,0,0,0,0,0,0,0,0,0,0,0,0,0,0,0,0,0,0,0,0,0,0,0,0,0,0,0,0,1,0,0,0,0,0,0,0,0,0,0,0,0,0,0,0,0,1,0,0,0,0,0,0,0,0,0,1,0,0,0,0,0,0,0,0,0,0,0,0,0,0,0,0,0,0,0,0,0,0,0,0,0,0,0,0,0,0,0,0,0,0,0,0,0,0,0,0,0,0,0,0,0,0,0,0,0,0,0,0,0,0,0,0,0,0,0,0,0,0,0,0,0,0,0,0,0,0,0,0,0,0,0,0,0,0,0,0,0,0,0,0,0,0,0,0,0,0,0,0,0,0,0,0,0,0,0,0,0,0,0,0,0,0,0,0,0,0,0,0,0,0,0,0,0,0,0,0,0,0,0,0,0,0,0,0,0,0,0,0,0,0,0,0,0,0,0,0,0,0,0,0,0,0,0,0,0,0,0,0,0,0,0,0,0,0,0,0,0,0,0,0,0,0,0,0,0,0,0,0,0,0,0,0,0,0,0,0,0,0,0,0,0,0,0,0,0,0,0,0,0,0,0,0,0,0,0,0,0,0,0,0,0,0,0,0,0,0,0,0,0,0,0,0,0,0,0,0,0,0,0,0,0,0,0,0,0,0,0,0,0,0,0,0,0,0,0,0,0,0,0,0,0,0,0,0,0,0,0,0,0,0,0,0,0,0,0,0,0,0,0,0,0,0,0,0,0,0,0,0,0,0,0,0,0,0,0,0,0,0,0,0,0,0,0,0,0,0,0,0,0,0,0,0,0,0,0,0,0,0,0,0,0,0,0,0,0,0,0,0,0,0,0,0,0,0,0,0,0,0,0,0,0,0,0,0,0,0,0,0,0,0,0,0,0,0,0,0,0,0,0,0,0,0,0,0,0,0,0,0,0,0,0,0,0,0,0,0,0,0,0,0,0,0,0,0,0,0,0,0,0,0,0,0,0,0,0,0,0,0,0,0,0,0,0,0,0,0,0,0,0,0,0,0,0,0,0,0,0,0,0,0,0,0,0,0,0,0,0,0,0,0,0,0,0,0,0,0,0,0,0,0,0,0,0,0,0,0,0,0,0,0,0,0,0,0,0,0,0,0,0,0,0,0,0,0,0,0,0,0,0,0,0,0,0,0,0,0,0,0,0,0,0,0,0,0,0,0,0,0,0,0,0,0,0,0,0,0,0,0,0,0,0,0,0,0,0,0,0,0,0,0,0,0,0,0,0,0,0,0,0,0,0,0,0,0,0,0,0,0,0,0,0,0,0,0,0,0,0,0,0,0,0,0,0,0,0,0,0,0,0,0,0,0,0,0,0,0,0,0,0,0,0,0,0,0,0,0,0,0,0,0,0,0,0,0,0,0,0,0,0,0,0,0,0,0,0,0,0,0,0,0,0,0,0,0,0,0,0,0,0,0,0,0,0,0,0,0,0,0,0,0,0,0,0,0,0,0,0,0,0,0,0,0,0,0,0,0,0,0,0,0,0,0,0,0,0,0,0,0,0,0,0,0,0,0,0,0,0,0,0,0,0,0,0,0,0,0,0,0,0,0,0,0,0,0,0,0,0,0,0,0,0,0,0,0,0,0,0,0,0,0,0,0,0,0,0,0,0,0,0,0,0,0,0,0,0,0,0,0,0,0,0,0,0,0,0,0,0,0,0,0,0,0,0,0,0,0,0,0,0,0,0,0,0,0,0,0,0,0,0,0,0,0,0,0,0,0,0,0,0,0,0,0,0,0,0,0,0,0,0,0,0,0,0,0,0,0,0,0,0,0,0,0,0,0,0,0,0,0,0,0,0,0,0,0,0,0,0,0,0,0,0,0,0,0,0,0,0,0,0,0,0,0,0,0,0,0,0,0,0,0,0,0,0,0,0,0,0,0,0,0,0,0,0,0,0,0,0,0,0,0,0,0,0,0,0,0,0,0,0,0,0,0,0,0,0,0,0,0,0,0,0,0,0,0,0,0,0,0,0,0,0,0,0,0,0,0,0,0,0,0,0,0,0,0,0,0,0,0,0,0,0,0,0,0,0,0,0,0,0,0,0,0,0,0,0,0,0,0,0,0,0,0,0,0,0,0,0,0,0,0,0,0,0,0,0,0,0,0,0,0,0,0,0,0,0,0,0,0,0,0,0,0,0,0,0,0,0,0,0,0,0,0,0,0,0,0,0,0,0,0,0,0,0,0,0,0,0,0,0,0,0,0,0,0,0,0,0,0,0,0,0,0,0,0,0,0,0,0,0,0,0,0,0,0,0,0,0,0,0,0,0,0,0,0,0,0,0,0,0,0,0,0,0,0,0,0,0,0,0,0,0,0,0,0,0,0,0,0,0,0,0,0,0,0,0,0,0,0,0,0,0,0,0,0,0,0,0,0,0,0,0,0,0,0,0,0,0,0,0,0,0,0,0,0,0,0,0,0,0,0,0,0,0,0,0,0,0,0,0,0,0,0,0,0,0,0,0,0,0,0,0,0,0,0,0,0,0,0,0,0,0,0,0,0,0,0,0,0,0,0,0,0,0,0,0,0,0,0,0,0,0,0,0,0,0,0,0,0,0,0,0,0,0,0,0,0,0,0,0,0,0,0,0,0,0,0,0,0,0,0,0,0,0,0,0,0,0,0,0,0,0,0,0,0,0,0,0,0,0,0,0,0,0,0,0,0,0,0,0,0,0,0,0,0,0,0,0,0,0,0,0,0,0,0,0,0,0,0,0,0,0,0,0,0,0,0,0,0,0,0,0,0,0,0,0,0,0,0,0,0,0,0,0,0,0,0,0,0,0,0,0,0,0,0,0,0,0,0,0,0,0,0,0,0,0,0,0,0,0,0,0,0,0,0,0,0,0,0,0,0,0,0,0,0,0,0,0,0,0,0,0,0,0,0,0,0,0,0,0,0,0,0,0,0,0,0,0,0,0,0,0,0,0,0,0,0,0,0,0,0,0,0,0,0,0,0,0,0,0,0,0,0,0,0,0,0,0,0,0,0,0,0,0,0,0,0,0,0,0,0,0,0,0,0,0,0,0,0,0,0,0,0,0,0,0,0,0,0,0,0,0,0,0,0,0,0,0,0,0,0,0,0,0,0,0,0,0,0,0,0,0,0,0,0,0,0,0,0,0,0,0,0,0,0,0,0,0,0,0,0,0,0,0,0,0,0,0,0,0,0,0,0,0,0,0,0,0,0,0,0,0,0,0,0,0,0,0,0,0,0,0,0,0,0,0,0,0,0,0,0,0,0,0,0,0,0,0,0,0,0,0,0,0,0,0,0,0,0,0,0,0,0,0,0,0,0,0,0,0,0,0,0,0,0,0,0,0,0,0,0,0,0,0,0,0,0,0,0,0,0,0,0,0,0,0,0,0,0,0,0,0,0,0,0,0,0,0,0,0,0,0,0,0,0,0,0,0,0,0,0,0,0,0,0,0,0,0,0,0,0,0,0,0,0,0,0,0,0,0,0,0,0,0,0,0,0,0,0,0,0,0,0,0,0,0,0,0,0,0,0,0,0,0,0,0,0,0,0,0,0,0,0,0,0,0,0,0,0,0,0,0,0,0,0,0,0,0,0,0,0,0,0,0,0,0,0,0,0,0,0,0,0,0,0,0,0,0,0,0,0,0,0,0,0,0,0,0,0,0,0,0,0,0,0,0,0,0,0,0,0,0,0,0,0,0,0,0,0,0,0,0,0,0,0,0,0,0,0,0,0,0,0,0,0,0,0,0,0,0,0,0,0,0,0,0,0,0,0,0,0,0,0,0,0,0,0,0,0,0,0,0,0,0,0,0,0,0,0,0,0,0,0,0,0,0,0,0,0,0,0,0,0,0,0,0,0,0,0,0,0,0,0,0,0,0,0,0,0,0,0,0,0,0,0,0,0,0,0,0,0,0,0,0,0,0,0,0,0,0,0,0,0,0,0,0,0,0,0,0,0,0,0,0,0,0,0,0,0,0,0,0,0,0,0,0,0,0,0,0,0,0,0,0,0,0,0,0,0,0,0,0,0,0,0,0,0,0,0,0,0,0,0,0,0,0,0,0,0,0,0,0,0,0,0,0,0,0,0,0,0
WV0540100,2017,Parkersburg Police Department,West Virginia,30475,146,59,371,391,306,0,344,433,0,0,343,37,1,132,5,121,4,13,30,0,14,110,9,1,65,88,11,0,0,10,12,1,0,13,3,28,26,0,0,0,0,0,0,0,0,32,100,14,0,4,0,3,9,1,0,30,0,0,0,1,0,10,13,14,5,0,7,0,0,0,0,0,0,0,0,0,0,52,0,0,94,0,0,38,0,138,0,0,233,0,0,24,367,0,0,38,268,0,0,141,203,0,27,0,406,0,0,0,0,0,0,53,290,0,0,2,35,0,0,0,1,0,3,129,0,0,5,0,14,107,0,0,0,2,2,11,0,0,28,0,0,0,0,0,0,0,2,13,0,0,98,0,0,0,8,0,0,1,62,0,0,75,0,0,11,0,0,0,9,0,0,0,10,1,0,0,0,12,0,3,9,0,12,0,0,0,0,2,0,12,3,0,0,0,0,0,0,0,0,1,19,14,0,0,0,0,0,0,1,0,1,21,0,0,0,0,0,0,0,0,0,0,0,0,0,0,0,0,0,0,0,1,13,0,0,0,0,0,0,0,0,0,0,0,0,0,0,0,0,0,0,0,0,0,0,0,0,0,0,0,0,0,0,0,0,0,0,0,0,0,0,0,0,0,0,0,0,0,0,0,0,0,0,0,2,0,0,0,0,0,0,0,0,0,0,0,0,0,0,0,0,0,0,0,0,86,16,41,0,40,222,38,86,22,277,81,28,5,148,45,4,0,52,33,253,5,247,116,66,3,0,0,0,0,0,0,0,0,2,341,26,8,3,0,0,0,0,51,14,66,0,3,0,2,0,57,17,47,0,3,1,0,5,2,6,25,3,0,0,0,0,106,0,0,1,8,4,0,2,10,92,8,0,1,8,0,1,15,49,31,53,4,0,6,1,0,0,0,8,1,1,0,0,0,8,0,0,11,0,2,0,7,4,17,6,2,15,3,0,0,9,7,1,2,0,0,0,0,0,0,1,0,0,0,0,0,0,0,4,0,1,0,0,1,1,0,0,3,0,1,0,3,1,0,0,0,1,0,0,1,0,0,3,0,1,0,0,0,1,0,0,0,0,0,0,0,0,0,1,0,0,0,0,0,0,0,1,0,0,0,0,0,0,0,0,0,0,0,0,0,0,0,0,299,45,85,25,19,9,23,3,0,0,0,0,168,60,420,433,325,0,395,461,0,0,355,43,1,134,5,147,6,18,31,0,19,122,9,1,68,95,12,0,0,11,15,1,0,14,3,37,29,0,0,0,0,0,0,0,0,29,120,19,10,45,123,268,29,38,137,258,37,122,166,0,0,0,67,187,141,63,129,269,0,0,0,0,0,0,60,95,200,11,13,19,1,0,0,5,11,118,0,0,5,29,69,49,2,4,0,2,13,3,1,25,5,0,3,12,4,29,42,51,4,5,0,1,13,18,37,28,27,40,4,3,5,0,0,0,4,6,1,3,1,0,0,0,9,2,3,0,0,0,10,27,0,3,23,3,5,0,0,0,0,0,0,0,0,0,0,12,0,3,0,0,0,0,0,0,0,0,0,0,0,0,0,0,0,0,0,0,0,0,0,20,19,129,2,52,1,25,44,350,0,13,268,152,6,176,143,0,0,30,155,210,0,19,275,167,0,0,0,0,0,0,0,5,208,142,1,20,22,0,1,1,119,14,0,5,0,3,52,92,1,1,4,0,5,13,2,6,23,0,0,0,0,0,1,4,14,0,0,7,55,60,0,0,0,1,0,8,1,2,38,28,0,4,42,49,0,6,0,0,0,0,3,8,0,0,0,0,0,0,4,0,0,1,0,0,0,1,2,11,0,1,2,0,2,1,34,1,4,24,0,6,0,0,6,0,0,0,0,0,0,0,0,0,0,0,0,0,0,0,8,0,0,0,0,0,0,0,0,0,0,0,0,0,0,0,0,0,0,0,0,0,0,0,0,0,0,0,0,0,0,0,0,0,0,0,0,0,0,0,0,0,0,1,0,0,0,0,0,0,0,0,0,0,0,0,2,0,0,0,0,0,141,7,20,52,3,336,53,31,158,9,266,135,23,167,0,0,246,8,141,179,9,273,0,0,0,0,0,0,150,5,200,24,0,19,0,0,16,0,118,0,0,5,95,4,48,6,0,11,4,3,21,4,6,0,0,0,1,0,6,9,4,67,4,51,8,0,1,1,31,0,37,55,0,40,7,5,0,0,0,9,1,1,3,1,0,0,0,8,4,2,2,0,1,36,1,0,23,3,3,5,0,0,0,0,0,0,0,0,0,6,0,0,0,0,0,0,0,0,0,0,0,0,0,0,0,6,0,0,0,181,53,118,1,19,40,66,148,67,0,21,43,1,0,2,0,0,6,2,12,18,3,0,0,1,13,1,0,0,22,0,0,0,15,13,0,1,20,0,0,0,5,0,1,0,0,0,0,0,0,0,0,0,1,0,33,145,43,36,82,0,1,15,15,25,16,50,42,106,9,58,0,0,15,14,1,0,0,0,1,0,0,0,5,1,1,5,7,10,4,2,16,29,1,2,0,0,1,1,8,1,6,0,0,5,2,20,0,0,0,1,0,0,0,0,2,13,0,13,0,0,1,0,2,0,18,0,0,0,0,0,0,3,2,0,0,0,0,0,3,0,0,0,0,0,1,0,0,0,0,0,0,0,0,0,0,1,0,0,0,0,0,0,0,0,0,0,9,142,4,49,109,1,0,2,14,2,33,2,56,17,119,1,59,0,1,20,1,38,0,0,0,0,2,0,0,0,0,0,6,0,2,1,10,6,1,14,0,0,3,1,0,0,0,0,0,0,0,0,0,0,0,0,0,12,0,0,0,0,0,1,0,2,20,0,1,0,0,0,0,0,0,0,1,2,13,0,13,0,0,0,0,19,0,0,0,0,0,0,0,0,0,0,0,0,2,0,4,0,0,0,1,0,0,0,0,1,4,0,0,0,0,0,0,0,0,0,1,0,0,5,4,22,0,0,0,0,0,1,0,0,0,0,0,1,0,0,4,0,0,0,0,0,0,0,0,0,0,0,0,0,0,0,0,0,0,0,0,1,2,2,0,0,0,0,0,0,0,0,0,4,0,0,0,12,3,0,0,0,0,0,3,1,0,0,0,0,3,0,0,0,1,0,1,0,0,0,0,0,0,0,0,0,0,0,0,0,0,0,0,0,0,0,0,0,6,1,3,1,1,1,1,2,1,0,1,5,0,0,0,0,0,0,0,2,0,0,0,0,0,0,1,0,0,0,0,0,0,1,0,0,0,1,150,62,51,19,115,17,34,61,145,0,1,0,0,0,0,0,6,0,10,13,19,38,13,21,3,14,0,0,0,0,0,1,4,0,1,0,0,0,0,1,0,1,1,0,0,0,0,0,0,1,1,5,2,0,0,2,0,0,25,0,1,0,1,0,1,0,0,0,0,0,0,0,0,15,0,0,0,0,0,0,0,0,0,0,0,3,0,0,1,0,0,0,0,1,3,0,0,0,0,0,0,0,0,2,0,0,1,0,0,0,0,0,0,0,0,0,0,0,0,0,0,0,0,0,180,52,1,110,1,17,2,39,66,147,1,67,0,21,0,43,0,1,0,2,0,0,0,0,2,0,11,8,18,6,3,0,1,1,0,0,0,0,1,0,0,13,1,1,0,0,0,0,0,21,1,0,0,0,0,0,0,0,0,14,1,0,13,0,0,0,0,1,18,0,0,0,0,0,0,0,0,2,0,0,0,0,5,0,0,0,0,0,0,1,0,0,0,0,0,0,0,0,0,0,0,0,0,0,0,0,0,0,0,0,0,0,0,0,0,0,1,0,0,0,0,147,30,37,15,81,36,0,1,12,7,36,3,54,11,124,14,56,7,0,0,10,11,23,0,0,1,0,0,0,3,1,1,10,1,15,6,1,3,2,0,0,1,7,1,0,0,0,13,9,0,1,1,0,0,0,14,1,10,3,0,0,0,1,15,4,0,0,0,0,0,6,4,1,0,0,0,1,1,0,0,1,0,0,0,1,3,0,14,0,0,0,0,0,0,1,0,0,10,0,1,0,0,0,0,1,0,0,0,0,0,0,0,0,0,0,0,0,4,0,0,0,0,4,0,0,0,0,0,0,0,0,0,0,0,0,0,0,0,0,0,0,0,0,0,0,1,0,0,0,183,64,430,435,323,0,344,443,0,0,345,40,1,139,5,124,4,16,31,0,17,119,9,1,68,95,11,0,0,11,12,1,0,15,3,30,26,0,0,0,0,0,0,0,0,80,103,0,40,251,179,0,164,210,0,130,126,0,187,189,0,0,0,0,0,0,0,0,20,15,0,0,58,71,0,2,3,0,42,69,0,1,3,3,11,0,30,0,0,0,0,1,9,0,28,22,0,0,0,0,0,36,30,0,31,34,0,6,4,9,2,0,0,0,10,2,1,8,11,0,1,24,5,0,0,0,0,0,0,0,0,0,0,1,0,1,0,0,0,0,0,0,0,9,5,169,1,58,0,13,11,406,12,18,344,8,18,228,15,13,347,0,0,0,0,0,0,1,33,0,1,7,121,0,0,0,5,1,9,101,1,3,0,0,14,1,27,0,0,0,0,0,0,1,0,2,8,0,0,0,0,1,6,43,0,2,0,0,0,1,2,5,59,0,1,4,60,1,9,0,0,11,0,1,0,0,0,1,0,0,0,0,0,0,1,0,14,0,2,3,0,0,4,15,0,0,5,0,0,1,0,0,0,0,0,0,0,0,0,0,0,0,0,0,0,0,0,0,0,0,0,0,0,0,0,0,0,0,0,0,0,0,0,0,0,0,0,0,0,8,5,14,13,11,14,0,0,0,5,0,4,0,8,1,0,3,0,3,1,0,0,2,4,0,0,3,1,6,0,0,174,59,413,353,238,361,30,124,102,12,48,60,5,11,1,0,3,8,1,0,1,0,1,7,7,10,14,0,0,1,28,0,1,1,64,0,0,0,2,13,0,0,3,0,0,0,0,1,0,0,0,0,0,0,0,0,0,0,0,0,162,21,0,63,353,76,1,371,3,0,254,2,0,373,3,0,0,0,0,0,0,0,0,35,0,0,128,1,0,5,0,111,0,3,1,0,10,4,0,16,15,0,0,0,0,0,10,0,0,50,0,0,0,0,1,66,0,64,1,0,10,0,9,2,0,0,0,15,3,19,0,0,0,1,1,0,0,0,0,0,0,0,0,0,0,0,0,0,0,0,0,0,0,0,0,0,0,0,0,53,98,267,163,3,10,11,19,0,0,1,4,5,14,32,0,0,1,1,0,1,0,0,2,0,0,0,0,37,19,70,31,26,11,21,144,85,119,37,45,367,240,371,0,0,0,35,1,129,5,110,0,1,3,0,2,0,4,4,4,7,8,10,0,6,0,0,0,0,0,10,50,0,1,65,65,10,3,3,4,0,1,6,7,0,2,2,0,19,20,8,4,0,0,0,0,0,0,7,0,0,0,0,2,5,3,3,1,0,0,0,0,0,0,0,0,0,0,2,0,0,2,0,2,1,0,0,0,1,0,0,0,0,0,0,0,0,0,0,0,0,0,0,0,0,0,1,0,0,0,0,0,0,0,0,0,0,0,0,0,0,1,0,0,0,0,0,0,0,0,0,0,0,0,0,0,0,0,0,0,0,0,0,0,0,0,0,0,0,0,0,0,0,0,0,0,0,0,0,0,0,0,0,0,0,0,0,0,0,0,0,0,0,0,0,0,0,0,0,0,0,0,0,0,0,0,0,0,0,0,0,0,0,0,0,0,0,0,0,0,0,0,0,0,0,0,0,0,0,0,0,0,0,0,0,0,0,0,0,0,0,0,0,0,0,0,0,0,0,0,0,0,0,0,0,0,0,0,0,0,0,0,0,0,0,0,0,0,0,0,0,0,0,0,0,0,0,0,0,0,0,0,0,0,0,0,0,0,0,0,0,0,0,0,0,0,0,0,0,0,0,0,0,0,0,0,0,0,0,0,0,0,0,0,0,0,0,0,0,0,0,0,0,0,0,0,0,0,0,0,0,0,0,0,0,0,0,0,0,0,0,0,0,0,0,0,0,0,0,0,0,0,0,0,0,0,0,0,0,0,0,0,0,2,0,0,0,0,0,0,0,0,0,0,0,0,0,0,0,0,1,0,0,0,0,0,0,0,0,0,1,0,0,0,0,0,0,0,0,0,0,0,0,0,0,0,0,0,0,0,0,0,0,0,0,0,0,0,0,0,0,0,0,0,0,0,0,0,0,0,0,0,0,0,0,0,0,0,0,0,0,0,0,0,0,0,0,0,0,0,0,0,0,0,0,0,0,0,0,0,0,0,0,0,0,0,0,0,0,0,0,0,0,0,0,0,0,0,0,0,0,0,0,0,0,0,0,0,0,0,0,0,0,0,0,0,0,0,0,0,0,0,0,0,0,0,0,0,0,0,0,0,0,0,0,0,0,0,0,0,0,0,0,0,0,0,0,0,0,0,0,0,0,0,0,0,0,0,0,0,0,0,0,0,0,0,0,0,0,0,0,0,0,0,0,0,0,0,0,0,0,0,0,0,0,0,0,0,0,0,0,0,0,0,0,0,0,0,0,0,0,0,0,0,0,0,0,0,0,0,0,0,0,0,0,0,0,0,0,0,0,0,0,0,0,0,0,0,0,0,0,0,0,0,0,0,0,0,0,0,0,0,0,0,0,0,0,0,0,0,0,0,0,0,0,0,0,0,0,0,0,0,0,0,0,0,0,0,0,0,0,0,0,0,0,0,0,0,0,0,0,0,0,0,0,0,0,0,0,0,0,0,0,0,0,0,0,0,0,0,0,0,0,0,0,0,0,0,0,0,0,0,0,0,0,0,0,0,0,0,0,0,0,0,0,0,0,0,0,0,0,0,0,0,0,0,0,0,0,0,0,0,0,0,0,0,0,0,0,0,0,0,0,0,0,0,0,0,0,0,0,0,0,0,0,0,0,0,0,0,0,0,0,0,0,0,0,0,0,0,0,0,0,0,0,0,0,0,0,0,0,0,0,0,0,0,0,0,0,0,0,0,0,0,0,0,0,0,0,0,0,0,0,0,0,0,0,0,0,0,0,0,0,0,0,0,0,0,0,0,0,0,0,0,0,0,0,0,0,0,0,0,0,0,0,0,0,0,0,0,0,0,0,0,0,0,0,0,0,0,0,0,0,0,0,0,0,0,0,0,0,0,0,0,0,0,0,0,0,0,0,0,0,0,0,0,0,0,0,0,0,0,0,0,0,0,0,0,0,0,0,0,0,0,0,0,0,0,0,0,0,0,0,0,0,0,0,0,0,0,0,0,0,0,0,0,0,0,0,0,0,0,0,0,0,0,0,0,0,0,0,0,0,0,0,0,0,0,0,0,0,0,0,0,0,0,0,0,0,0,0,0,0,0,0,0,0,0,0,0,0,0,0,0,0,0,0,0,0,0,0,0,0,0,0,0,0,0,0,0,0,0,0,0,0,0,0,0,0,0,0,0,0,0,0,0,0,0,0,0,0,0,0,0,0,0,0,0,0,0,0,0,0,0,0,0,0,0,0,0,0,0,0,0,0,0,0,0,0,0,0,0,0,0,0,0,0,0,0,0,0,0,0,0,0,0,0,0,0,0,0,0,0,0,0,0,0,0,0,0,0,0,0,0,0,0,0,0,0,0,0,0,0,0,0,0,0,0,0,0,0,0,0,0,0,0,0,0,0,0,0,0,0,0,0,0,0,0,0,0,0,0,0,0,0,0,0,0,0,0,0,0,0,0,0,0,0,0,0,0,0,0,0,0,0,0,0,0,0,0,0,0,0,0,0,0,0,0,0,0,0,0,0,0,0,0,0,0,0,0,0,0,0,0,0,0,0,0,0,0,0,0,0,0,0,0,0,0,0,0,0,0,0,0,0,0,0,0,0,0,0,0,0,0,0,0,0,0,0,0,0,0,0,0,0,0,0,0,0,0,0,0,0,0,0,0,0,0,0,0,0,0,0,0,0,0,0,0,0,0,0,0,0,0,0,0,0,0,0,0,0,0,0,0,0,0,0,0,0,0,0,0,0,0,0,0,0,0,0,0,0,0,0,0,0,0,0,0,0,0,0,0,0,0,0,0,0,0,0,0,0,0,0,0,0,0,0,0,0,0,0,0,0,0,0,0,0,0,0,0,0,0,0,0,0,0,0,0,0,0,0,0,0,0,0,0,0,0,0,0,0,0,0,0,0,0,0,0,0,0,0,0,0,0,0,0,0,0,0,0,0,0,0,0,0,0,0,0,0,0,0,0,0,0,0,0,0,0,0,0,0,0,0,0,0,0,0,0,0,0,0,0,0,0,0,0,0,0,0,0,0,0,0,0,0,0,0,0,0,0,0,0,0,0,0,0,0,0,0,0,0,0,0,0,0,0,0,0,0,0,0,0,0,0,0,0,0,0,0,0,0,0,0,0,0,0,0,0,0,0,0,0,0,0,0,0,0,0,0,0,0,0,0,0,0,0,0,0,0,0,0,0,0,0,0,0,0,0,0,0,0,0,0,0,0,0,0,0,0,0,0,0,0,0,0,0,0,0,0,0,0,0,0,0,0,0,0,0,0,0,0,0,0,0,0,0,0,0,0,0,0,0,0,0,0,0,0,0,0,0,0,0,0,0,0,0,0,0,0,0,0,0,0,0,0,0,0,0,0,0,0,0,0,0,0,0,0,0,0,0,0,0,0,0,0,0,0,0,0,0,0,0,0,0,0,0,0,0,0,0,0,0,0,0,0,0,0,0,0,0,0,0,0,0,0,0,0,0,0,0,0,0,0,0,0,0,0,0,0,0,0,0,0,0,0,0,0,0,0,0,0,0,0,0,0,0,0,0,0,0,0,0,0,0,0,0,0,0,0,0,0,0,0,0,0,0,0,0,0,0,0,0,0,0,0,0,0,0,0,0,0,0,0,0,0,0,0,0,0,0,0,0,0,0,0,0,0,0,0,0,0,0,0,0,0,0,0,0,0,0,0,0,0,0,0,0,0,0,0,0,0,0,0,0,0,0,0,0,0,0,0,0,0,0,0,0,0,0,0,0,0,0,0,0,0,0,0,0,0,0,0,0,0,0,0,0,0,0,0,0,0,0,0,0,0,0,0,0,0,0,0,0,0,0,0,0,0,0,0,0,0,0,0,0,0,0,0,0,0,0,0,0,0,0,0,0,0,0,0,0,0,0,0,0,0,0,0,0,0,0,0,0,0,0,0,0,0,0,0,0,0,0,0,0,0,0,0,0,0,0,0,0,0,0,0,0,0,0,0,0,0,0,0,0,0,0,0,0,0,0,0,0,0,0,0,0,0,0,0,0,0,0,0,0,0,0,0,0,0,0,0,0,0,0,0,0,0,0,0,0,0,0,0,0,0,0,0,0,0,0,0,0,0,0,0,0,0,0,0,0,0,0,0,0,0,0,0,0,0,0,0,0,0,0,0,0,0,0,0,0,0,0,0,0,0,0,0,0,0,0,0,0,0,0,0,0,0,0,0,0,0,0,0,0,0,0,0,0,0,0,0,0,0,0,0,0,0,0,0,0,0,0,0,0,0,0,0,0,0,0,0,0,0,0,0,0,0,0,0,0,0,0,0,0,0,0,0,0,0,0,0,0,0,0,0,0,0,0,0,0,0,0,0,0,0,0,0,0,0,0,0,0,0,0,0,0,0,0,0,0,0,0,0,0,0,0,0,0,0,0,0,0,0,0,0,0,0,0,0,0,0,0,0,0,0,0,0,0,0,0,0,0,0,0,0,0,0,0,0,0,0,0,0,0,0,0,0,0,0,0,0,0,0,0,0,0,0,0,0,0,0,0,0,0,0,0,0,0,0,0,0,0,0,0,0,0,0,0,0,0,0,0,0,0,0,0,0,0,0,0,0,0,0,0,0,0,0,0,0,0,0,0,0,0,0,0,0,0,0,0,0,0,0,0,0,0,0,0,0,0,0,0,0,0,0,0,0,0,0,0,0,0,0,0,0,0,0,0,0,0,0,0,0,0,0,0,0,0,0,0,0,0,0,0,0,0,0,0,0,0,0,0,0,0,0,0,0,0,0,0,0,0,0,0,0,0,0,0,0,0,0,0,0,0,0,0,0,0,0,0,0,0,0,0,0
WV0540100,2016,Parkersburg Police Department,West Virginia,30913,131,46,335,323,307,0,246,377,0,0,280,30,1,247,9,80,4,19,27,0,6,57,12,0,55,76,6,0,0,2,5,1,0,16,2,6,27,0,0,0,0,0,0,0,0,33,85,13,1,3,0,5,11,3,0,27,0,0,0,0,1,1,16,15,8,0,4,0,0,0,0,0,0,0,0,0,0,39,0,0,92,0,0,29,0,137,0,0,198,0,0,16,307,0,0,25,282,0,0,123,123,0,20,0,357,0,0,0,0,0,0,23,257,0,0,1,29,0,0,0,1,0,8,239,0,0,9,0,7,73,0,0,0,3,6,13,0,0,24,0,0,0,0,0,0,0,1,6,0,0,50,0,0,0,11,0,0,0,51,0,0,71,0,0,6,0,0,0,2,0,0,0,5,0,0,0,0,14,0,1,1,0,8,0,0,0,0,3,0,7,4,0,0,0,0,0,0,0,0,2,5,19,0,0,0,0,0,0,0,0,0,17,0,0,0,0,0,0,0,0,0,0,0,0,0,0,0,0,1,0,0,1,5,0,0,0,0,0,0,0,0,0,0,0,0,0,0,0,0,0,0,0,0,0,0,0,0,0,0,0,0,0,0,0,0,0,0,0,0,0,0,0,0,0,0,0,0,1,0,0,0,0,0,0,0,0,0,0,0,0,0,0,0,0,0,0,0,0,0,0,0,0,0,0,0,75,13,34,3,25,209,37,68,16,242,53,27,0,138,49,6,0,42,16,184,4,206,109,57,3,0,0,0,0,0,0,0,0,1,278,13,13,1,3,1,0,0,98,16,132,1,5,1,3,0,31,10,35,1,3,0,1,6,4,9,23,2,1,0,0,0,108,1,0,0,4,0,2,0,3,52,1,0,0,11,0,0,8,47,25,50,1,0,3,0,0,0,0,1,1,0,0,0,0,4,0,0,13,3,2,0,2,2,2,7,3,15,2,0,0,11,6,0,4,0,0,0,1,0,0,0,0,0,0,0,0,0,0,3,0,1,0,0,0,0,1,0,5,0,0,1,6,0,0,0,0,2,0,0,0,0,0,6,3,0,0,0,0,0,0,0,0,0,0,0,0,0,0,1,0,0,0,0,0,0,1,0,0,0,0,0,0,0,0,0,0,0,0,0,0,0,0,0,194,52,45,12,4,2,25,2,0,0,0,0,156,49,363,347,319,0,276,397,0,0,290,36,1,250,11,89,5,25,29,0,6,63,15,0,58,80,6,0,0,2,5,2,0,16,2,9,34,0,0,0,0,0,0,0,0,40,97,19,9,38,102,239,22,17,112,218,27,91,201,0,0,0,44,158,74,66,107,224,0,0,0,0,0,0,33,79,178,6,17,13,0,0,1,4,27,219,1,4,6,9,47,33,1,4,0,4,14,7,1,24,4,0,1,1,4,15,20,28,7,8,0,0,13,15,30,15,30,35,2,1,3,0,0,0,1,1,0,1,1,0,0,0,13,2,2,0,0,0,4,5,0,2,29,3,2,0,0,0,0,0,0,0,0,0,0,3,0,1,0,0,0,1,1,0,0,0,0,0,0,0,0,0,0,0,0,0,0,0,0,12,25,119,3,41,1,32,35,295,0,15,224,108,4,205,110,0,0,22,87,167,0,13,232,152,0,0,0,0,0,0,0,2,183,105,1,13,22,1,0,0,219,31,0,6,5,5,35,49,0,0,5,2,8,14,3,7,19,0,0,0,0,0,0,4,2,0,0,4,29,30,0,0,0,0,0,15,0,0,33,25,0,4,37,39,1,3,0,0,0,0,0,2,0,0,0,0,0,0,1,0,1,1,0,0,1,0,4,12,0,0,2,0,1,1,7,3,3,28,0,5,0,0,2,0,0,0,0,0,0,0,0,0,0,0,0,0,0,0,4,0,0,0,0,0,0,0,0,0,0,0,0,0,0,0,0,0,0,0,0,0,0,0,0,0,0,0,0,0,0,0,0,0,0,0,0,0,0,0,0,0,0,0,0,0,0,0,0,0,0,0,0,0,0,0,0,0,0,0,0,0,133,4,19,39,7,296,43,24,124,4,219,110,8,201,0,0,196,6,74,164,6,227,0,0,0,0,0,0,105,5,180,14,9,13,0,1,28,3,219,5,0,6,52,1,36,5,0,16,1,8,21,1,7,0,0,0,0,0,2,0,4,33,2,28,15,0,0,0,28,0,30,45,0,35,3,3,0,0,0,2,0,0,1,2,0,0,0,12,2,2,2,0,0,9,0,0,29,2,3,3,0,0,0,0,0,0,0,0,0,3,0,0,0,0,0,0,0,0,0,0,0,0,0,0,0,1,0,0,0,193,31,118,1,13,50,71,105,60,0,24,15,1,0,6,0,2,6,10,15,13,1,0,0,3,5,4,0,0,15,0,0,2,7,8,0,0,8,0,0,0,2,0,1,0,0,0,0,0,0,0,0,2,0,0,29,160,23,36,82,0,1,11,14,34,16,55,30,75,17,41,0,0,16,2,0,1,0,0,5,0,0,2,6,2,8,1,13,8,2,3,10,13,0,1,0,0,0,3,3,2,8,0,0,2,3,12,0,2,0,1,0,0,0,2,4,3,1,7,0,0,0,0,2,0,6,0,0,0,0,0,0,0,2,0,0,2,0,0,4,0,0,1,0,0,1,0,0,0,0,0,0,0,0,0,1,0,2,0,0,0,0,0,0,1,0,0,15,124,1,27,98,0,1,0,12,1,44,3,60,11,87,2,44,0,3,21,0,14,0,1,0,0,6,0,0,0,2,0,5,0,8,0,12,13,0,11,0,0,1,0,0,0,0,0,0,0,0,0,0,0,2,0,0,3,0,0,0,0,0,2,0,0,15,0,3,0,0,0,0,0,0,2,1,2,4,0,8,0,0,0,0,8,0,0,0,0,0,0,0,0,0,0,1,0,2,0,2,0,0,0,0,0,0,0,0,0,2,0,0,0,0,0,0,1,0,0,1,0,0,4,7,40,0,0,0,0,0,0,0,0,0,0,0,2,0,0,1,0,0,0,1,0,0,0,0,0,2,0,0,0,0,0,0,0,0,0,0,4,3,1,0,0,0,0,1,0,0,0,0,3,0,0,0,7,11,0,0,0,0,0,1,2,0,0,0,0,6,0,0,0,1,1,0,0,0,0,0,0,0,0,0,0,0,0,0,0,1,1,0,0,0,0,0,0,5,1,2,0,0,0,10,6,0,0,0,0,0,0,0,0,0,0,0,0,0,0,0,0,0,0,0,0,0,0,0,0,0,0,0,0,0,0,140,49,29,8,114,13,46,55,99,0,1,0,2,1,1,0,6,2,12,8,24,14,5,15,4,7,0,0,1,0,0,0,3,1,1,0,0,0,0,3,0,1,0,0,0,0,1,0,0,0,1,2,10,0,0,6,0,0,47,0,0,0,0,0,0,0,0,0,0,0,1,0,2,11,0,0,0,0,0,2,0,0,3,0,0,1,0,1,0,0,0,0,0,0,11,0,0,0,0,0,0,0,0,1,0,0,0,0,0,0,0,0,0,0,0,0,1,0,0,0,0,2,0,0,192,29,2,115,1,13,0,49,70,104,1,60,0,24,0,15,0,1,0,6,0,0,2,0,9,1,15,3,13,6,1,0,1,1,0,0,0,0,3,0,0,5,4,0,0,0,1,0,0,14,1,0,0,0,0,0,0,0,0,7,0,0,7,1,0,0,0,0,7,0,2,0,0,0,0,0,0,1,0,0,0,0,2,0,0,0,0,0,0,1,0,0,0,0,0,0,0,0,0,0,0,0,0,0,0,0,0,0,0,0,0,0,0,0,0,2,0,0,0,0,0,139,49,22,8,84,32,1,0,4,8,42,6,54,15,88,8,32,27,0,0,10,13,8,0,0,6,0,2,0,4,5,5,11,4,12,5,0,1,1,0,0,2,4,1,0,0,0,7,7,0,1,0,0,0,0,5,2,7,1,0,0,0,0,6,2,1,0,0,0,0,1,5,2,0,0,0,0,2,0,1,2,0,1,0,0,1,1,2,1,0,0,0,0,0,1,0,0,9,0,0,0,0,0,0,1,2,0,0,0,0,0,0,2,0,0,0,0,1,0,0,0,3,0,0,0,0,0,0,0,0,0,0,0,0,0,0,0,0,0,0,0,0,0,0,0,0,2,0,0,157,48,384,349,314,0,246,384,0,0,280,32,1,262,10,80,4,23,27,0,6,61,12,0,55,78,6,0,0,2,5,1,0,18,2,6,27,0,0,0,0,0,0,0,0,62,95,0,26,227,157,0,143,172,0,125,134,0,135,169,0,0,0,0,0,0,0,0,9,8,0,0,122,126,0,8,2,0,26,47,0,0,4,10,9,0,27,0,0,0,0,1,4,0,20,11,0,0,0,0,0,31,24,0,29,23,0,3,1,2,0,0,1,0,15,2,0,0,5,0,0,22,3,0,0,0,0,0,0,0,0,0,0,0,0,0,0,0,0,0,0,0,0,10,6,141,2,46,0,26,23,335,13,11,291,11,11,237,11,10,283,0,0,0,0,0,0,0,15,1,4,14,230,0,0,0,10,3,2,68,0,4,1,2,16,0,27,0,0,0,0,0,0,2,0,1,4,0,0,0,0,0,1,30,0,0,0,0,0,0,1,5,49,0,2,1,49,0,4,0,0,2,0,0,0,0,0,0,0,0,0,0,0,0,0,0,18,0,2,0,0,0,0,5,0,0,0,0,0,0,0,0,0,0,0,0,0,0,0,0,0,0,0,0,0,0,0,0,0,0,0,0,0,0,0,0,0,0,0,0,0,0,0,0,0,0,0,0,0,3,1,15,10,15,6,0,0,0,0,0,9,0,2,0,0,0,0,1,1,0,0,0,4,0,0,0,0,0,0,0,153,47,365,300,243,297,17,236,71,18,30,48,10,2,1,0,4,5,0,0,3,0,0,4,1,4,18,0,0,1,26,0,1,0,54,0,0,0,2,5,0,0,4,0,0,0,1,0,0,0,1,0,0,0,1,0,0,0,0,0,115,42,0,45,322,62,0,312,3,0,256,3,0,297,6,1,0,0,0,0,0,0,0,13,0,0,242,6,0,10,0,73,0,3,1,0,18,1,0,16,11,0,0,0,0,0,5,0,0,31,0,0,0,0,0,55,0,51,1,0,4,0,2,0,0,4,0,13,2,5,0,0,0,1,3,0,0,0,0,0,0,5,0,0,0,0,0,0,0,0,0,0,0,0,0,0,0,0,0,34,91,241,143,4,15,7,19,0,0,0,2,0,18,32,0,0,0,0,0,1,0,0,0,0,0,0,0,25,33,56,15,28,6,14,121,67,119,39,38,307,253,299,0,0,0,17,1,248,10,73,0,2,2,0,0,0,9,2,8,6,1,16,0,4,0,0,0,0,0,5,31,0,0,54,51,4,2,0,0,0,0,5,8,2,3,2,0,5,15,5,8,0,0,0,0,0,0,2,0,0,0,0,3,4,0,2,0,0,1,0,0,0,0,0,0,0,0,2,0,0,1,0,4,0,0,0,0,0,0,0,0,1,0,0,0,0,0,0,0,0,0,0,0,0,0,0,0,0,0,0,0,0,0,0,0,0,0,0,0,0,0,0,0,0,0,1,0,0,0,0,0,0,0,0,0,0,0,0,0,0,0,0,0,0,0,0,0,0,0,0,0,0,0,0,0,0,0,0,0,0,0,0,0,0,0,0,0,0,0,0,0,0,0,0,0,0,0,0,0,0,0,0,3,1,0,0,0,0,0,0,0,0,1,0,0,0,0,0,0,0,0,0,0,0,0,0,0,0,0,0,0,0,0,0,0,0,0,0,0,0,0,0,0,0,0,0,0,0,0,0,0,0,0,0,0,0,0,0,0,0,0,0,0,0,0,0,0,0,0,0,0,0,0,0,0,0,0,0,0,0,0,0,0,0,0,0,0,0,0,0,0,0,0,0,0,0,0,0,0,0,0,0,0,0,0,0,0,0,0,0,0,0,0,0,0,0,0,0,0,0,0,0,0,0,0,0,0,0,0,0,0,0,0,0,0,0,0,0,0,0,0,0,0,0,0,0,0,0,0,0,0,0,0,0,0,0,0,0,0,0,0,0,0,0,0,0,0,0,0,0,0,0,0,0,0,0,0,0,0,0,0,0,0,0,0,0,0,0,0,0,0,0,0,0,0,0,0,0,0,0,0,0,0,0,0,0,0,0,0,0,0,0,0,0,0,0,0,0,0,0,0,0,0,0,0,0,0,0,0,0,0,0,0,0,0,0,0,0,0,0,0,0,0,0,0,0,0,0,0,0,0,0,0,0,0,0,0,0,0,0,0,0,0,0,0,0,0,0,0,0,0,0,0,0,0,0,0,0,0,0,0,0,0,0,0,0,0,0,0,0,0,0,0,0,0,0,0,0,0,0,0,0,0,0,0,0,0,0,0,0,0,0,0,0,0,0,0,0,0,0,0,0,0,0,0,0,0,0,0,0,0,0,1,0,0,0,0,0,0,0,0,0,0,0,0,0,0,0,0,0,0,0,0,0,0,0,0,0,0,0,0,0,0,0,0,0,0,0,0,0,0,0,0,0,0,0,0,0,0,0,0,0,0,0,0,0,0,0,0,0,0,0,0,0,0,0,0,0,0,0,0,0,0,0,0,0,0,0,0,0,0,0,0,0,0,0,0,0,0,0,0,0,0,0,0,0,0,0,0,0,0,0,0,0,0,0,0,0,0,0,0,0,0,0,0,0,0,0,0,0,0,0,0,0,0,0,0,0,0,0,0,0,0,0,0,0,0,0,0,0,0,0,0,0,0,0,0,0,0,0,0,0,0,0,0,0,0,0,0,0,0,0,0,0,0,0,0,0,0,0,0,0,0,0,0,0,0,0,0,0,0,0,0,0,0,0,0,0,0,0,0,0,0,0,0,0,0,0,0,0,0,0,0,0,0,0,0,0,0,0,0,0,0,0,0,0,0,0,0,0,0,0,0,0,0,0,0,0,0,0,0,0,0,0,0,0,0,0,0,0,0,0,0,0,0,0,0,0,0,0,0,0,0,0,0,0,0,0,0,0,0,0,0,0,0,0,0,0,0,0,0,0,0,0,0,0,0,0,0,0,0,0,0,0,0,0,0,0,0,0,0,0,0,0,0,0,0,0,0,0,0,0,0,0,0,0,0,0,0,0,0,0,0,0,0,0,0,0,0,0,0,0,0,0,0,0,0,0,0,0,0,0,0,0,0,0,0,0,0,0,0,0,0,0,0,0,0,0,0,0,0,0,0,0,0,0,0,0,0,0,0,0,0,0,0,0,0,0,0,0,0,0,0,0,0,0,0,0,0,0,0,0,0,0,0,0,0,0,0,0,0,0,0,0,0,0,0,0,0,0,0,0,0,0,0,0,0,0,0,0,0,0,0,0,0,0,0,0,0,0,0,0,0,0,0,0,0,0,0,0,0,0,0,0,0,0,0,0,0,0,0,0,0,0,0,0,0,0,0,0,0,0,0,0,0,0,0,0,0,0,0,0,0,0,0,0,0,0,0,0,0,0,0,0,0,0,0,0,0,0,0,0,0,0,0,0,0,0,0,0,0,0,0,0,0,0,0,0,0,0,0,0,0,0,0,0,0,0,0,0,0,0,0,0,0,0,0,0,0,0,0,0,0,0,0,0,0,0,0,0,0,0,0,0,0,0,0,0,0,0,0,0,0,0,0,0,0,0,0,0,0,0,0,0,0,0,0,0,0,0,0,0,0,0,0,0,0,0,0,0,0,0,0,0,0,0,0,0,0,0,0,0,0,0,0,0,0,0,0,0,0,0,0,0,0,0,0,0,0,0,0,0,0,0,0,0,0,0,0,0,0,0,0,0,0,0,0,0,0,0,0,0,0,0,0,0,0,0,0,0,0,0,0,0,0,0,0,0,0,0,0,0,0,0,0,0,0,0,0,0,0,0,0,0,0,0,0,0,0,0,0,0,0,0,0,0,0,0,0,0,0,0,0,0,0,0,0,0,0,0,0,0,0,0,0,0,0,0,0,0,0,0,0,0,0,0,0,0,0,0,0,0,0,0,0,0,0,0,0,0,0,0,0,0,0,0,0,0,0,0,0,0,0,0,0,0,0,0,0,0,0,0,0,0,0,0,0,0,0,0,0,0,0,0,0,0,0,0,0,0,0,0,0,0,0,0,0,0,0,0,0,0,0,0,0,0,0,0,0,0,0,0,0,0,0,0,0,0,0,0,0,0,0,0,0,0,0,0,0,0,0,0,0,0,0,0,0,0,0,0,0,0,0,0,0,0,0,0,0,0,0,0,0,0,0,0,0,0,0,0,0,0,0,0,0,0,0,0,0,0,0,0,0,0,0,0,0,0,0,0,0,0,0,0,0,0,0,0,0,0,0,0,0,0,0,0,0,0,0,0,0,0,0,0,0,0,0,0,0,0,0,0,0,0,0,0,0,0,0,0,0,0,0,0,0,0,0,0,0,0,0,0,0,0,0,0,0,0,0,0,0,0,0,0,0,0,0,0,0,0,0,0,0,0,0,0,0,0,0,0,0,0,0,0,0,0,0,0,0,0,0,0,0,0,0,0,0,0,0,0,0,0,0,0,0,0,0,0,0,0,0,0,0,0,0,0,0,0,0,0,0,0,0,0,0,0,0,0,0,0,0,0,0,0,0,0,0,0,0,0,0,0,0,0,0,0,0,0,0,0,0,0,0,0,0,0,0,0,0,0,0,0,0,0,0,0,0,0,0,0,0,0,0,0,0,0,0,0,0,0,0,0,0,0,0,0,0,0,0,0,0,0,0,0,0,0,0,0,0,0,0,0,0,0,0,0,0,0,0,0,0,0,0,0,0,0,0,0,0,0,0,0,0,0,0,0,0,0,0,0,0,0,0,0,0,0,0,0,0,0,0,0,0,0,0,0,0,0,0,0,0,0,0,0,0,0,0,0,0,0,0,0,0,0,0,0,0,0,0,0,0,0,0,0,0,0,0,0,0,0,0,0,0,0,0,0,0,0,0,0,0,0,0,0,0,0,0,0,0,0,0,0,0,0,0,0,0,0,0,0,0,0,0,0,0,0,0,0,0,0,0,0,0,0,0,0,0,0,0,0,0,0,0,0,0,0,0,0,0,0,0,0,0,0,0,0,0,0,0,0,0,0,0,0,0,0,0,0,0,0,0,0,0,0,0,0,0,0,0,0,0,0,0,0,0,0,0,0,0,0,0,0,0,0,0,0,0,0,0,0,0,0,0,0,0,0,0,0,0,0,0,0,0,0,0,0,0,0,0,0,0,0,0,0,0,0,0,0,0,0,0,0,0,0,0,0,0,0,0,0,0,0,0,0,0,0,0,0,0,0,0,0,0,0,0,0,0,0,0,0,0,0,0,0,0,0,0,0,0,0,0,0,0,0,0,0,0,0,0,0,0,0,0,0,0,0,0,0,0,0,0,0,0,0,0,0,0,0,0,0,0,0,0,0,0,0,0,0,0,0,0,0,0,0,0,0,0,0,0,0,0,0,0,0,0,0,0,0,0,0,0,0,0,0,0,0,0,0,0,0,0,0,0,0,0,0,0,0,0,0,0,0,0,0,0,0,0,0,0,0,0,0,0,0,0,0,0,0,0,0,0,0,0,0,0,0,0,0,0,0,0,0,0,0,0,0,0,0,0,0,0,0,0,0,0,0,0,0,0,0,0,0,0,0,0,0,0,0,0,0,0,0,0,0,0,0,0,0,0,0,0,0,0,0,0,0,0,0,0,0,0,0,0,0,0,0,0,0,0,0,0,0,0,0,0,0,0,0,0,0,0,0,0,0,0,0,0,0,0,0,0,0,0,0,0,0,0,0,0,0,0,0,0,0,0,0,0,0,0,0,0,0,0,0,0,0,0,0,0,0,0,0,0,0,0,0,0,0,0,0,0,0,0,0,0,0,0,0,0,0,0,0,0,0,0,0,0,0,0,0,0,0,0,0,0,0,0,0,0,0,0,0,0,0,0,0,0,0,0,0,0,0,0,0,0,0,0,0,0,0,0,0,0,0,0,0,0,0,0,0,0,0,0,0,0,0,0,0,0,0,0,0,0,0,0,0,0,0,0,0,0,0,0,0,0,0,0,0,0,0,0,0,0,0
WV0540100,2015,Parkersburg Police Department,West Virginia,30885,42,50,208,308,208,6,150,395,0,0,79,40,1,186,0,65,2,11,14,0,10,32,7,1,60,75,7,0,0,6,3,1,1,9,1,4,9,0,0,0,0,0,0,0,0,8,29,5,1,1,0,4,7,0,0,14,0,0,0,1,0,6,9,5,1,0,3,0,0,0,0,0,0,0,0,0,0,12,0,0,30,0,0,27,0,88,0,0,120,0,0,22,286,0,0,23,185,0,4,63,87,0,28,0,367,0,0,0,0,0,0,7,72,0,0,5,35,0,0,0,1,0,7,179,0,0,0,0,9,56,0,0,0,0,2,9,0,0,13,0,0,0,0,0,0,0,2,10,0,0,29,0,0,0,6,0,0,1,56,0,0,65,0,0,7,0,0,0,4,0,0,0,3,0,0,0,0,8,0,1,2,0,4,0,0,2,0,1,0,3,4,0,0,0,0,0,0,0,1,1,2,5,0,0,0,0,0,0,2,0,0,23,0,0,0,0,0,0,0,0,0,0,0,0,0,0,0,0,0,0,0,1,10,0,0,0,0,0,0,0,0,0,0,0,0,0,0,0,0,0,0,0,0,0,0,0,0,0,0,0,0,0,0,0,0,0,0,0,0,0,0,0,0,0,0,0,0,1,0,0,0,0,0,0,0,0,0,0,0,0,0,0,0,0,0,0,0,0,0,0,0,0,0,0,0,26,0,11,1,39,140,19,39,3,237,42,25,2,85,22,6,2,40,12,95,2,210,121,56,3,0,0,0,0,0,0,0,0,0,79,13,21,1,3,0,0,1,48,12,126,0,0,0,0,0,27,9,29,0,2,0,0,1,5,5,9,3,2,0,0,0,94,0,0,0,7,2,1,0,4,27,1,0,0,7,0,0,7,52,17,53,4,0,5,0,0,0,0,4,0,2,0,0,0,3,0,0,5,3,1,0,1,1,2,6,1,2,0,0,4,7,3,0,1,0,0,0,1,1,0,0,0,0,0,0,0,1,1,2,0,0,0,0,1,0,2,0,7,2,0,0,1,1,1,0,0,5,0,0,0,0,0,4,0,0,0,0,0,0,0,0,0,0,0,0,0,0,0,0,0,0,0,0,0,0,0,0,0,0,0,0,0,0,0,0,0,0,0,0,0,0,0,5,113,37,24,8,4,0,9,0,0,0,1,0,51,52,225,347,217,7,171,417,0,0,80,41,1,186,0,71,2,11,17,0,12,36,7,1,62,92,8,0,0,6,3,1,1,9,1,5,10,0,0,0,0,0,0,0,0,6,39,6,9,41,62,141,22,32,103,212,15,64,138,0,3,4,28,88,55,60,118,239,0,0,0,0,0,0,9,10,61,4,17,20,0,0,1,6,17,163,0,0,0,15,24,32,0,2,0,0,2,9,1,12,4,0,2,5,5,8,17,11,2,4,1,0,16,14,32,34,29,29,2,2,4,0,0,0,0,4,2,1,1,0,1,0,6,3,1,0,0,0,1,3,1,2,7,1,2,1,0,0,0,0,0,0,0,0,0,2,0,0,0,0,0,0,0,0,0,0,0,0,0,0,0,0,0,0,0,0,0,0,0,5,8,38,2,46,0,17,24,184,0,14,216,117,6,144,67,4,3,24,61,86,0,9,247,161,0,0,0,0,0,0,0,0,62,18,2,22,17,1,0,2,164,20,0,0,0,3,33,35,0,0,2,0,9,2,1,5,11,0,0,0,0,0,0,6,6,0,0,1,12,23,0,0,0,0,1,6,0,1,33,28,0,7,29,56,0,4,0,0,0,0,2,4,0,0,0,0,0,0,1,1,0,0,0,1,0,0,3,6,0,0,1,0,2,1,2,3,2,5,0,3,0,1,4,0,0,0,0,0,0,0,0,0,0,0,0,0,0,0,2,0,0,0,0,0,0,0,0,0,0,0,0,0,0,0,0,0,0,0,0,1,0,0,0,0,0,0,0,0,0,0,0,0,0,0,0,0,0,0,0,0,0,0,0,0,0,0,0,0,0,0,0,0,0,0,0,0,0,0,0,0,41,4,6,47,1,192,8,25,121,11,215,63,14,140,3,4,115,1,55,172,6,239,0,0,0,0,0,0,19,0,61,18,2,21,0,1,23,0,163,0,0,0,36,3,32,2,0,2,0,9,12,0,5,0,0,0,0,0,7,0,5,24,0,12,6,0,1,0,30,0,32,61,0,31,4,4,0,0,0,4,0,2,1,1,0,1,0,5,1,3,1,0,0,4,0,1,9,0,1,4,1,0,0,0,0,0,0,0,0,2,0,0,0,0,0,0,0,0,0,0,0,0,0,0,0,0,0,0,0,118,8,90,2,22,30,110,61,27,0,25,7,4,0,5,0,1,8,2,10,14,2,3,0,1,2,4,0,0,11,0,1,1,1,3,1,0,20,0,0,0,11,0,3,0,0,0,0,0,0,0,0,3,0,0,34,84,7,29,61,1,1,18,10,20,32,78,12,49,4,23,0,0,22,4,1,3,0,0,4,0,0,1,4,0,2,1,9,1,4,3,11,3,0,2,3,0,4,1,1,2,3,0,0,1,0,11,0,2,0,1,1,0,0,1,0,1,1,2,0,1,0,0,5,0,15,0,0,0,0,0,0,8,3,0,0,0,2,0,0,0,0,0,0,0,1,0,0,0,0,0,0,0,0,0,0,0,0,0,0,0,0,0,0,3,0,0,10,101,0,7,82,0,2,4,18,2,25,4,97,7,53,0,27,0,1,22,0,7,0,4,0,0,5,0,0,0,1,0,8,0,2,0,10,6,1,13,0,0,2,0,0,0,0,0,0,0,0,0,0,0,0,0,0,2,0,0,0,0,0,0,0,1,9,3,4,0,0,0,0,0,0,1,0,0,1,2,1,0,0,0,0,18,0,0,1,0,0,0,0,0,1,0,0,0,0,0,0,0,0,0,0,0,0,0,0,0,10,0,0,0,0,0,0,0,0,0,3,0,0,9,7,0,0,0,0,0,2,0,0,0,0,0,0,3,0,0,0,0,0,0,0,0,0,0,0,0,0,0,0,0,0,0,0,0,0,0,0,0,0,0,0,0,0,0,0,0,0,0,0,0,0,1,0,1,0,0,0,0,0,0,0,0,0,0,0,0,2,0,0,0,0,1,0,0,0,1,0,0,0,1,0,0,0,0,0,0,0,0,0,2,0,0,0,0,2,0,2,0,0,2,9,2,1,0,0,0,0,0,0,0,0,0,0,0,0,0,0,0,1,0,0,0,0,1,0,0,0,0,0,0,0,2,109,26,7,18,88,22,27,93,59,0,4,0,1,2,3,0,8,1,10,3,24,7,2,9,0,1,3,1,5,0,0,1,0,0,5,0,0,0,0,0,0,1,0,0,1,0,0,0,0,0,2,10,2,0,0,5,0,2,0,0,1,0,0,0,1,0,0,0,0,0,0,0,0,13,0,0,0,0,0,0,0,0,4,0,0,2,1,0,1,0,1,0,0,0,0,0,0,0,0,0,0,0,0,0,0,0,0,0,0,0,0,0,0,0,0,0,0,0,0,0,0,3,0,0,116,8,0,90,2,22,0,30,110,60,1,27,0,25,0,7,0,4,0,5,0,0,1,1,2,0,10,0,14,7,2,0,2,0,0,0,3,0,1,0,0,2,4,0,0,0,0,0,0,11,0,0,0,0,0,0,0,1,0,1,0,0,3,0,0,0,1,0,20,0,1,0,0,0,0,0,0,0,0,0,0,0,11,0,0,0,0,0,0,3,0,0,0,0,0,0,0,0,0,0,0,0,0,0,0,0,0,0,0,0,0,0,0,0,0,3,0,0,0,0,0,84,33,8,0,72,18,1,1,10,12,23,6,96,13,54,6,17,10,0,0,8,15,5,1,0,3,0,1,0,6,1,1,7,3,9,1,1,4,1,3,0,1,1,1,0,0,0,7,3,0,3,2,1,0,1,0,1,3,2,0,0,0,0,16,3,0,0,0,1,0,1,1,1,0,0,0,1,0,0,0,1,0,0,0,0,0,2,1,1,0,0,0,0,0,0,0,0,1,0,0,0,0,0,0,1,8,0,0,0,0,0,1,0,0,0,0,0,0,0,0,0,3,3,0,0,0,0,0,0,0,0,0,0,0,0,0,0,2,0,0,0,0,0,0,0,0,0,0,0,48,54,229,338,223,6,150,409,0,0,79,40,1,198,0,67,2,11,14,0,12,36,7,1,61,84,7,0,0,6,3,1,1,9,1,4,9,0,0,0,0,0,0,0,0,18,30,0,26,149,78,2,136,164,2,93,93,0,155,166,0,0,0,0,0,0,0,0,10,12,0,0,96,93,0,0,0,0,30,32,0,1,1,3,4,0,13,0,0,0,0,6,5,0,6,10,0,0,0,0,1,37,24,0,19,20,0,3,4,6,0,0,0,0,8,1,1,1,0,0,0,28,1,0,0,0,0,0,0,0,0,0,0,0,0,0,0,0,0,0,0,0,0,2,2,44,0,54,0,9,5,215,7,7,288,5,7,174,11,16,293,0,0,0,0,0,0,2,19,0,2,10,177,0,0,0,0,4,2,56,0,2,0,0,7,0,14,0,0,0,0,0,0,1,0,1,10,0,0,0,0,0,1,15,0,0,0,0,0,1,0,1,60,0,1,1,37,0,7,0,1,5,0,1,0,0,0,0,0,0,0,0,0,0,0,0,9,0,1,0,0,0,0,1,0,0,0,0,0,0,0,0,0,0,0,0,0,0,0,0,0,0,0,0,0,0,0,0,0,0,0,0,0,0,0,0,0,0,0,0,0,0,0,0,0,0,0,0,0,2,1,10,17,10,13,0,0,0,1,0,11,0,5,0,0,2,0,2,1,0,0,2,2,0,0,0,0,0,0,0,45,53,218,284,174,305,21,178,56,9,15,37,0,6,0,0,1,1,0,0,0,0,1,9,2,7,7,0,0,3,12,0,1,1,59,0,0,0,1,1,0,0,2,0,0,0,0,0,0,0,0,0,0,0,0,0,0,0,0,0,45,3,0,45,203,19,7,298,1,3,177,2,7,319,2,0,0,0,0,0,0,0,0,21,1,0,184,2,3,0,0,61,0,2,0,0,7,0,0,8,6,0,0,0,0,1,11,0,0,16,0,0,0,0,1,59,1,39,0,0,7,0,5,1,0,0,0,5,1,0,1,0,0,0,3,6,0,0,0,0,0,4,0,0,0,0,0,0,0,0,0,1,0,0,0,0,0,0,0,12,19,156,73,1,6,6,8,0,0,1,1,5,8,17,0,0,0,1,0,0,0,0,0,0,0,0,0,8,4,24,3,9,2,18,90,22,74,16,27,297,184,317,0,0,0,22,0,189,0,62,1,0,1,0,0,0,0,0,7,5,1,4,0,4,0,0,0,0,0,11,16,0,1,60,39,7,4,0,0,0,2,1,3,0,4,0,0,1,18,6,10,0,0,0,0,0,0,0,0,0,0,0,2,1,1,2,0,0,1,0,0,0,1,0,0,0,0,1,0,0,1,0,2,0,0,0,0,0,0,0,0,0,0,0,0,0,0,0,0,0,0,0,0,0,0,0,0,0,0,0,0,0,0,0,0,0,0,0,0,0,1,0,0,0,0,1,0,0,0,0,0,0,0,0,0,0,0,0,0,0,0,0,0,0,0,0,0,0,0,0,0,0,0,0,0,0,0,0,0,0,0,0,0,0,0,0,0,0,0,0,0,0,0,0,0,0,0,0,0,0,0,0,1,0,0,0,0,0,0,0,0,0,0,0,0,0,0,0,0,0,1,0,0,0,0,0,0,0,0,0,0,0,0,0,0,0,0,0,0,0,0,0,0,0,0,0,0,0,0,0,0,0,0,0,0,0,0,0,0,0,0,0,0,0,0,0,0,0,0,0,0,0,0,0,0,0,0,0,0,0,0,0,0,0,0,0,0,0,0,0,0,0,0,0,0,0,0,0,0,0,0,0,0,0,0,0,0,0,0,0,0,0,0,0,0,0,0,0,0,0,0,0,0,0,0,0,0,0,0,0,0,0,0,0,0,0,0,0,0,0,0,0,0,0,0,0,0,0,0,0,0,0,0,0,0,0,0,0,0,0,0,0,0,0,0,0,0,0,0,0,0,0,0,0,0,0,0,0,0,1,0,0,0,0,0,0,0,0,0,0,0,0,0,0,0,0,0,0,0,0,0,0,0,0,0,0,0,0,0,0,0,0,0,0,0,0,0,0,3,0,0,0,0,0,0,0,0,0,0,0,0,0,0,0,0,0,0,0,0,0,0,0,0,0,0,0,0,0,0,0,0,0,0,0,0,0,0,0,0,0,0,0,0,0,0,0,0,0,0,0,0,0,0,0,0,0,0,0,0,0,0,0,0,0,0,0,0,0,0,0,0,0,0,0,0,0,0,0,0,0,0,0,0,0,0,0,0,0,0,0,0,0,0,0,0,0,0,0,0,0,0,0,0,0,0,0,0,0,0,0,0,0,0,0,0,0,0,0,0,0,0,0,0,0,0,0,0,0,0,0,0,0,0,0,0,0,0,0,0,0,0,0,0,0,0,0,0,0,0,0,0,0,0,0,0,0,0,0,0,0,0,0,0,0,0,0,0,0,0,0,0,0,0,0,0,0,0,0,0,0,0,0,0,0,0,0,0,0,0,0,0,0,0,0,0,0,0,0,0,0,0,0,0,0,0,0,0,0,0,0,0,0,0,0,0,0,0,0,0,0,0,0,0,0,0,0,0,0,0,0,0,0,0,0,0,0,0,0,0,0,0,0,0,0,0,0,0,0,0,0,0,0,0,0,0,0,0,0,0,0,0,0,0,0,0,0,0,0,0,0,0,0,0,0,0,0,0,0,0,0,0,0,0,0,0,0,0,0,0,0,0,0,0,0,0,0,0,0,0,0,0,0,0,0,0,0,0,0,0,0,0,0,0,0,0,0,0,0,0,0,0,0,0,0,0,0,0,0,0,0,0,0,0,0,0,0,0,0,0,0,0,0,0,0,0,0,0,0,0,0,0,0,0,0,0,0,0,0,0,0,0,0,0,0,0,0,0,0,0,0,0,0,0,0,0,0,0,0,0,0,0,0,0,0,0,0,0,0,0,0,0,0,0,0,0,0,0,0,0,0,0,0,0,0,0,0,0,0,0,0,0,0,0,0,0,0,0,0,0,0,0,0,0,0,0,0,0,0,0,0,0,0,0,0,0,0,0,0,0,0,0,0,0,0,0,0,0,0,0,0,0,0,0,0,0,0,0,0,0,0,0,0,0,0,0,0,0,0,0,0,0,0,0,0,0,0,0,0,0,0,0,0,0,0,0,0,0,0,0,0,0,0,0,0,0,0,0,0,0,0,0,0,0,0,0,0,0,0,0,0,0,0,0,0,0,0,0,0,0,0,0,0,0,0,0,0,0,0,0,0,0,0,0,0,0,0,0,0,0,0,0,0,0,0,0,0,0,0,0,0,0,0,0,0,0,0,0,0,0,0,0,0,0,0,0,0,0,0,0,0,0,0,0,0,0,0,0,0,0,0,0,0,0,0,0,0,0,0,0,0,0,0,0,0,0,0,0,0,0,0,0,0,0,0,0,0,0,0,0,0,0,0,0,0,0,0,0,0,0,0,0,0,0,0,0,0,0,0,0,0,0,0,0,0,0,0,0,0,0,0,0,0,0,0,0,0,0,0,0,0,0,0,0,0,0,0,0,0,0,0,0,0,0,0,0,0,0,0,0,0,0,0,0,0,0,0,0,0,0,0,0,0,0,0,0,0,0,0,0,0,0,0,0,0,0,0,0,0,0,0,0,0,0,0,0,0,0,0,0,0,0,0,0,0,0,0,0,0,0,0,0,0,0,0,0,0,0,0,0,0,0,0,0,0,0,0,0,0,0,0,0,0,0,0,0,0,0,0,0,0,0,0,0,0,0,0,0,0,0,0,0,0,0,0,0,0,0,0,0,0,0,0,0,0,0,0,0,0,0,0,0,0,0,0,0,0,0,0,0,0,0,0,0,0,0,0,0,0,0,0,0,0,0,0,0,0,0,0,0,0,0,0,0,0,0,0,0,0,0,0,0,0,0,0,0,0,0,0,0,0,0,0,0,0,0,0,0,0,0,0,0,0,0,0,0,0,0,0,0,0,0,0,0,0,0,0,0,0,0,0,0,0,0,0,0,0,0,0,0,0,0,0,0,0,0,0,0,0,0,0,0,0,0,0,0,0,0,0,0,0,0,0,0,0,0,0,0,0,0,0,0,0,0,0,0,0,0,0,0,0,0,0,0,0,0,0,0,0,0,0,0,0,0,0,0,0,0,0,0,0,0,0,0,0,0,0,0,0,0,0,0,0,0,0,0,0,0,0,0,0,0,0,0,0,0,0,0,0,0,0,0,0,0,0,0,0,0,0,0,0,0,0,0,0,0,0,0,0,0,0,0,0,0,0,0,0,0,0,0,0,0,0,0,0,0,0,0,0,0,0,0,0,0,0,0,0,0,0,0,0,0,0,0,0,0,0,0,0,0,0,0,0,0,0,0,0,0,0,0,0,0,0,0,0,0,0,0,0,0,0,0,0,0,0,0,0,0,0,0,0,0,0,0,0,0,0,0,0,0,0,0,0,0,0,0,0,0,0,0,0,0,0,0,0,0,0,0,0,0,0,0,0,0,0,0,0,0,0,0,0,0,0,0,0,0,0,0,0,0,0,0,0,0,0,0,0,0,0,0,0,0,0,0,0,0,0,0,0,0,0,0,0,0,0,0,0,0,0,0,0,0,0,0,0,0,0,0,0,0,0,0,0,0,0,0,0,0,0,0,0,0,0,0,0,0,0,0,0,0,0,0,0,0,0,0,0,0,0,0,0,0,0,0,0,0,0,0,0,0,0,0,0,0,0,0,0,0,0,0,0,0,0,0,0,0,0,0,0,0,0,0,0,0,0,0,0,0,0,0,0,0,0,0,0,0,0,0,0,0,0,0,0,0,0,0,0,0,0,0,0,0,0,0,0,0,0,0,0,0,0,0,0,0,0,0,0,0,0,0,0,0,0,0,0,0,0,0,0,0,0,0,0,0,0,0,0,0,0,0,0,0,0,0,0,0,0,0,0,0,0,0,0,0,0,0,0,0,0,0,0,0,0,0,0,0,0,0,0,0,0,0,0,0,0,0,0,0,0,0,0,0,0,0,0,0,0,0,0,0,0,0,0,0,0,0,0,0,0,0,0,0,0,0,0,0,0,0,0,0,0,0,0,0,0,0,0,0,0,0,0,0,0,0,0,0,0,0,0,0,0,0,0,0,0,0,0,0,0,0,0,0,0,0,0,0,0,0,0,0,0,0,0,0,0,0,0,0,0,0,0,0,0,0,0,0,0,0,0,0,0,0,0,0,0,0,0,0,0,0,0,0,0,0,0,0,0,0,0,0,0,0,0,0,0,0,0,0,0,0,0,0,0,0,0,0,0,0,0,0,0,0,0,0,0,0,0,0,0,0,0,0,0,0,0,0,0,0,0,0,0,0,0,0,0,0,0,0,0,0,0,0,0,0,0,0,0,0,0,0,0,0,0,0,0,0,0,0,0,0,0,0,0,0,0,0,0,0,0,0,0,0,0,0,0,0,0,0,0,0,0,0,0,0,0,0,0,0,0,0,0,0,0,0,0,0,0,0,0,0,0,0,0,0,0,0,0,0,0,0,0,0,0,0,0,0,0,0,0,0,0,0,0,0,0,0,0,0,0,0,0,0,0,0,0,0,0,0,0,0,0,0,0,0,0,0,0,0,0,0,0,0,0,0,0,0,0,0,0,0,0,0,0,0,0,0,0,0,0,0,0,0,0,0,0,0,0,0,0,0,0,0,0,0,0,0,0,0,0,0,0,0,0,0,0,0,0,0,0,0,0,0,0,0,0,0,0,0,0,0,0,0,0,0,0,0,0,0,0,0,0,0,0,0,0,0,0,0,0,0,0,0,0,0,0,0,0,0,0,0,0,0,0,0,0,0,0,0,0,0,0,0,0,0,0,0,0,0,0,0,0,0,0,0,0,0,0,0,0,0,0,0,0,0,0,0,0,0,0,0,0,0,0,0,0,0,0,0,0,0,0,0,0,0,0,0,0,0,0,0,0,0,0,0,0
WV0540100,2014,Parkersburg Police Department,West Virginia,31139,55,34,317,262,291,4,143,439,0,1,120,40,2,177,6,55,1,6,14,0,13,28,8,1,51,59,3,0,0,5,9,2,0,12,3,2,10,0,0,0,0,0,0,0,0,9,46,0,0,1,0,2,4,0,0,14,0,0,0,1,0,5,12,7,1,0,2,0,0,0,0,0,0,0,0,0,0,19,0,0,36,0,0,20,0,109,0,0,208,0,0,14,248,0,0,17,274,0,3,66,77,0,31,0,408,0,0,0,0,1,0,12,108,0,0,4,36,0,0,0,2,0,7,170,0,0,6,0,10,45,0,0,0,1,2,4,0,0,14,0,0,0,0,0,0,0,0,12,0,0,24,0,0,0,5,0,0,1,49,0,0,50,0,0,3,0,0,0,3,0,0,0,8,0,0,0,0,11,0,3,1,0,2,0,0,1,0,0,0,4,2,0,0,0,0,0,0,0,0,1,1,8,0,0,0,0,0,0,2,0,1,14,0,0,0,0,0,0,0,0,0,0,0,0,0,0,0,0,0,0,0,3,9,0,0,0,0,0,0,0,0,0,0,0,0,0,0,0,0,0,0,0,0,0,0,0,0,0,0,0,0,0,0,0,0,0,0,0,0,0,0,0,0,0,0,0,0,2,0,0,0,0,0,0,1,0,0,0,0,0,0,0,0,0,0,0,0,0,0,0,0,0,0,0,0,34,4,15,1,16,207,35,52,16,203,36,21,1,112,38,2,2,23,16,98,5,222,143,65,4,0,0,0,0,0,1,0,0,0,120,20,14,2,4,2,0,0,42,18,116,1,1,1,4,0,32,4,18,0,1,0,0,1,4,0,12,1,0,0,0,0,136,0,0,1,10,1,2,0,3,24,1,0,0,8,0,0,9,41,14,40,2,0,2,0,0,0,0,2,1,2,0,0,0,6,0,0,9,1,1,0,1,1,0,2,0,6,2,0,2,6,8,0,4,0,0,0,2,0,0,0,0,0,0,0,0,0,0,1,0,1,0,0,1,1,1,0,7,0,0,0,3,1,3,0,0,5,0,0,0,0,0,1,1,0,0,0,0,0,0,0,0,0,0,0,1,0,0,0,0,0,0,0,0,0,0,1,0,0,0,0,0,0,0,0,1,0,0,0,0,0,0,1,129,14,24,4,1,1,10,0,0,0,3,0,60,35,347,279,310,4,149,458,0,1,124,42,2,188,6,59,1,7,14,0,14,33,8,1,54,65,3,0,0,5,10,2,0,12,3,3,10,0,0,0,0,0,0,0,0,14,37,9,5,29,84,235,28,18,66,195,25,92,193,1,1,2,24,67,58,59,126,273,0,0,0,0,0,1,21,19,84,11,11,20,0,0,2,8,25,155,0,0,6,4,28,27,0,1,0,0,4,3,0,13,1,0,2,4,8,8,10,15,4,3,1,0,10,12,32,22,19,24,0,0,3,0,0,0,0,4,1,0,2,0,0,0,12,0,1,0,0,0,2,1,0,0,10,0,1,1,0,0,0,0,0,0,0,0,0,9,0,0,0,0,0,0,1,0,0,0,0,0,0,0,0,0,0,0,0,0,2,0,0,6,12,42,1,32,1,27,45,273,0,2,200,77,6,198,106,2,2,13,60,76,0,10,285,163,0,0,0,0,1,0,0,3,84,37,2,21,19,2,0,3,158,27,0,6,0,4,30,25,0,0,1,1,3,3,2,1,11,0,0,0,0,0,0,9,5,1,0,2,16,15,0,0,0,0,1,7,0,3,34,17,0,2,31,32,0,3,0,0,0,0,1,4,0,0,0,0,0,0,0,1,0,1,0,0,0,0,0,12,0,0,3,0,0,0,3,0,0,10,0,2,0,1,0,0,0,0,0,0,0,0,0,0,0,0,0,0,0,0,10,0,0,0,0,0,0,0,0,0,0,0,0,0,0,0,0,0,0,0,0,0,0,0,0,0,0,0,0,0,0,0,0,0,0,0,0,0,0,0,0,0,0,0,0,0,0,0,0,0,0,0,0,0,0,0,0,0,0,0,0,0,47,4,9,28,3,280,32,35,73,5,201,104,10,196,2,2,85,6,58,175,7,276,0,0,0,0,0,1,33,6,85,16,6,20,0,2,32,1,155,0,0,6,26,5,28,1,0,4,0,3,12,0,2,0,0,0,0,0,4,1,9,14,3,16,7,0,1,0,21,1,32,39,0,26,0,3,0,0,0,4,0,1,1,2,0,0,0,7,2,3,2,0,1,3,0,0,7,3,0,4,1,0,0,0,0,0,0,0,0,5,0,0,0,0,0,0,0,0,0,0,0,0,0,0,0,4,0,0,0,119,20,114,0,13,27,127,64,19,1,25,13,3,0,3,0,0,11,3,6,6,0,0,0,0,5,2,0,0,14,0,0,1,1,5,2,1,14,0,0,0,9,0,1,0,0,0,0,0,0,0,0,0,2,0,33,86,14,32,82,0,0,11,9,18,37,90,18,46,3,16,0,1,16,6,2,1,0,0,3,0,0,0,8,0,3,1,5,6,2,1,5,7,0,0,0,0,3,0,3,1,9,0,0,2,3,11,0,1,0,0,0,0,0,1,0,1,0,5,0,2,1,0,1,0,13,0,0,0,0,0,0,5,4,0,0,0,0,0,0,0,0,0,0,0,1,0,0,0,0,0,0,0,0,0,0,2,0,0,0,0,0,0,0,0,0,0,6,104,5,14,97,0,0,0,12,0,27,10,115,12,51,1,15,1,1,22,1,12,0,3,0,0,3,0,0,0,0,2,7,0,3,0,6,11,0,6,0,0,0,0,0,0,0,0,0,0,0,0,0,0,0,0,0,4,0,0,0,0,0,1,0,1,13,0,2,0,0,0,0,0,0,1,0,0,1,0,5,0,0,0,0,14,0,0,2,0,0,0,0,0,0,0,0,0,0,0,0,0,0,0,1,0,0,0,0,0,9,0,0,0,0,0,0,0,0,0,1,0,0,2,9,0,0,0,0,0,2,0,0,0,0,0,0,0,0,0,0,0,0,0,2,0,0,0,0,0,0,0,0,0,0,0,0,0,0,0,0,0,0,0,0,0,0,0,0,0,0,0,0,3,0,0,0,1,0,0,0,0,0,0,1,0,0,0,0,0,6,0,0,0,0,0,2,0,0,0,0,0,0,0,0,0,0,0,0,0,0,0,0,0,0,0,0,0,2,2,7,0,0,0,10,4,0,0,2,1,0,0,0,0,0,0,0,0,0,0,0,0,0,0,0,0,0,1,0,0,0,0,0,0,1,1,115,19,18,13,107,13,27,114,60,1,3,0,0,0,1,0,10,1,6,5,23,12,5,13,0,1,0,2,1,0,0,0,0,0,2,0,0,0,0,0,0,0,0,0,0,0,0,0,1,0,0,9,3,0,0,3,0,1,0,0,0,0,0,0,0,0,0,0,0,0,0,0,0,6,0,0,0,0,0,0,0,0,2,0,0,0,0,0,0,0,1,0,0,0,0,0,0,0,0,0,0,0,0,0,0,0,2,0,0,0,0,0,0,0,0,0,0,0,0,0,0,0,0,0,113,19,1,110,0,13,0,27,126,61,3,18,1,25,0,9,4,2,0,3,0,0,0,4,3,0,6,4,6,7,0,0,6,0,0,0,0,0,0,0,0,4,2,0,0,0,1,0,0,14,0,1,0,0,0,1,0,0,0,1,0,0,4,1,0,0,2,1,14,0,1,0,0,0,0,0,0,0,0,1,0,0,9,0,0,0,0,0,0,1,0,0,0,0,0,0,0,0,0,0,0,0,0,0,0,0,0,0,0,0,0,0,0,0,0,0,0,0,0,0,0,80,38,9,9,81,30,0,0,9,3,26,1,112,13,51,5,16,2,0,1,10,11,4,2,0,2,0,0,0,5,2,1,5,1,4,4,0,2,0,0,0,0,1,0,0,0,0,8,5,0,0,0,0,0,0,1,0,4,4,0,0,1,1,11,3,0,0,0,1,0,4,1,0,1,0,0,0,3,0,1,2,0,2,0,0,1,4,5,1,0,0,0,0,0,2,0,0,8,0,2,0,1,0,0,1,5,0,0,0,0,0,0,1,0,0,0,0,1,0,0,0,2,2,0,0,0,0,0,0,0,0,0,0,0,0,0,0,0,0,0,0,0,0,0,0,0,0,0,0,68,38,351,285,306,4,143,455,0,1,121,43,2,188,6,55,1,6,14,0,16,33,8,1,55,63,3,0,0,5,9,2,0,13,3,2,10,0,0,0,0,0,0,0,0,28,38,2,19,224,127,0,112,134,0,123,132,1,186,171,1,0,0,1,0,0,0,0,15,16,0,0,83,94,0,3,2,0,15,35,0,0,1,0,2,0,14,0,0,0,0,3,10,1,8,14,0,0,0,0,0,26,24,0,15,17,0,1,2,5,0,0,2,0,10,3,0,0,2,0,0,18,3,1,0,0,0,0,0,0,0,0,0,0,0,1,0,0,0,0,0,0,0,7,7,54,0,38,1,11,7,332,5,5,236,9,8,239,2,18,336,0,0,0,1,0,0,0,30,0,3,8,166,0,0,0,5,0,2,47,0,1,0,0,2,0,13,0,0,0,0,0,0,1,0,2,12,0,0,0,0,0,0,22,0,0,0,0,0,1,1,0,49,0,0,1,31,0,3,0,0,5,0,2,0,0,0,2,0,0,0,1,0,0,1,0,12,0,3,1,0,0,0,2,0,0,0,0,0,0,0,0,0,0,0,0,0,0,0,0,0,0,0,0,0,0,0,0,0,0,0,0,0,0,0,0,0,0,0,0,0,0,0,0,0,0,0,0,0,3,3,20,14,16,20,0,0,0,0,0,11,0,6,0,0,0,0,3,2,0,0,5,1,0,0,1,0,0,0,0,64,35,328,232,238,335,31,166,44,12,20,31,5,5,2,0,3,0,0,0,0,0,0,11,2,3,2,0,0,3,13,0,1,1,45,1,0,0,3,2,0,0,1,0,0,0,0,0,0,0,1,0,0,0,0,0,0,0,0,0,49,13,6,26,300,47,4,237,2,7,246,3,7,349,4,5,0,0,0,1,0,0,0,27,0,0,172,1,4,3,1,50,0,1,0,0,2,0,0,9,5,0,0,0,0,0,13,0,1,21,0,1,0,0,1,50,0,32,0,0,3,0,4,1,0,4,1,9,3,2,0,0,0,2,3,9,0,0,0,0,0,4,0,0,0,0,0,0,0,0,0,0,0,0,0,0,0,0,0,22,22,211,140,1,1,0,13,0,0,1,1,4,10,24,0,0,0,2,0,1,0,0,0,1,0,0,0,9,9,28,8,14,1,14,150,33,101,25,42,242,249,358,0,1,0,30,2,177,5,49,0,0,0,1,0,0,0,0,2,5,0,7,0,2,0,0,0,0,0,14,22,0,1,50,32,3,4,0,0,0,1,1,10,1,0,1,0,2,12,4,7,0,0,0,0,0,0,4,0,0,0,0,0,2,1,3,0,0,0,0,0,0,1,0,0,0,1,0,0,0,0,0,1,0,0,0,0,0,0,0,0,0,0,0,0,0,0,0,0,0,0,0,1,0,0,0,0,0,0,0,0,0,0,0,0,0,0,0,0,0,2,0,0,0,0,0,0,0,0,0,0,0,0,0,0,0,0,0,0,0,0,0,0,0,0,0,0,0,0,0,0,0,0,1,0,0,0,0,0,0,0,0,0,0,0,0,0,0,0,0,0,0,0,0,0,0,0,0,0,0,0,0,1,0,0,0,0,0,0,0,0,0,0,0,0,0,0,0,0,0,0,0,0,0,0,0,0,0,0,0,0,0,0,0,0,0,0,0,0,0,0,0,0,0,0,0,0,0,0,0,0,0,0,0,0,0,0,0,0,0,0,0,0,0,0,0,0,0,0,0,0,0,0,0,0,0,0,0,0,0,0,0,0,0,0,0,0,0,0,0,0,0,0,0,0,2,0,0,0,0,0,0,0,0,0,0,0,0,0,0,0,0,0,0,0,0,0,0,0,0,0,0,0,0,0,0,0,0,0,0,0,0,0,0,0,0,0,0,0,0,0,0,0,0,0,0,0,0,0,0,0,0,0,0,0,0,0,0,0,0,0,0,2,0,0,0,0,0,0,0,0,0,0,0,0,0,0,0,0,0,0,0,0,0,0,0,0,0,0,0,0,0,0,0,0,0,0,0,0,0,0,0,0,0,0,0,0,0,0,0,0,2,0,0,0,0,0,0,0,0,0,0,0,0,0,0,0,0,0,0,0,0,0,0,0,0,0,0,0,0,0,0,0,0,0,0,0,0,0,0,0,0,0,0,0,0,0,0,0,0,0,0,0,0,0,0,0,0,0,0,0,0,0,0,0,0,0,0,0,0,0,0,0,0,0,0,0,0,0,0,0,0,0,0,0,0,0,0,0,0,0,0,0,1,0,0,0,0,0,0,0,0,0,0,0,0,0,0,0,0,0,0,0,0,0,0,0,0,0,0,0,0,0,0,0,0,0,0,0,0,0,0,0,0,0,0,0,0,0,0,0,0,0,0,0,0,0,0,0,0,0,0,0,0,0,0,0,0,0,0,0,0,0,0,0,0,0,0,0,0,0,0,0,0,0,0,0,0,0,0,0,0,0,0,0,0,0,0,0,0,0,0,0,0,0,0,0,0,0,0,0,0,0,0,0,0,0,0,0,0,0,0,0,0,0,0,0,0,0,0,0,0,0,0,0,0,0,0,0,0,0,0,0,0,0,0,0,0,0,0,0,0,0,0,0,0,0,0,0,0,0,0,0,0,0,0,0,0,0,0,0,0,0,0,0,0,0,0,0,0,0,0,0,0,0,0,0,0,0,0,0,0,0,0,0,0,0,0,0,0,0,0,0,0,0,0,0,0,0,0,0,0,0,0,0,0,0,0,0,0,0,0,0,0,0,0,0,0,0,0,0,0,0,0,0,0,0,0,0,0,0,0,0,0,0,0,0,0,0,0,0,0,0,0,0,0,0,0,0,0,0,0,0,0,0,0,0,0,0,0,0,0,0,0,0,0,0,0,0,0,0,0,0,0,0,0,0,0,0,0,0,0,0,0,0,0,0,0,0,0,0,0,0,0,0,0,0,0,0,0,0,0,0,0,0,0,0,0,0,0,0,0,0,0,0,0,0,0,0,0,0,0,0,0,0,0,0,0,0,0,0,0,0,0,0,0,0,0,0,0,0,0,0,0,0,0,0,0,0,0,0,0,0,0,0,0,0,0,0,0,0,0,0,0,0,0,0,0,0,0,0,0,0,0,0,0,0,0,0,0,0,0,0,0,0,0,0,0,0,0,0,0,0,0,0,0,0,0,0,0,0,0,0,0,0,0,0,0,0,0,0,0,0,0,0,0,0,0,0,0,0,0,0,0,0,0,0,0,0,0,0,0,0,0,0,0,0,0,0,0,0,0,0,0,0,0,0,0,0,0,0,0,0,0,0,0,0,0,0,0,0,0,0,0,0,0,0,0,0,0,0,0,0,0,0,0,0,0,0,0,0,0,0,0,0,0,0,0,0,0,0,0,0,0,0,0,0,0,0,0,0,0,0,0,0,0,0,0,0,0,0,0,0,0,0,0,0,0,0,0,0,0,0,0,0,0,0,0,0,0,0,0,0,0,0,0,0,0,0,0,0,0,0,0,0,0,0,0,0,0,0,0,0,0,0,0,0,0,0,0,0,0,0,0,0,0,0,0,0,0,0,0,0,0,0,0,0,0,0,0,0,0,0,0,0,0,0,0,0,0,0,0,0,0,0,0,0,0,0,0,0,0,0,0,0,0,0,0,0,0,0,0,0,0,0,0,0,0,0,0,0,0,0,0,0,0,0,0,0,0,0,0,0,0,0,0,0,0,0,0,0,0,0,0,0,0,0,0,0,0,0,0,0,0,0,0,0,0,0,0,0,0,0,0,0,0,0,0,0,0,0,0,0,0,0,0,0,0,0,0,0,0,0,0,0,0,0,0,0,0,0,0,0,0,0,0,0,0,0,0,0,0,0,0,0,0,0,0,0,0,0,0,0,0,0,0,0,0,0,0,0,0,0,0,0,0,0,0,0,0,0,0,0,0,0,0,0,0,0,0,0,0,0,0,0,0,0,0,0,0,0,0,0,0,0,0,0,0,0,0,0,0,0,0,0,0,0,0,0,0,0,0,0,0,0,0,0,0,0,0,0,0,0,0,0,0,0,0,0,0,0,0,0,0,0,0,0,0,0,0,0,0,0,0,0,0,0,0,0,0,0,0,0,0,0,0,0,0,0,0,0,0,0,0,0,0,0,0,0,0,0,0,0,0,0,0,0,0,0,0,0,0,0,0,0,0,0,0,0,0,0,0,0,0,0,0,0,0,0,0,0,0,0,0,0,0,0,0,0,0,0,0,0,0,0,0,0,0,0,0,0,0,0,0,0,0,0,0,0,0,0,0,0,0,0,0,0,0,0,0,0,0,0,0,0,0,0,0,0,0,0,0,0,0,0,0,0,0,0,0,0,0,0,0,0,0,0,0,0,0,0,0,0,0,0,0,0,0,0,0,0,0,0,0,0,0,0,0,0,0,0,0,0,0,0,0,0,0,0,0,0,0,0,0,0,0,0,0,0,0,0,0,0,0,0,0,0,0,0,0,0,0,0,0,0,0,0,0,0,0,0,0,0,0,0,0,0,0,0,0,0,0,0,0,0,0,0,0,0,0,0,0,0,0,0,0,0,0,0,0,0,0,0,0,0,0,0,0,0,0,0,0,0,0,0,0,0,0,0,0,0,0,0,0,0,0,0,0,0,0,0,0,0,0,0,0,0,0,0,0,0,0,0,0,0,0,0,0,0,0,0,0,0,0,0,0,0,0,0,0,0,0,0,0,0,0,0,0,0,0,0,0,0,0,0,0,0,0,0,0,0,0,0,0,0,0,0,0,0,0,0,0,0,0,0,0,0,0,0,0,0,0,0,0,0,0,0,0,0,0,0,0,0,0,0,0,0,0,0,0,0,0,0,0,0,0,0,0,0,0,0,0,0,0,0,0,0,0,0,0,0,0,0,0,0,0,0,0,0,0,0,0,0,0,0,0,0,0,0,0,0,0,0,0,0,0,0,0,0,0,0,0,0,0,0,0,0,0,0,0,0,0,0,0,0,0,0,0,0,0,0,0,0,0,0,0,0,0,0,0,0,0,0,0,0,0,0,0,0,0,0,0,0,0,0,0,0,0,0,0,0,0,0,0,0,0,0,0,0,0,0,0,0,0,0,0,0,0,0,0,0,0,0,0,0,0,0,0,0,0,0,0,0,0,0,0,0,0,0,0,0,0,0,0,0,0,0,0,0,0,0,0,0,0,0,0,0,0,0,0,0,0,0,0,0,0,0,0,0,0,0,0,0,0,0,0,0,0,0,0,0,0,0,0,0,0,0,0,0,0,0,0,0,0,0,0,0,0,0,0,0,0,0,0,0,0,0,0,0,0,0,0,0,0,0,0,0,0,0,0,0,0,0,0,0,0,0,0,0,0,0,0,0,0,0,0,0,0,0,0,0,0,0,0,0,0,0,0,0,0,0,0,0,0,0,0,0,0,0,0,0,0,0,0,0,0,0,0,0,0,0,0,0,0,0,0,0,0,0,0,0,0,0,0,0,0,0,0,0,0,0,0,0,0,0,0,0,0,0,0,0,0,0,0,0,0,0,0,0,0,0,0,0,0,0,0,0,0,0,0,0,0,0,0,0,0,0,0,0,0,0,0,0,0,0,0,0,0,0,0,0,0,0,0,0,0,0,0,0,0,0,0,0,0,0,0,0,0,0,0,0,0,0,0,0,0,0,0,0,0,0,0,0,0,0,0,0,0,0,0,0,0,0,0,0,0,0,0,0,0,0,0,0,0,0,0,0,0,0,0,0,0,0,0,0,0,0,0,0,0,0,0,0,0,0,0,0,0,0,0,0,0,0,0,0,0,0,0,0,0,0,0,0,0,0,0,0,0,0,0,0,0,0,0,0,0,0,0,0,0,0,0,0,0,0,0,0,0,0,0,0,0,0,0,0,0,0,0,0,0,0,0,0,0,0,0,0,0,0,0,0,0,0,0,0,0,0,0,0,0,0,0,0,0,0,0,0,0,0,0,0,0,0,0
WV0540100,2013,Parkersburg Police Department,West Virginia,31207,87,63,356,347,393,8,185,498,0,2,247,55,2,200,10,60,0,12,21,1,26,33,6,0,49,72,10,0,0,12,3,0,0,12,0,4,18,0,0,0,0,0,0,0,0,9,72,6,0,0,0,4,8,0,0,21,1,0,0,0,0,12,12,5,13,0,0,0,0,0,0,0,0,0,0,0,0,31,0,0,56,0,0,37,0,146,0,0,210,0,0,24,323,0,0,50,343,0,2,126,59,0,53,0,444,1,0,0,0,0,0,33,214,0,0,8,47,0,0,0,2,0,6,194,0,0,10,0,5,55,0,0,0,0,2,10,0,0,21,0,0,1,0,0,0,0,0,24,0,0,26,0,0,0,5,0,0,0,45,0,0,60,0,0,9,0,0,0,8,0,0,0,3,0,0,0,0,12,0,0,1,0,2,0,0,6,2,0,0,7,4,0,0,0,0,0,0,0,0,0,3,16,0,0,0,0,0,0,4,0,2,26,0,0,0,0,0,0,0,0,0,0,0,0,0,0,0,0,0,0,0,1,12,1,0,0,0,0,0,0,0,0,0,0,0,0,0,0,0,0,0,0,0,0,0,0,0,0,0,0,0,0,0,0,0,0,0,0,0,0,0,0,0,0,0,0,0,0,0,0,0,0,0,0,0,0,0,0,0,0,0,0,0,0,0,0,0,0,0,0,0,0,0,0,0,44,4,32,2,40,212,49,72,17,261,55,26,2,173,76,7,3,28,23,122,9,255,168,59,8,0,0,0,0,0,0,2,0,1,246,17,29,4,3,0,1,0,52,17,131,0,4,1,4,1,30,9,18,0,0,0,0,2,5,5,14,3,1,1,0,0,134,0,0,2,18,3,3,2,1,31,1,0,0,6,0,0,9,39,23,41,6,1,2,0,0,0,0,8,1,1,2,0,0,1,0,0,9,1,0,0,1,3,0,2,3,12,1,1,3,11,7,1,3,0,0,0,0,0,0,0,0,0,0,1,0,0,1,8,0,2,0,0,0,2,3,0,6,2,2,0,3,3,1,0,0,8,0,0,0,0,0,5,3,0,0,0,0,0,0,0,0,0,0,0,0,0,0,1,0,0,0,0,0,0,0,0,0,0,0,0,0,0,0,0,0,0,0,0,0,0,0,4,156,29,28,5,2,2,18,0,0,0,4,0,99,65,384,379,417,14,209,549,0,2,261,61,2,202,10,69,0,13,22,1,28,39,6,0,55,76,10,0,0,12,3,0,0,13,0,4,23,0,0,0,0,0,0,0,0,19,70,10,9,55,97,264,23,33,114,232,33,135,249,6,8,0,49,116,44,99,168,282,0,0,0,1,1,0,36,39,186,12,18,31,0,0,2,6,18,178,0,0,10,7,31,31,0,0,0,0,3,10,1,19,2,1,1,10,17,12,15,12,2,3,1,0,11,11,33,22,28,26,2,1,7,0,0,0,1,9,2,2,0,0,0,0,9,1,0,0,0,0,0,4,0,5,18,0,1,0,0,0,0,0,0,0,0,0,0,1,0,3,0,0,0,0,0,0,0,0,0,0,0,0,0,0,0,0,0,0,0,0,0,9,16,74,5,56,0,26,46,312,0,9,239,131,9,261,146,0,14,17,48,144,0,19,295,235,0,0,0,0,0,2,0,1,188,72,3,31,27,2,0,0,178,24,0,10,0,0,34,35,0,0,0,0,11,2,1,2,19,0,0,1,0,0,0,18,10,0,0,1,13,25,0,1,0,0,1,5,0,2,34,19,0,0,32,44,0,8,0,0,0,0,2,10,0,0,0,0,0,0,2,0,0,0,0,0,0,0,1,12,0,0,0,0,0,0,4,2,1,20,0,4,0,0,2,0,0,0,0,0,0,0,0,0,0,0,0,0,0,0,1,0,0,0,0,0,0,0,0,0,0,0,0,0,0,0,0,0,0,0,0,0,0,0,0,0,0,0,0,0,0,0,0,0,0,0,0,0,0,0,0,0,0,0,0,0,0,0,0,0,0,0,0,0,0,0,0,0,0,0,0,0,80,6,13,58,6,321,34,29,121,10,248,141,18,258,13,0,154,11,44,224,25,300,0,0,0,2,0,0,65,9,187,29,1,31,0,2,21,1,180,0,0,10,34,2,33,0,0,3,0,10,16,3,3,1,0,0,0,0,5,5,18,27,0,12,5,0,1,0,20,0,35,47,0,29,2,8,0,0,0,10,0,2,2,0,0,0,0,9,3,1,0,0,0,4,0,0,22,1,0,1,0,0,0,0,0,0,0,0,0,1,0,0,0,1,0,0,0,0,0,0,0,0,0,0,0,0,0,0,0,113,31,146,0,29,25,160,125,23,2,56,32,7,0,3,0,3,4,1,19,7,0,5,1,0,10,5,0,0,38,0,0,1,1,10,1,3,32,0,0,0,14,1,4,0,0,0,0,0,0,0,0,0,0,0,23,90,25,36,110,0,0,25,10,15,33,127,35,90,3,20,0,2,40,16,2,5,0,0,2,0,1,2,3,0,1,6,13,6,4,0,7,16,0,0,3,1,1,0,4,1,16,0,0,6,6,32,2,4,0,1,0,0,0,1,0,1,1,9,0,1,0,3,3,0,29,0,0,0,0,0,0,7,7,1,0,0,3,0,0,0,0,0,0,0,1,0,0,0,0,0,0,0,0,0,0,0,0,0,0,0,0,0,0,0,0,0,8,102,4,25,126,0,0,3,25,3,22,16,134,13,108,3,20,2,5,48,1,29,1,6,0,0,3,0,0,0,2,0,3,0,1,0,19,12,2,5,0,0,0,0,0,0,0,0,0,0,0,0,0,0,0,0,0,9,0,0,1,0,0,0,0,1,33,5,5,0,0,0,0,0,0,1,0,0,1,1,8,0,0,0,0,26,0,0,1,0,0,0,0,0,3,0,0,0,0,0,0,0,0,0,3,0,0,0,0,1,13,1,0,0,0,0,0,0,0,0,4,0,0,10,3,0,0,0,0,0,3,0,0,0,0,0,0,0,0,0,2,0,0,0,1,0,0,0,0,0,0,1,0,0,0,0,0,0,0,0,0,0,0,0,0,0,0,0,0,0,0,0,0,0,0,0,0,4,0,0,0,0,1,0,1,0,0,0,0,0,8,0,0,0,0,0,0,0,0,0,0,0,0,4,0,0,0,0,0,0,0,0,0,0,0,0,0,0,1,1,11,0,1,0,6,12,0,0,7,3,0,0,0,0,1,0,0,2,0,0,0,0,0,0,0,0,0,2,0,0,0,0,0,1,0,1,104,20,30,30,135,28,25,147,111,2,7,0,2,0,4,0,3,1,17,9,47,28,10,35,0,1,5,0,5,0,0,0,0,0,3,0,0,0,0,0,0,0,0,0,2,0,1,0,1,3,4,12,1,0,0,3,0,3,0,1,1,0,2,0,2,0,0,0,0,0,0,1,0,7,0,1,0,0,0,0,0,0,5,0,0,0,0,0,0,3,0,0,0,0,0,0,0,0,0,0,0,0,0,0,0,0,0,0,0,0,0,0,0,0,0,0,0,0,1,0,0,0,0,0,111,31,0,140,0,28,1,21,160,114,11,23,2,51,5,27,5,7,0,3,0,0,3,0,1,0,19,6,6,4,0,0,2,4,0,0,5,1,0,0,0,10,5,0,0,0,0,0,1,31,7,0,0,0,0,0,0,0,0,1,0,0,9,1,0,0,1,1,31,0,1,0,0,0,0,0,2,1,0,0,0,0,14,0,1,0,0,0,0,4,0,0,0,0,0,0,0,0,0,0,0,0,0,0,0,0,0,0,0,0,0,0,0,0,0,0,0,0,0,0,0,83,27,18,10,86,48,0,0,13,11,20,2,157,1,63,8,22,1,2,0,17,32,12,2,0,2,0,2,1,1,0,0,13,4,5,10,0,1,0,4,1,0,5,1,0,0,0,18,13,0,5,1,0,0,0,1,0,7,1,0,0,0,0,16,11,0,0,0,1,0,3,3,3,0,0,0,5,12,0,5,2,0,2,1,2,2,7,10,7,0,0,0,2,1,3,2,1,54,0,2,0,0,1,0,4,6,0,0,0,0,1,1,0,0,0,0,0,0,0,0,0,4,6,0,0,0,0,0,0,0,0,0,0,0,0,0,0,0,0,0,0,1,0,0,0,0,0,0,0,95,65,393,371,415,8,185,518,0,2,247,57,3,209,10,62,0,13,21,1,29,34,7,0,53,73,10,0,0,13,3,0,0,13,0,4,18,0,0,0,0,0,0,0,0,46,49,0,37,238,152,3,141,174,1,162,159,4,205,195,0,0,0,2,0,0,0,0,13,13,0,0,95,101,0,2,5,0,23,31,0,0,0,3,7,0,21,0,1,0,0,12,8,0,17,10,0,1,1,0,0,31,19,0,16,20,0,3,6,11,2,0,0,0,10,0,0,0,3,0,0,28,3,0,0,0,0,0,0,0,0,0,0,0,0,0,0,0,0,0,0,0,1,4,3,87,2,61,0,12,18,362,6,11,297,9,19,296,9,11,379,0,0,0,2,0,0,1,25,0,3,8,184,0,0,1,6,1,2,51,0,0,1,0,9,1,20,0,1,1,0,0,0,0,0,2,18,0,1,1,0,1,0,26,1,0,0,0,2,0,0,0,50,0,0,0,36,0,8,1,0,12,1,0,0,0,0,0,0,1,0,0,0,0,0,1,12,0,0,0,0,0,1,2,0,0,2,0,1,0,0,0,0,0,0,0,0,0,0,0,0,0,0,0,0,0,0,0,0,0,0,0,0,0,0,0,0,0,0,0,0,0,0,0,0,0,0,0,0,3,3,17,16,34,40,0,0,0,2,0,19,2,6,0,0,1,0,2,0,0,0,2,4,0,0,0,0,1,0,0,91,62,370,295,290,357,23,176,48,13,27,31,5,13,0,0,6,5,0,1,1,0,0,18,1,9,10,0,0,3,20,0,1,0,47,2,1,0,0,2,0,0,0,0,0,2,0,1,0,0,0,0,0,0,1,0,0,0,0,0,87,8,0,59,329,49,15,308,2,6,299,7,19,382,9,9,0,0,0,2,0,0,0,24,0,0,188,2,6,6,0,54,0,0,0,0,10,0,0,10,11,0,0,1,0,0,16,1,3,27,0,0,2,0,0,49,1,36,0,0,9,0,9,4,0,2,1,8,0,3,0,0,0,0,4,2,0,1,0,0,0,4,0,0,0,0,0,0,0,0,0,0,0,0,0,0,0,0,0,30,38,246,147,2,6,7,13,0,1,0,6,7,12,27,0,0,2,1,0,1,0,0,0,0,0,0,0,24,8,36,9,18,6,32,155,25,134,42,37,310,306,392,0,2,0,25,0,196,7,54,0,0,0,0,0,0,0,0,10,2,2,15,0,2,1,0,0,0,0,19,26,2,0,50,36,9,7,0,4,0,2,3,7,0,2,0,0,3,14,3,10,0,0,0,0,0,0,7,0,0,0,0,2,9,1,1,2,0,0,0,0,0,1,0,0,0,1,0,0,0,6,0,5,0,0,0,1,0,0,0,0,0,0,0,0,0,0,0,0,0,0,0,0,0,0,0,0,0,0,1,0,0,0,0,0,0,0,0,0,0,0,0,0,0,0,0,0,0,0,0,0,0,0,0,0,0,0,0,0,0,0,0,0,0,0,0,0,0,0,0,0,0,0,0,0,0,0,0,0,0,0,0,0,0,0,0,0,0,0,0,0,0,0,0,0,0,0,0,0,0,0,0,2,0,0,0,0,0,0,0,0,0,0,0,0,0,0,0,0,0,0,0,0,0,0,0,0,0,0,0,0,0,0,0,1,0,0,0,0,0,0,0,0,0,0,0,0,0,0,0,0,0,0,0,0,0,0,0,0,0,0,0,0,0,0,0,0,0,0,0,0,0,0,0,0,0,0,0,0,0,0,0,0,0,0,0,0,0,0,0,0,0,0,0,0,0,0,0,0,0,0,0,0,0,0,0,0,0,0,0,0,0,0,0,0,0,0,0,0,0,0,0,0,0,0,0,0,0,0,0,0,0,0,0,0,0,0,0,0,0,0,0,0,0,0,0,0,0,0,0,0,0,0,0,0,0,0,0,0,0,0,0,0,0,0,0,0,0,0,0,0,0,0,0,0,0,0,0,0,3,0,0,0,0,0,0,0,0,0,0,0,0,0,0,0,0,0,0,0,0,0,0,0,0,0,0,0,0,0,0,0,0,0,0,0,0,0,0,0,0,0,0,0,0,0,0,0,0,0,0,0,0,0,0,0,0,0,0,0,0,0,0,0,0,0,0,0,0,0,0,0,0,0,0,0,0,0,0,0,0,0,0,0,0,0,0,0,0,0,0,0,0,0,0,0,0,0,0,0,0,0,0,0,0,0,0,0,0,0,0,0,0,0,0,0,0,0,0,0,0,0,0,0,0,0,0,0,0,0,0,0,0,0,0,0,0,0,0,0,0,0,0,0,0,0,0,0,0,0,0,0,0,0,0,0,0,0,0,0,0,0,0,0,0,0,0,0,0,0,0,0,0,0,0,0,0,0,0,0,0,0,0,0,0,0,0,0,0,0,0,0,0,0,0,0,0,0,0,0,0,0,0,0,0,0,0,0,0,0,0,0,0,0,0,0,0,0,0,0,0,0,0,0,0,0,0,0,0,0,0,0,0,0,0,0,0,0,0,0,0,0,0,0,0,0,0,0,0,0,0,0,0,0,0,0,0,0,0,0,0,0,0,0,0,0,0,0,0,0,0,0,0,0,0,0,0,0,0,0,0,0,0,0,0,0,0,0,0,0,0,0,0,0,0,0,0,0,0,0,0,0,0,0,0,0,0,0,0,0,0,0,0,0,0,0,0,0,0,0,0,0,0,0,0,0,0,0,0,0,0,0,0,0,0,0,0,0,0,0,0,0,0,0,0,0,0,0,0,0,0,0,0,0,0,0,0,0,0,0,0,0,0,0,0,0,0,0,0,0,0,0,0,0,0,0,0,0,0,0,0,0,0,0,0,0,0,0,0,0,0,0,0,0,0,0,0,0,0,0,0,0,0,0,0,0,0,0,0,0,0,0,0,0,0,0,0,0,0,0,0,0,0,0,0,0,0,0,0,0,0,0,0,0,0,0,0,0,0,0,0,0,0,0,0,0,0,0,0,0,0,0,0,0,0,0,0,0,0,0,0,0,0,0,0,0,0,0,0,0,0,0,0,0,0,0,0,0,0,0,0,0,0,0,0,0,0,0,0,0,0,0,0,0,0,0,0,0,0,0,0,0,0,0,0,0,0,0,0,0,0,0,0,0,0,0,0,0,0,0,0,0,0,0,0,0,0,0,0,0,0,0,0,0,0,0,0,0,0,0,0,0,0,0,0,0,0,0,0,0,0,0,0,0,0,0,0,0,0,0,0,0,0,0,0,0,0,0,0,0,0,0,0,0,0,0,0,0,0,0,0,0,0,0,0,0,0,0,0,0,0,0,0,0,0,0,0,0,0,0,0,0,0,0,0,0,0,0,0,0,0,0,0,0,0,0,0,0,0,0,0,0,0,0,0,0,0,0,0,0,0,0,0,0,0,0,0,0,0,0,0,0,0,0,0,0,0,0,0,0,0,0,0,0,0,0,0,0,0,0,0,0,0,0,0,0,0,0,0,0,0,0,0,0,0,0,0,0,0,0,0,0,0,0,0,0,0,0,0,0,0,0,0,0,0,0,0,0,0,0,0,0,0,0,0,0,0,0,0,0,0,0,0,0,0,0,0,0,0,0,0,0,0,0,0,0,0,0,0,0,0,0,0,0,0,0,0,0,0,0,0,0,0,0,0,0,0,0,0,0,0,0,0,0,0,0,0,0,0,0,0,0,0,0,0,0,0,0,0,0,0,0,0,0,0,0,0,0,0,0,0,0,0,0,0,0,0,0,0,0,0,0,0,0,0,0,0,0,0,0,0,0,0,0,0,0,0,0,0,0,0,0,0,0,0,0,0,0,0,0,0,0,0,0,0,0,0,0,0,0,0,0,0,0,0,0,0,0,0,0,0,0,0,0,0,0,0,0,0,0,0,0,0,0,0,0,0,0,0,0,0,0,0,0,0,0,0,0,0,0,0,0,0,0,0,0,0,0,0,0,0,0,0,0,0,0,0,0,0,0,0,0,0,0,0,0,0,0,0,0,0,0,0,0,0,0,0,0,0,0,0,0,0,0,0,0,0,0,0,0,0,0,0,0,0,0,0,0,0,0,0,0,0,0,0,0,0,0,0,0,0,0,0,0,0,0,0,0,0,0,0,0,0,0,0,0,0,0,0,0,0,0,0,0,0,0,0,0,0,0,0,0,0,0,0,0,0,0,0,0,0,0,0,0,0,0,0,0,0,0,0,0,0,0,0,0,0,0,0,0,0,0,0,0,0,0,0,0,0,0,0,0,0,0,0,0,0,0,0,0,0,0,0,0,0,0,0,0,0,0,0,0,0,0,0,0,0,0,0,0,0,0,0,0,0,0,0,0,0,0,0,0,0,0,0,0,0,0,0,0,0,0,0,0,0,0,0,0,0,0,0,0,0,0,0,0,0,0,0,0,0,0,0,0,0,0,0,0,0,0,0,0,0,0,0,0,0,0,0,0,0,0,0,0,0,0,0,0,0,0,0,0,0,0,0,0,0,0,0,0,0,0,0,0,0,0,0,0,0,0,0,0,0,0,0,0,0,0,0,0,0,0,0,0,0,0,0,0,0,0,0,0,0,0,0,0,0,0,0,0,0,0,0,0,0,0,0,0,0,0,0,0,0,0,0,0,0,0,0,0,0,0,0,0,0,0,0,0,0,0,0,0,0,0,0,0,0,0,0,0,0,0,0,0,0,0,0,0,0,0,0,0,0,0,0,0,0,0,0,0,0,0,0,0,0,0,0,0,0,0,0,0,0,0,0,0,0,0,0,0,0,0,0,0,0,0,0,0,0,0,0,0,0,0,0,0,0,0,0,0,0,0,0,0,0,0,0,0,0,0,0,0,0,0,0,0,0,0,0,0,0,0,0,0,0,0,0,0,0,0,0,0,0,0,0,0,0,0,0,0,0,0,0,0,0,0,0,0,0,0,0,0,0,0,0,0,0,0,0,0,0,0,0,0,0,0,0,0,0,0,0,0,0,0,0,0,0,0,0,0,0,0,0,0,0,0,0,0,0,0,0,0,0,0,0,0,0,0,0,0,0,0,0,0,0,0,0,0,0,0,0,0,0,0,0,0,0,0,0,0,0,0,0,0,0,0,0,0,0,0,0,0,0,0,0,0,0,0,0,0,0,0,0,0,0,0,0,0,0,0,0,0,0,0,0,0,0,0,0,0,0,0,0,0,0,0,0,0,0,0,0,0,0,0,0,0,0,0,0,0,0,0,0,0,0,0,0,0,0,0,0,0,0,0,0,0,0,0,0,0,0,0,0,0,0,0,0,0,0,0,0,0,0,0,0,0,0,0,0,0,0,0,0,0,0,0,0,0,0,0,0,0,0,0,0,0,0,0,0,0,0,0,0,0,0,0,0,0,0,0,0,0,0,0,0,0,0,0,0,0,0,0,0,0,0,0,0,0,0,0,0,0,0,0,0,0,0,0,0,0,0,0,0,0,0,0,0,0,0,0,0,0,0,0,0,0,0,0,0,0,0,0,0,0,0,0,0,0,0,0,0,0,0,0,0,0,0,0,0,0,0,0,0,0,0,0,0,0,0,0,0,0,0,0,0,0,0,0,0,0,0,0,0,0,0,0,0,0,0,0,0,0,0,0,0,0,0,0,0,0,0,0,0,0,0,0,0,0,0,0,0,0,0,0,0,0,0,0,0,0,0,0,0,0,0,0,0,0,0,0,0,0,0,0,0,0,0,0,0,0,0,0,0,0,0,0,0,0,0,0,0,0,0,0,0,0,0,0,0,0,0,0,0,0,0,0,0,0,0,0,0,0,0,0,0,0,0,0,0,0,0,0,0,0,0,0,0,0,0,0,0,0,0,0,0,0,0,0,0,0,0,0,0,0,0,0,0,0,0,0,0,0,0,0,0,0,0,0,0,0,0,0,0,0,0,0,0,0,0,0,0,0,0,0,0,0,0,0,0,0,0,0,0,0,0,0,0,0,0,0,0,0,0,0,0
WV0540100,2012,Parkersburg Police Department,West Virginia,31558,79,78,441,428,618,0,144,583,4,3,259,84,5,295,9,71,1,23,20,0,26,56,9,0,66,66,9,0,0,6,5,0,0,18,0,12,15,0,0,0,0,0,0,0,0,11,66,2,0,1,0,3,18,2,0,20,0,0,0,0,0,6,18,6,8,0,1,0,0,0,0,0,0,0,0,0,0,25,0,0,54,0,0,50,0,182,0,0,259,0,0,22,406,0,0,48,570,0,0,83,61,0,38,0,545,0,0,4,0,3,0,41,218,0,0,6,78,0,0,0,5,0,11,284,0,1,8,0,16,55,0,0,0,0,2,21,0,0,19,0,0,0,0,0,0,0,1,25,0,0,42,0,0,0,5,0,0,0,57,0,0,53,0,0,9,0,0,0,4,0,0,0,5,0,0,0,0,17,0,0,5,0,2,0,0,0,0,1,0,14,9,0,0,0,0,0,0,0,0,1,7,13,0,0,0,0,0,0,2,0,1,28,0,0,0,0,0,0,0,0,0,0,0,0,0,0,0,0,0,0,0,4,13,0,0,0,0,0,0,0,0,0,0,0,0,0,0,0,0,0,0,0,0,0,0,0,0,0,0,0,0,0,0,0,0,0,0,0,0,0,0,0,0,0,0,0,0,0,0,0,0,0,0,0,0,0,0,0,0,0,0,0,0,0,0,0,0,0,0,0,0,0,0,0,0,34,7,30,0,51,274,41,83,25,300,83,39,3,267,125,15,0,23,19,95,6,311,150,107,6,2,1,1,0,0,2,1,0,1,258,37,41,3,0,3,2,0,102,28,162,3,7,1,1,0,32,10,28,0,1,0,0,2,7,13,12,5,2,0,0,0,205,0,0,1,11,6,9,0,10,44,1,1,0,9,0,0,13,50,17,46,2,0,4,0,0,0,0,4,2,0,0,0,0,4,0,0,15,3,0,0,4,4,4,2,0,12,0,0,0,12,10,0,4,0,0,0,0,0,0,0,0,0,0,0,0,0,1,5,0,1,0,0,0,0,3,0,18,3,1,0,6,1,1,0,0,9,0,0,0,0,0,8,1,0,0,0,0,0,1,0,0,0,0,0,1,0,0,0,0,0,0,0,0,0,0,2,0,0,0,0,0,0,0,0,0,0,0,0,0,0,0,0,134,10,44,12,5,7,15,0,0,0,0,0,89,80,473,476,663,0,154,631,4,3,265,88,5,301,9,73,1,31,20,0,28,62,10,0,70,71,9,0,0,6,6,0,0,20,0,13,17,0,0,0,0,0,0,0,0,10,65,14,9,64,123,316,34,34,130,312,38,179,446,0,0,0,18,83,53,85,177,369,0,2,2,0,1,2,40,37,188,10,28,50,0,2,3,2,35,264,0,1,8,5,32,36,0,1,0,4,18,9,0,12,8,0,1,9,18,21,25,16,6,4,0,0,13,20,37,24,22,25,2,2,5,0,0,0,1,5,0,0,0,0,0,0,15,2,0,0,0,0,1,11,1,1,16,0,7,0,0,0,0,0,0,0,0,0,0,6,0,3,0,0,0,0,0,0,0,0,0,0,0,0,0,0,0,0,0,0,0,0,0,9,15,65,3,66,0,38,52,383,0,8,321,147,11,455,197,0,0,5,56,93,0,12,383,236,0,2,2,0,2,1,0,2,191,72,2,55,31,3,2,1,264,35,0,8,1,2,37,34,0,0,1,0,10,21,2,9,9,0,0,0,0,0,0,19,9,0,0,3,22,37,0,0,0,0,0,10,0,1,38,31,0,3,28,40,0,6,0,0,0,1,0,5,0,0,0,0,1,0,0,0,0,0,0,0,0,0,4,16,0,0,0,0,0,1,12,3,0,14,0,11,0,0,3,0,0,0,0,0,0,0,0,0,0,0,0,0,0,0,6,0,0,0,0,0,0,0,0,0,0,0,0,0,0,0,0,0,0,0,0,0,0,0,0,0,0,0,0,0,0,0,0,0,0,0,0,0,0,0,0,0,0,0,0,0,0,0,0,0,0,0,0,0,0,0,0,0,0,0,0,0,66,6,17,61,7,386,43,44,143,10,323,177,28,458,0,0,88,13,53,232,11,388,2,0,2,1,0,2,60,14,191,36,2,50,2,3,31,1,269,1,0,8,37,0,36,1,0,19,1,11,9,3,8,0,0,0,0,0,8,3,17,38,2,22,10,0,0,0,28,1,41,45,0,26,3,6,0,0,0,6,0,0,0,0,0,0,0,12,4,4,0,0,0,12,0,1,16,0,1,12,0,0,0,0,0,0,0,0,0,6,0,0,0,0,0,0,0,0,0,0,0,0,0,0,0,0,0,0,0,133,24,175,0,22,27,147,71,33,0,39,40,6,0,5,1,5,13,4,8,7,1,0,0,2,14,10,0,0,44,0,0,0,8,11,1,0,26,0,1,0,10,0,1,0,0,0,0,0,0,0,0,0,0,0,31,102,20,41,134,0,0,20,8,19,40,107,12,59,7,26,0,0,25,24,2,4,0,0,5,1,0,5,12,0,4,1,7,4,2,4,3,16,0,1,0,0,1,2,9,7,14,0,0,5,8,36,0,3,0,0,0,0,0,0,2,6,0,11,0,1,0,0,5,0,21,0,0,0,0,1,0,5,5,0,0,0,0,0,0,0,0,0,0,0,1,0,0,0,0,0,0,0,0,0,0,0,0,0,0,0,0,0,0,0,0,0,14,116,3,21,156,0,0,0,21,1,24,9,134,4,64,4,28,0,1,36,2,36,0,6,0,0,5,1,0,0,5,2,11,0,4,0,8,15,0,6,0,0,1,0,0,0,0,0,0,0,0,0,0,0,1,0,0,12,0,0,0,0,0,2,0,2,40,0,10,0,0,0,0,0,0,0,1,0,8,2,9,0,0,0,0,25,0,0,1,0,0,0,0,0,0,0,0,0,0,0,0,0,0,0,0,0,0,0,0,1,7,0,0,0,0,0,0,0,0,0,1,0,0,4,3,0,0,0,0,0,2,0,0,0,0,0,0,2,0,0,2,0,0,0,0,0,0,0,0,0,0,0,0,0,0,0,0,0,0,0,0,0,0,0,0,0,0,0,0,0,0,0,0,1,0,0,0,3,0,0,0,0,0,0,1,0,0,0,0,0,4,0,0,0,0,0,0,0,0,2,0,0,0,2,0,0,0,0,0,0,0,0,0,0,1,0,0,0,7,0,4,0,1,0,0,6,1,0,4,2,1,0,0,0,0,0,0,0,0,0,0,0,0,0,0,0,0,3,0,0,0,0,0,0,0,5,120,31,24,20,171,21,25,134,65,0,5,1,5,0,3,0,13,0,8,11,35,37,14,41,0,8,0,1,5,0,0,1,0,1,10,0,0,0,0,2,0,0,0,0,1,0,1,0,0,0,1,8,4,0,0,5,0,1,0,1,0,0,0,0,0,0,0,0,0,0,0,0,0,6,0,0,0,0,0,0,0,0,9,0,0,1,0,0,1,1,0,0,0,0,0,0,0,0,0,0,0,0,0,0,0,0,0,0,0,0,0,0,0,0,0,0,1,1,0,0,0,0,1,0,120,23,1,167,0,20,2,25,147,61,10,33,0,39,0,28,12,6,0,5,0,1,3,0,4,0,4,8,6,13,1,0,13,2,0,0,0,0,2,0,0,12,9,4,0,0,0,0,1,35,9,0,1,0,0,0,2,0,0,8,0,0,11,0,0,0,1,0,25,0,0,0,0,0,1,0,0,1,0,2,0,0,10,0,0,0,0,0,0,1,0,0,0,0,0,0,0,0,0,0,0,0,0,0,0,0,0,0,0,0,0,0,0,0,0,0,0,0,0,0,0,95,27,16,8,125,40,0,0,13,6,23,3,142,2,51,5,33,0,0,0,16,21,13,3,0,3,0,4,0,6,0,2,4,0,6,9,0,0,1,0,0,0,3,0,0,0,0,19,14,0,1,2,0,0,0,6,1,11,5,0,0,1,0,16,8,1,0,0,0,0,6,11,1,2,1,1,2,10,0,3,3,0,2,0,4,0,2,18,11,1,0,0,0,0,0,5,0,15,0,2,0,0,2,1,1,5,0,0,0,0,0,1,0,0,7,0,0,0,0,0,0,3,3,0,0,0,0,0,0,0,0,0,0,0,0,0,0,0,0,0,0,0,0,0,0,0,0,0,0,103,81,482,464,660,0,144,605,4,3,261,86,5,326,9,71,1,25,20,0,27,69,9,0,70,68,9,0,0,6,5,0,0,22,0,13,15,0,0,0,0,0,0,0,0,33,68,2,49,307,170,5,181,215,1,248,256,0,252,232,2,1,0,3,0,0,1,0,26,34,0,0,164,133,0,2,4,0,26,38,0,0,1,4,18,0,17,0,0,3,0,4,9,1,23,21,0,0,0,0,0,35,31,0,14,21,0,5,3,6,0,0,2,0,15,0,3,0,7,0,3,29,6,3,0,0,1,0,0,0,0,0,0,0,0,0,0,0,0,0,0,0,0,9,2,92,1,77,2,17,19,444,7,9,380,10,14,479,11,7,467,0,4,0,3,0,1,2,57,0,6,7,283,0,0,0,6,0,4,60,0,1,4,1,17,0,19,0,0,1,0,0,0,1,0,2,12,0,0,0,0,1,2,41,0,1,0,0,0,0,2,2,62,1,2,0,32,0,6,0,0,6,0,1,0,0,0,4,0,1,0,0,0,0,1,1,20,0,0,1,0,0,1,6,0,0,3,0,2,0,0,0,1,0,0,0,0,0,0,0,0,0,0,0,0,0,0,0,0,0,0,0,0,0,0,0,0,0,0,0,0,0,0,0,0,0,0,0,0,2,7,21,23,38,43,0,0,0,4,0,22,0,5,0,3,1,0,6,6,0,0,2,3,0,1,1,0,1,0,0,101,73,451,374,461,440,56,274,59,20,38,32,6,5,5,0,10,0,0,0,1,0,0,8,5,7,19,0,1,3,19,0,0,0,64,3,0,0,0,6,1,0,1,4,0,0,0,0,0,0,0,0,0,0,0,0,0,0,1,0,94,7,2,66,417,55,10,392,2,3,478,5,21,465,13,8,4,0,0,3,0,1,0,57,2,0,283,2,12,5,1,64,0,0,1,0,21,1,0,9,11,0,0,0,0,0,10,0,4,44,0,0,0,0,0,65,1,34,1,0,8,0,5,1,0,1,0,17,0,6,0,1,0,5,12,3,0,0,0,0,0,5,0,0,0,0,0,0,0,0,0,0,0,0,0,0,0,0,0,28,46,292,190,8,11,5,10,0,0,0,3,3,21,29,0,0,3,1,0,5,0,0,0,0,0,0,0,15,8,36,17,27,4,33,170,44,189,32,47,393,500,483,4,3,1,59,5,297,6,63,0,0,1,0,0,0,7,4,11,4,2,5,0,9,0,0,0,0,0,14,44,0,0,66,35,8,4,1,1,0,0,6,12,0,4,0,0,7,25,9,10,0,0,0,0,0,0,3,0,0,0,0,1,1,0,1,0,0,0,0,0,1,0,0,0,0,1,0,0,0,2,0,3,0,0,0,0,0,0,0,0,0,0,0,0,0,0,0,0,0,0,0,0,0,0,0,0,0,0,0,0,0,0,0,0,0,0,0,0,0,0,0,0,0,0,0,0,0,0,0,0,0,0,0,0,0,0,0,0,0,0,0,0,0,0,0,0,0,0,0,0,0,0,0,0,0,0,0,0,0,0,0,0,0,0,0,0,0,0,0,0,0,0,0,0,0,0,0,0,0,0,0,0,1,0,0,0,0,0,0,0,0,0,0,0,0,0,0,0,0,0,0,0,0,0,0,0,0,0,0,0,0,0,0,0,0,0,0,0,0,0,0,0,0,0,0,0,0,0,0,0,0,0,0,0,0,0,0,0,0,0,0,0,0,0,0,0,0,0,0,0,0,0,0,0,0,0,0,0,0,0,0,0,0,0,0,0,0,0,0,0,0,0,0,0,0,0,1,0,0,0,0,0,0,0,0,0,0,0,0,0,0,0,0,0,0,0,0,0,0,0,1,0,0,0,0,0,0,0,0,0,0,0,0,0,0,0,0,0,0,0,0,0,0,0,0,0,0,0,0,0,0,0,0,0,0,0,0,0,0,0,0,0,0,0,0,0,0,0,0,0,0,0,0,0,0,0,0,0,1,0,0,0,0,0,0,0,0,0,0,0,0,0,0,0,0,0,0,0,0,0,0,0,0,0,0,0,0,0,0,0,0,0,0,0,0,0,0,0,0,0,0,0,0,0,0,0,0,0,0,0,0,0,0,0,0,0,0,0,0,0,0,0,0,0,0,0,0,0,0,0,0,0,0,0,0,0,0,0,0,0,0,0,0,0,0,0,0,0,0,0,0,0,0,0,0,0,0,0,0,0,0,0,0,0,0,0,0,0,0,0,0,0,0,0,0,0,0,0,0,0,0,0,0,0,0,0,0,0,0,0,0,0,0,0,0,0,0,0,0,0,0,0,0,0,0,0,0,0,0,0,0,0,0,0,0,0,0,0,0,0,0,0,0,0,0,0,0,0,0,0,0,0,0,0,0,0,0,0,0,0,0,0,0,0,0,0,0,0,0,0,0,0,0,0,0,0,0,0,0,0,0,0,0,0,0,0,0,0,0,0,0,0,0,0,0,0,0,0,0,0,0,0,0,0,0,0,0,0,0,0,0,0,0,0,0,0,0,0,0,0,0,0,0,0,0,0,0,0,0,0,0,0,0,0,0,0,0,0,0,0,0,0,0,0,0,0,0,0,0,0,0,0,0,0,0,0,0,0,0,0,0,0,0,0,0,0,0,0,0,0,0,0,0,0,0,0,0,0,0,0,0,0,0,0,0,0,0,0,0,0,0,0,0,0,0,0,0,0,0,0,0,0,0,0,0,0,0,0,0,0,0,0,0,0,0,0,0,0,0,0,0,0,0,0,0,0,0,0,0,0,0,0,0,0,0,0,0,0,0,0,0,0,0,0,0,0,0,0,0,0,0,0,0,0,0,0,0,0,0,0,0,0,0,0,0,0,0,0,0,0,0,0,0,0,0,0,0,0,0,0,0,0,0,0,0,0,0,0,0,0,0,0,0,0,0,0,0,0,0,0,0,0,0,0,0,0,0,0,0,0,0,0,0,0,0,0,0,0,0,0,0,0,0,0,0,0,0,0,0,0,0,0,0,0,0,0,0,0,0,0,0,0,0,0,0,0,0,0,0,0,0,0,0,0,0,0,0,0,0,0,0,0,0,0,0,0,0,0,0,0,0,0,0,0,0,0,0,0,0,0,0,0,0,0,0,0,0,0,0,0,0,0,0,0,0,0,0,0,0,0,0,0,0,0,0,0,0,0,0,0,0,0,0,0,0,0,0,0,0,0,0,0,0,0,0,0,0,0,0,0,0,0,0,0,0,0,0,0,0,0,0,0,0,0,0,0,0,0,0,0,0,0,0,0,0,0,0,0,0,0,0,0,0,0,0,0,0,0,0,0,0,0,0,0,0,0,0,0,0,0,0,0,0,0,0,0,0,0,0,0,0,0,0,0,0,0,0,0,0,0,0,0,0,0,0,0,0,0,0,0,0,0,0,0,0,0,0,0,0,0,0,0,0,0,0,0,0,0,0,0,0,0,0,0,0,0,0,0,0,0,0,0,0,0,0,0,0,0,0,0,0,0,0,0,0,0,0,0,0,0,0,0,0,0,0,0,0,0,0,0,0,0,0,0,0,0,0,0,0,0,0,0,0,0,0,0,0,0,0,0,0,0,0,0,0,0,0,0,0,0,0,0,0,0,0,0,0,0,0,0,0,0,0,0,0,0,0,0,0,0,0,0,0,0,0,0,0,0,0,0,0,0,0,0,0,0,0,0,0,0,0,0,0,0,0,0,0,0,0,0,0,0,0,0,0,0,0,0,0,0,0,0,0,0,0,0,0,0,0,0,0,0,0,0,0,0,0,0,0,0,0,0,0,0,0,0,0,0,0,0,0,0,0,0,0,0,0,0,0,0,0,0,0,0,0,0,0,0,0,0,0,0,0,0,0,0,0,0,0,0,0,0,0,0,0,0,0,0,0,0,0,0,0,0,0,0,0,0,0,0,0,0,0,0,0,0,0,0,0,0,0,0,0,0,0,0,0,0,0,0,0,0,0,0,0,0,0,0,0,0,0,0,0,0,0,0,0,0,0,0,0,0,0,0,0,0,0,0,0,0,0,0,0,0,0,0,0,0,0,0,0,0,0,0,0,0,0,0,0,0,0,0,0,0,0,0,0,0,0,0,0,0,0,0,0,0,0,0,0,0,0,0,0,0,0,0,0,0,0,0,0,0,0,0,0,0,0,0,0,0,0,0,0,0,0,0,0,0,0,0,0,0,0,0,0,0,0,0,0,0,0,0,0,0,0,0,0,0,0,0,0,0,0,0,0,0,0,0,0,0,0,0,0,0,0,0,0,0,0,0,0,0,0,0,0,0,0,0,0,0,0,0,0,0,0,0,0,0,0,0,0,0,0,0,0,0,0,0,0,0,0,0,0,0,0,0,0,0,0,0,0,0,0,0,0,0,0,0,0,0,0,0,0,0,0,0,0,0,0,0,0,0,0,0,0,0,0,0,0,0,0,0,0,0,0,0,0,0,0,0,0,0,0,0,0,0,0,0,0,0,0,0,0,0,0,0,0,0,0,0,0,0,0,0,0,0,0,0,0,0,0,0,0,0,0,0,0,0,0,0,0,0,0,0,0,0,0,0,0,0,0,0,0,0,0,0,0,0,0,0,0,0,0,0,0,0,0,0,0,0,0,0,0,0,0,0,0,0,0,0,0,0,0,0,0,0,0,0,0,0,0,0,0,0,0,0,0,0,0,0,0,0,0,0,0,0,0,0,0,0,0,0,0,0,0,0,0,0,0,0,0,0,0,0,0,0,0,0,0,0,0,0,0,0,0,0,0,0,0,0,0,0,0,0,0,0,0,0,0,0,0,0,0,0,0,0,0,0,0,0,0,0,0,0,0,0,0,0,0,0,0,0,0,0,0,0,0,0,0,0,0,0,0,0,0,0,0,0,0,0,0,0,0,0,0,0,0,0,0,0,0,0,0,0,0,0,0,0,0,0,0,0,0,0,0,0,0,0,0,0,0,0,0,0,0,0,0,0,0,0,0,0,0,0,0,0,0,0,0,0,0,0,0,0,0,0,0,0,0,0,0,0,0,0,0,0,0,0,0,0,0,0,0,0,0,0,0,0,0,0,0,0,0,0,0,0,0,0,0,0,0,0,0,0,0,0,0,0,0,0,0,0,0,0,0,0,0,0,0,0,0,0,0,0,0,0,0,0,0,0,0,0,0,0,0,0,0,0,0,0,0,0,0,0,0,0,0,0,0,0,0,0,0,0,0,0,0,0,0,0,0,0,0,0,0,0,0,0,0,0,0,0,0,0,0,0,0,0,0,0,0,0,0,0,0,0,0,0,0,0,0,0,0,0,0,0,0,0,0,0,0,0,0,0,0,0,0,0,0,0,0,0,0,0,0,0,0,0,0,0,0,0,0,0,0,0,0,0,0,0,0,0,0,0,0,0,0,0,0,0,0,0,0,0,0,0,0,0,0,0,0,0,0,0,0,0,0,0,0,0,0,0,0,0,0,0,0,0,0,0,0,0,0,0,0,0,0,0,0,0,0,0,0,0,0,0,0,0,0,0,0,0,0,0,0,0,0,0,0,0,0,0,0,0,0,0,0,0,0,0,0,0,0,0,0,0,0,0,0,0,0,0,0,0,0,0,0,0,0,0,0,0,0,0,0,0,0,0,0,0,0,0,0,0,0,0,0,0,0,0,0,0,0,0,0,0,0,0,0,0,0,0,0,0,0,0,0,0,0,0,0,0,0,0,0,0,0,0,0,0,0,0,0,0,0,0,0,0,0,0,0,0,0,0,0,0,0,0,0,0,0,0,0,0,0,0,0,0,0,0,0,0,0,0,0,0,0,0,0,0,0,0,0,0,0,0,0,0,0,0,0,0,0,0,0,0,0,0,0,0,0,0,0,0,0,0,0,0,0,0,0,0,0,0,0,0,0,0,0,0,0,0,0,0,0,0,0,0,0,0,0,0,0,0,0,0,0,0,0,0,0,0,0,0,0,0,0,0,0,0,0,0,0
WV0540100,2011,Parkersburg Police Department,West Virginia,31532,170,58,442,315,482,1,93,660,0,4,58,52,6,142,4,46,0,24,22,0,17,43,8,0,46,66,3,0,0,0,6,0,0,12,2,6,11,0,0,0,0,0,0,0,0,20,144,6,0,0,0,8,14,2,0,22,0,0,0,0,0,0,12,5,3,0,3,0,0,0,0,0,0,0,0,0,0,51,0,0,119,0,0,41,0,147,0,0,295,0,0,32,283,0,0,37,445,0,0,38,55,0,39,0,621,0,0,0,0,3,0,7,51,0,0,5,47,0,0,0,6,0,5,137,0,0,4,0,3,43,0,0,0,0,5,19,0,0,21,0,0,0,0,0,0,0,0,17,0,0,32,0,0,0,7,0,0,0,42,0,0,59,0,0,3,0,0,0,0,0,0,0,6,0,0,0,0,12,0,1,2,0,7,0,0,1,1,1,0,11,4,0,0,0,0,0,0,0,0,0,4,4,0,0,0,0,0,0,0,0,0,17,0,0,0,0,0,0,0,0,0,0,0,0,0,0,0,0,1,0,0,1,7,0,0,0,0,0,0,0,0,0,0,0,0,0,0,0,0,0,0,0,0,0,0,0,0,0,0,0,0,0,0,0,0,0,0,0,0,0,0,0,0,0,0,0,0,0,0,0,0,0,0,0,0,0,0,0,0,0,0,0,0,0,0,0,0,0,0,0,0,0,0,0,0,71,15,66,5,34,246,49,106,13,241,55,10,4,251,73,14,0,14,13,57,6,380,167,93,12,0,0,0,0,1,2,0,0,0,58,27,22,1,1,0,4,2,54,6,80,1,0,1,3,0,23,3,16,0,0,0,0,2,7,12,18,3,1,0,0,0,133,0,1,0,10,3,4,0,2,41,0,0,0,7,0,0,8,37,19,47,0,0,2,0,0,0,0,0,0,0,0,0,0,4,0,0,11,1,2,0,1,3,1,1,0,10,0,0,1,12,10,0,1,0,0,0,0,0,0,0,0,0,0,0,0,0,1,1,0,2,0,0,0,0,5,0,28,1,1,0,11,3,0,0,0,8,0,0,0,0,0,13,4,0,0,1,0,1,0,0,0,0,0,0,2,0,0,0,0,0,0,0,0,0,1,0,0,0,0,0,0,0,0,0,0,0,0,0,0,0,0,1,81,12,31,12,3,3,10,1,0,0,0,0,194,58,492,358,506,1,101,693,0,4,60,57,6,147,4,51,0,30,23,0,17,61,9,0,47,79,4,0,0,0,6,0,0,12,2,9,14,0,0,0,0,0,0,0,0,39,126,29,12,41,120,322,50,34,124,200,47,164,295,0,1,0,8,52,41,84,156,453,0,0,0,2,2,0,17,10,33,9,23,25,0,1,5,6,28,113,0,0,4,8,22,21,0,0,0,0,17,13,2,19,2,0,0,6,11,30,22,9,6,2,1,0,6,13,28,28,33,18,3,0,1,0,0,0,0,0,0,0,0,0,0,0,11,1,1,1,0,0,2,7,0,2,10,2,5,0,0,0,0,0,0,0,0,0,0,6,0,0,0,0,0,0,0,0,0,0,0,0,0,0,0,0,0,0,0,0,0,0,1,17,34,142,6,45,0,33,72,387,0,10,209,139,12,305,189,0,1,11,42,48,0,20,467,206,0,0,0,0,0,4,0,3,37,20,4,27,26,5,1,0,119,28,0,4,0,2,23,26,0,0,0,1,13,16,2,2,19,0,0,0,0,0,0,11,6,0,0,0,11,50,0,0,0,0,0,9,0,1,30,16,0,3,31,45,0,1,0,0,0,0,0,0,0,0,0,0,0,0,0,0,0,0,0,0,0,1,2,9,1,1,0,0,0,0,9,5,3,6,0,7,0,0,3,0,0,0,0,0,0,0,0,0,0,0,0,0,0,0,6,0,0,0,0,0,0,0,0,0,0,0,0,0,0,0,0,0,0,0,0,0,0,0,0,0,0,0,0,0,0,0,0,0,0,0,0,0,0,0,0,0,0,0,0,0,0,0,0,0,0,0,0,0,0,0,0,0,0,0,0,0,151,15,28,49,2,388,53,51,151,10,197,189,21,296,1,0,55,5,41,223,12,458,0,0,0,4,0,0,25,2,33,34,0,23,1,5,28,2,117,0,0,4,30,1,20,0,0,16,1,13,18,2,3,0,0,0,0,0,5,1,11,54,0,7,9,0,0,0,18,0,29,60,0,19,3,1,0,0,0,0,0,0,0,0,0,0,0,8,2,2,1,0,1,8,0,1,11,1,2,7,0,0,0,0,0,0,0,0,0,6,0,0,0,0,0,0,0,0,0,0,0,0,0,0,0,0,0,0,0,100,60,141,2,29,39,80,38,31,0,34,7,5,0,3,0,5,3,4,3,1,0,0,1,0,11,2,0,0,27,0,0,0,4,3,0,0,15,0,0,0,5,0,3,0,0,0,0,0,0,0,0,0,0,0,14,86,51,34,107,1,1,25,10,29,18,62,4,34,4,27,0,0,22,4,1,4,0,0,3,0,0,5,2,0,4,0,3,9,4,0,1,3,0,0,0,1,1,0,7,1,12,0,0,4,6,21,0,1,0,0,0,0,0,0,0,4,0,3,0,0,0,0,2,0,13,0,0,0,0,0,0,3,2,0,0,0,3,0,0,0,0,0,0,0,0,0,0,0,0,0,0,0,0,0,0,0,0,0,0,0,0,0,0,0,0,0,9,89,8,49,125,0,2,0,29,3,36,8,67,6,32,0,30,0,3,31,1,6,1,4,0,0,3,0,0,0,5,0,3,0,4,0,3,13,0,1,0,0,0,0,0,0,0,0,0,0,0,0,0,0,0,0,0,11,0,0,1,0,0,0,0,0,25,0,2,0,0,0,0,0,0,0,0,0,4,0,3,0,0,0,0,14,0,0,0,0,0,0,0,0,1,0,0,0,0,0,0,0,0,0,0,0,0,0,0,0,5,0,0,0,0,0,0,0,0,0,3,0,0,5,2,0,0,0,0,0,0,0,0,0,0,0,0,0,0,0,0,0,0,0,0,0,0,0,0,0,0,0,0,0,0,0,0,0,0,0,0,0,0,0,0,0,0,0,0,0,0,0,0,1,0,0,0,0,0,0,0,0,0,0,0,0,0,0,0,0,3,0,0,0,0,0,0,0,0,0,0,1,0,2,0,0,0,0,0,0,0,0,0,0,0,0,0,0,2,2,7,0,3,1,1,5,0,0,1,0,0,0,0,0,0,0,0,0,0,0,0,0,0,1,0,0,0,0,0,0,0,0,0,0,0,0,94,30,58,15,133,26,38,75,33,0,5,0,5,2,3,0,3,0,3,3,33,7,10,27,0,4,0,0,1,0,0,0,0,0,1,0,0,0,0,0,0,0,0,0,0,0,0,0,0,0,2,4,4,0,0,3,0,3,0,0,0,0,0,0,0,0,0,0,0,0,0,0,1,1,0,1,0,0,0,0,0,0,2,0,0,0,0,0,0,1,1,0,0,0,0,0,0,0,0,0,0,0,0,0,0,0,0,0,0,0,0,0,0,0,0,0,0,1,0,0,0,0,0,0,100,59,1,138,2,27,2,38,79,37,1,31,0,34,0,7,0,5,0,3,0,0,3,0,4,0,3,3,1,3,0,0,0,1,0,0,0,1,0,0,0,11,2,0,0,0,1,0,0,27,0,0,0,0,0,0,2,0,0,4,0,0,3,0,0,0,0,0,15,0,0,0,0,0,0,0,0,0,0,0,0,0,5,0,0,0,0,0,0,3,0,0,0,0,0,0,0,0,0,0,0,0,0,0,0,0,0,0,0,0,0,0,0,0,0,0,0,0,0,0,0,85,10,35,19,93,34,1,1,12,15,34,4,74,6,33,3,30,1,0,0,18,14,4,1,0,3,0,3,0,2,1,3,2,0,1,2,0,0,0,0,0,0,3,0,0,0,0,11,13,0,2,0,0,0,0,3,1,2,1,0,1,0,0,11,3,0,0,0,0,0,6,5,1,2,0,2,1,14,0,2,0,0,0,0,1,1,2,1,3,0,0,0,0,0,6,2,0,2,0,0,0,0,0,0,3,4,0,0,0,0,0,0,0,0,0,0,0,0,0,0,0,2,1,0,0,0,0,0,0,0,0,0,0,0,0,0,0,0,0,0,0,0,0,0,0,0,0,0,0,210,62,486,353,527,1,93,698,0,4,58,54,6,156,6,47,0,30,26,0,18,48,9,0,49,69,3,0,0,0,6,0,0,12,2,6,11,0,0,0,0,0,0,0,0,91,114,5,45,305,179,2,135,152,1,232,190,3,311,257,0,0,0,4,0,0,0,0,19,15,0,0,76,69,1,1,3,0,23,20,0,0,0,6,18,0,25,0,0,0,0,7,4,1,19,16,1,1,0,0,0,27,19,0,22,13,0,1,2,0,0,0,0,0,9,2,1,0,2,0,2,16,3,1,0,0,0,0,0,0,0,0,0,0,0,0,0,0,0,0,0,0,1,6,5,197,2,59,0,16,8,462,5,3,280,9,11,405,15,26,527,0,0,1,3,0,0,3,31,0,2,3,141,0,0,0,4,1,1,41,0,0,1,0,23,2,23,0,0,0,0,0,0,0,0,3,9,1,0,0,0,0,3,33,0,0,0,0,1,0,0,2,44,0,2,0,33,0,3,0,0,0,0,0,0,0,0,1,0,0,0,0,0,0,0,0,12,1,0,1,0,0,0,2,0,0,1,0,0,1,0,0,1,0,0,0,0,0,0,0,0,0,0,0,0,0,0,0,0,0,0,0,0,0,0,0,0,0,0,0,0,0,0,0,0,0,0,0,0,9,3,19,27,29,54,0,1,0,4,0,7,0,2,0,1,3,0,4,4,1,0,7,6,2,0,1,0,0,0,0,198,59,463,260,394,512,29,139,41,11,32,29,4,0,2,0,4,1,0,1,0,0,0,8,2,1,23,0,0,2,23,0,3,0,39,3,0,0,2,2,0,0,0,0,0,0,0,0,0,0,0,0,0,0,0,0,0,0,0,0,176,30,4,58,405,77,4,285,2,1,412,3,10,538,14,16,0,0,0,4,0,0,0,33,1,0,139,3,4,4,0,43,0,0,0,0,21,3,0,8,18,0,0,0,0,0,8,0,4,34,0,2,1,0,0,45,1,34,0,1,3,0,0,0,0,0,0,8,2,2,0,0,0,2,2,2,0,0,0,0,0,4,0,0,0,0,0,0,0,0,0,0,0,0,0,0,0,0,0,52,101,348,138,11,10,4,17,0,0,0,0,0,10,57,0,0,3,0,0,5,0,0,0,2,0,0,0,33,19,84,23,51,6,17,180,29,175,32,70,279,411,564,0,4,0,31,2,146,4,43,0,0,0,0,0,0,3,2,19,2,10,11,0,3,0,0,0,0,0,11,36,1,0,46,35,3,0,0,0,0,0,3,6,0,1,0,0,2,25,8,6,0,0,0,0,0,0,7,1,0,0,0,2,5,0,4,2,0,0,2,0,0,2,0,0,0,1,0,0,0,2,0,4,0,0,0,1,0,0,0,0,0,0,0,1,0,0,0,0,0,0,0,0,0,0,0,0,0,0,0,0,0,0,0,0,0,0,0,0,0,1,0,0,0,0,0,0,0,0,0,0,0,0,0,0,0,0,0,0,0,0,0,0,0,0,0,0,0,0,0,0,1,0,0,0,0,0,0,0,0,0,0,0,0,0,0,0,0,0,0,0,0,0,0,0,0,0,0,0,0,0,0,2,0,0,0,0,0,0,0,0,0,0,0,0,0,0,0,0,0,0,0,0,0,0,0,0,0,0,0,0,0,0,0,0,0,0,0,0,0,0,0,0,0,0,0,0,0,0,0,0,0,0,0,0,0,0,0,0,0,0,0,0,0,0,0,0,0,0,0,0,0,0,0,0,0,0,0,0,0,0,0,0,0,0,0,0,0,0,0,0,0,0,0,0,0,0,0,0,0,0,0,0,0,0,0,0,0,0,0,0,0,0,0,0,0,0,0,0,0,0,0,0,0,0,0,0,0,0,0,0,0,0,0,0,0,0,0,0,0,0,0,0,0,0,0,0,0,0,0,0,0,0,0,0,0,0,0,0,0,0,0,0,0,0,0,0,0,0,0,0,0,0,0,0,0,0,0,0,0,0,0,0,0,0,0,0,0,0,0,0,0,0,0,0,0,0,0,0,0,0,0,0,0,0,0,0,0,0,0,0,0,0,0,0,0,0,0,0,0,0,0,0,0,0,0,0,0,0,0,0,0,0,0,0,0,0,0,0,0,0,0,0,0,0,0,0,0,0,0,0,0,0,0,0,0,0,0,0,0,0,0,0,0,0,0,0,0,0,0,0,0,0,0,0,0,0,0,0,0,0,0,0,0,0,0,0,0,0,0,0,0,0,0,0,0,0,0,0,0,0,0,0,0,0,0,0,0,0,0,0,0,0,0,0,0,0,0,0,0,0,0,0,0,0,0,0,0,0,0,0,0,0,0,0,0,0,0,0,0,0,0,0,0,0,0,0,0,0,0,0,0,0,0,0,0,0,0,0,0,0,0,0,0,0,0,0,0,0,0,0,0,0,0,0,0,0,0,0,0,0,0,0,0,0,0,0,0,0,0,0,0,0,0,0,0,0,0,0,0,0,0,0,0,0,0,0,0,0,0,0,0,0,0,0,0,0,0,0,0,0,0,0,0,0,0,0,0,0,0,0,0,0,0,0,0,0,0,0,0,0,0,0,0,0,0,0,0,0,0,0,0,0,0,0,0,0,0,0,0,0,0,0,0,0,0,0,0,0,0,0,0,0,0,0,0,0,0,0,0,0,0,0,0,0,0,0,0,0,0,0,0,0,0,0,0,0,0,0,0,0,0,0,0,0,0,0,0,0,0,0,0,0,0,0,0,0,0,0,0,0,0,0,0,0,0,0,0,0,0,0,0,0,0,0,0,0,0,0,0,0,0,0,0,0,0,0,0,0,0,0,0,0,0,0,0,0,0,0,0,0,0,0,0,0,0,0,0,0,0,0,0,0,0,0,0,0,0,0,0,0,0,0,0,0,0,0,0,0,0,0,0,0,0,0,0,0,0,0,0,0,0,0,0,0,0,0,0,0,0,0,0,0,0,0,0,0,0,0,0,0,0,0,0,0,0,0,0,0,0,0,0,0,0,0,0,0,0,0,0,0,0,0,0,0,0,0,0,0,0,0,0,0,0,0,0,0,0,0,0,0,0,0,0,0,0,0,0,0,0,0,0,0,0,0,0,0,0,0,0,0,0,0,0,0,0,0,0,0,0,0,0,0,0,0,0,0,0,0,0,0,0,0,0,0,0,0,0,0,0,0,0,0,0,0,0,0,0,0,0,0,0,0,0,0,0,0,0,0,0,0,0,0,0,0,0,0,0,0,0,0,0,0,0,0,0,0,0,0,0,0,0,0,0,0,0,0,0,0,0,0,0,0,0,0,0,0,0,0,0,0,0,0,0,0,0,0,0,0,0,0,0,0,0,0,0,0,0,0,0,0,0,0,0,0,0,0,0,0,0,0,0,0,0,0,0,0,0,0,0,0,0,0,0,0,0,0,0,0,0,0,0,0,0,0,0,0,0,0,0,0,0,0,0,0,0,0,0,0,0,0,0,0,0,0,0,0,0,0,0,0,0,0,0,0,0,0,0,0,0,0,0,0,0,0,0,0,0,0,0,0,0,0,0,0,0,0,0,0,0,0,0,0,0,0,0,0,0,0,0,0,0,0,0,0,0,0,0,0,0,0,0,0,0,0,0,0,0,0,0,0,0,0,0,0,0,0,0,0,0,0,0,0,0,0,0,0,0,0,0,0,0,0,0,0,0,0,0,0,0,0,0,0,0,0,0,0,0,0,0,0,0,0,0,0,0,0,0,0,0,0,0,0,0,0,0,0,0,0,0,0,0,0,0,0,0,0,0,0,0,0,0,0,0,0,0,0,0,0,0,0,0,0,0,0,0,0,0,0,0,0,0,0,0,0,0,0,0,0,0,0,0,0,0,0,0,0,0,0,0,0,0,0,0,0,0,0,0,0,0,0,0,0,0,0,0,0,0,0,0,0,0,0,0,0,0,0,0,0,0,0,0,0,0,0,0,0,0,0,0,0,0,0,0,0,0,0,0,0,0,0,0,0,0,0,0,0,0,0,0,0,0,0,0,0,0,0,0,0,0,0,0,0,0,0,0,0,0,0,0,0,0,0,0,0,0,0,0,0,0,0,0,0,0,0,0,0,0,0,0,0,0,0,0,0,0,0,0,0,0,0,0,0,0,0,0,0,0,0,0,0,0,0,0,0,0,0,0,0,0,0,0,0,0,0,0,0,0,0,0,0,0,0,0,0,0,0,0,0,0,0,0,0,0,0,0,0,0,0,0,0,0,0,0,0,0,0,0,0,0,0,0,0,0,0,0,0,0,0,0,0,0,0,0,0,0,0,0,0,0,0,0,0,0,0,0,0,0,0,0,0,0,0,0,0,0,0,0,0,0,0,0,0,0,0,0,0,0,0,0,0,0,0,0,0,0,0,0,0,0,0,0,0,0,0,0,0,0,0,0,0,0,0,0,0,0,0,0,0,0,0,0,0,0,0,0,0,0,0,0,0,0,0,0,0,0,0,0,0,0,0,0,0,0,0,0,0,0,0,0,0,0,0,0,0,0,0,0,0,0,0,0,0,0,0,0,0,0,0,0,0,0,0,0,0,0,0,0,0,0,0,0,0,0,0,0,0,0,0,0,0,0,0,0,0,0,0,0,0,0,0,0,0,0,0,0,0,0,0,0,0,0,0,0,0,0,0,0,0,0,0,0,0,0,0,0,0,0,0,0,0,0,0,0,0,0,0,0,0,0,0,0,0,0,0,0,0,0,0,0,0,0,0,0,0,0,0,0,0,0,0,0,0,0,0,0,0,0,0,0,0,0,0,0,0,0,0,0,0,0,0,0,0,0,0,0,0,0,0,0,0,0,0,0,0,0,0,0,0,0,0,0,0,0,0,0,0,0,0,0,0,0,0,0,0,0,0,0,0,0,0,0,0,0,0,0,0,0,0,0,0,0,0,0,0,0,0,0,0,0,0,0,0,0,0,0,0,0,0,0,0,0,0,0,0,0,0,0,0,0,0,0,0,0,0,0,0,0,0,0,0,0,0,0,0,0,0,0,0,0,0,0,0,0,0,0,0,0,0,0,0,0,0,0,0,0,0,0,0,0,0,0,0,0,0,0,0,0,0,0,0,0,0,0,0,0,0,0,0,0,0,0,0,0,0,0,0,0,0,0,0,0,0,0,0,0,0,0,0,0,0,0,0,0,0,0,0,0,0,0,0,0,0,0,0,0,0,0,0,0,0,0,0,0,0,0,0,0,0,0,0,0,0,0,0,0,0,0,0,0,0,0,0,0,0,0,0,0,0,0,0,0,0,0,0,0,0,0,0,0,0,0,0,0,0,0,0,0,0,0,0,0,0,0,0,0,0,0,0,0,0,0,0,0,0,0,0,0,0,0,0,0,0,0,0,0,0,0,0,0,0,0,0,0,0,0,0,0,0,0,0,0,0,0,0,0,0,0,0,0,0,0,0,0,0,0,0,0,0,0,0,0,0,0,0,0,0,0,0,0,0,0,0,0,0,0,0,0,0,0,0,0,0,0,0,0,0,0,0,0,0,0,0,0,0,0,0,0,0,0,0,0,0,0,0,0,0,0,0,0,0,0,0,0,0,0,0,0,0,0,0,0,0,0,0,0,0,0,0,0,0,0,0,0,0,0,0,0,0,0,0,0,0,0,0,0,0,0,0,0,0,0,0,0,0,0,0,0,0,0,0,0,0,0,0,0,0,0,0,0,0,0,0,0,0,0,0,0,0,0,0,0,0,0,0,0,0,0,0,0,0,0,0,0,0,0,0,0,0,0,0,0,0,0,0,0,0,0,0,0,0,0,0,0,0,0,0,0,0,0,0,0,0,0,0,0,0,0,0,0,0,0,0,0,0,0,0,0,0,0,0,0,0,0,0,0,0,0,0,0,0,0,0,0,0,0,0,0,0,0,0,0,0,0,0,0,0,0,0,0,0,0,0,0,0,0,0,0,0,0,0,0,0,0,0,0,0,0,0,0,0,0,0,0
WV0540100,2010,Parkersburg Police Department,West Virginia,32001,158,35,186,206,282,0,75,443,1,0,90,19,1,162,0,40,1,20,16,2,17,43,6,0,11,65,4,0,0,4,3,0,0,12,2,6,5,0,3,0,0,0,0,0,0,5,148,5,0,1,0,4,16,0,0,16,2,0,0,0,0,4,12,1,4,0,0,0,0,0,0,0,0,0,0,0,0,58,0,0,100,0,0,33,0,2,0,0,184,0,0,6,200,0,0,13,269,0,0,19,56,0,28,0,415,0,0,1,0,0,0,8,82,0,0,1,18,0,0,0,1,0,0,162,0,0,0,0,2,38,0,0,0,0,2,18,0,0,16,0,0,2,0,0,0,0,1,14,0,0,39,0,0,0,3,0,0,0,10,0,0,59,0,0,3,0,0,0,4,0,0,0,3,0,0,0,0,11,0,2,4,0,2,0,0,0,0,0,0,4,1,0,0,0,0,0,0,0,0,1,2,3,3,0,0,0,0,0,0,0,2,2,0,0,0,0,0,0,0,0,0,0,0,0,0,0,0,0,0,0,0,3,6,1,0,0,0,0,1,0,0,0,0,0,0,0,0,0,0,0,0,0,0,0,0,0,0,0,0,0,0,0,0,0,0,0,0,0,0,0,0,0,0,0,0,0,0,0,0,0,0,0,0,0,0,0,0,0,0,0,0,0,0,0,0,0,0,0,0,0,0,0,0,0,0,90,20,37,6,19,133,8,34,4,164,37,4,1,152,45,2,0,12,10,45,7,278,116,34,10,0,1,0,0,0,0,0,0,1,89,9,10,0,0,0,1,0,77,23,59,0,0,0,0,0,22,4,13,1,1,0,0,3,4,13,14,1,0,2,0,0,76,0,0,0,7,6,3,1,5,38,0,0,1,5,0,0,2,9,13,44,7,0,2,0,0,0,0,3,1,0,0,0,0,1,0,0,9,2,2,0,4,2,0,0,0,5,0,0,0,9,6,0,0,0,0,0,0,0,0,0,3,0,0,0,0,0,0,2,0,1,0,0,0,1,0,0,7,0,1,0,7,1,1,0,0,5,0,0,0,0,0,5,0,0,0,0,0,3,0,0,0,0,0,0,0,0,0,1,0,0,0,0,0,0,0,0,0,0,0,0,0,0,0,0,0,0,0,0,0,0,0,0,73,2,34,8,4,2,5,0,0,0,0,0,178,43,205,227,305,0,93,491,1,0,103,21,2,163,0,43,1,23,18,2,22,53,7,0,12,73,4,0,0,4,5,0,0,14,2,9,9,0,3,0,0,0,0,0,0,44,122,12,10,30,50,148,7,17,75,135,29,100,176,0,0,0,19,68,6,78,145,268,0,0,1,0,0,0,55,22,26,6,3,12,0,2,0,4,12,147,0,0,0,8,14,21,0,1,0,2,10,11,1,13,4,2,0,9,13,23,21,9,1,5,1,0,2,3,7,31,21,21,1,1,2,0,0,0,1,2,1,0,0,0,0,0,10,2,2,0,0,0,3,5,1,0,9,0,3,0,0,0,0,0,0,3,0,0,0,2,0,2,0,0,0,0,3,0,0,0,0,0,0,0,0,0,0,0,0,0,0,0,0,15,17,146,1,38,0,11,9,185,0,7,138,82,6,181,118,0,0,14,7,72,0,10,269,212,0,1,0,0,0,0,0,1,30,72,0,12,9,0,2,1,147,15,0,0,0,1,22,20,0,0,1,3,11,9,1,4,13,1,0,1,0,0,0,13,9,0,0,3,9,41,0,0,0,0,1,6,0,0,7,5,0,0,31,41,0,2,0,0,0,0,1,3,0,0,0,0,0,0,1,0,0,0,0,0,0,1,4,9,1,0,1,0,0,1,8,3,0,6,0,4,0,0,2,0,0,0,0,0,0,0,2,0,0,0,0,0,0,0,4,0,1,0,0,0,0,1,0,0,0,0,0,0,0,0,0,0,0,0,0,0,0,0,0,0,0,0,0,0,0,0,0,0,0,0,0,0,0,0,0,0,0,0,0,0,0,0,0,0,0,0,0,0,0,0,0,0,0,0,0,0,149,14,15,32,2,174,11,20,75,10,142,98,16,191,0,0,73,12,8,183,23,285,0,0,1,0,0,0,69,7,27,8,0,13,2,0,16,0,147,0,0,0,15,7,21,1,0,12,0,11,13,1,4,2,0,0,0,0,3,6,13,42,0,11,6,0,1,0,4,1,7,42,1,30,2,2,0,0,0,3,0,1,0,0,0,0,0,10,1,3,2,0,0,8,0,1,9,0,0,9,0,0,0,0,3,0,0,0,0,5,0,0,0,0,0,0,0,0,0,0,0,0,0,0,0,0,0,0,0,173,53,1,2,6,29,64,22,212,1,27,9,0,0,0,0,21,1,3,9,1,1,0,0,0,3,1,0,0,9,0,0,1,2,2,0,1,2,0,0,0,5,0,1,0,0,0,0,0,0,0,0,0,0,0,38,135,42,0,1,1,1,6,8,21,14,50,4,18,27,185,0,1,17,6,0,0,0,0,0,0,8,13,1,0,3,5,4,11,0,0,1,3,0,1,0,0,0,0,1,0,10,0,0,2,2,7,0,1,0,0,0,0,0,1,0,2,0,2,0,0,0,1,0,0,2,0,0,0,0,0,0,1,4,0,0,0,0,0,0,0,0,0,0,0,1,0,0,0,0,0,0,0,0,0,0,0,0,0,0,0,0,0,0,0,0,0,10,160,7,43,1,0,2,0,6,5,23,2,61,7,15,7,184,1,0,26,0,9,0,0,0,0,0,0,0,0,18,0,1,0,3,1,8,0,0,1,0,0,1,0,0,0,0,0,0,0,0,0,0,0,0,0,0,3,0,0,0,0,0,0,0,0,9,0,1,0,0,0,0,0,0,1,0,0,2,0,2,0,0,0,0,2,0,0,0,0,0,0,0,0,0,0,0,0,0,0,0,0,0,0,1,0,0,0,0,0,5,0,0,0,0,0,0,0,0,0,1,0,0,1,3,0,0,0,0,0,1,0,0,0,0,0,0,1,0,0,0,0,0,0,0,0,0,0,0,0,0,3,0,0,0,0,0,0,0,0,0,0,0,0,0,0,0,0,0,0,0,0,0,21,0,0,0,0,0,0,0,0,0,0,0,0,0,0,0,0,0,0,0,0,0,0,0,0,0,0,0,0,0,0,0,0,0,0,0,0,0,0,0,0,0,0,0,0,141,5,1,2,0,21,38,1,199,0,1,1,0,0,0,0,21,0,0,8,0,1,0,0,0,0,0,0,0,0,0,0,0,0,0,0,0,0,31,13,47,2,0,6,8,24,21,0,0,0,0,0,1,0,1,1,1,2,26,8,3,9,0,2,0,0,1,0,0,0,0,0,1,0,0,0,0,0,0,1,0,0,1,0,0,0,0,1,1,4,3,0,0,0,0,0,0,0,0,0,0,0,0,0,0,0,0,0,0,0,0,0,0,0,0,0,0,0,0,0,1,0,0,0,0,0,0,0,0,0,0,0,0,0,0,0,0,0,0,0,0,0,0,0,0,0,0,0,0,0,0,0,0,0,0,0,0,0,0,0,0,0,170,51,2,1,2,6,0,29,64,20,2,212,1,25,2,9,0,0,0,0,0,0,21,0,3,0,8,0,1,1,1,0,3,0,0,0,0,0,0,0,0,3,1,1,0,0,0,0,0,9,0,0,0,0,0,0,0,0,0,2,0,0,2,0,0,0,0,1,2,0,1,0,0,0,0,0,0,0,0,0,0,0,5,0,0,0,0,0,0,1,0,0,0,0,0,0,0,0,0,0,0,0,0,0,0,0,0,0,0,0,0,0,0,0,0,0,0,0,0,0,0,125,17,31,19,1,0,2,0,3,3,17,1,61,2,14,5,57,1,1,0,8,17,2,0,0,0,0,4,0,0,2,1,0,0,0,0,0,0,1,0,0,0,2,0,0,0,0,6,3,0,0,0,0,0,0,1,1,2,1,0,0,0,1,0,2,0,0,0,0,0,1,31,11,0,0,17,0,0,0,0,1,0,0,0,9,0,2,7,0,0,0,0,0,0,3,0,0,3,0,1,0,0,0,0,1,3,0,0,0,0,0,1,1,0,0,0,0,154,0,0,0,1,1,0,0,0,0,0,0,0,0,0,0,0,0,0,0,0,0,0,0,0,0,0,0,0,0,0,0,177,39,189,218,304,0,75,467,1,0,90,21,1,169,0,41,1,21,16,2,23,48,6,0,12,68,4,0,0,4,3,0,0,14,3,6,5,0,3,0,0,0,0,0,0,90,82,5,19,126,62,1,73,96,0,131,127,0,201,177,1,0,0,0,0,0,0,0,8,4,0,0,82,82,1,0,0,0,13,24,0,1,0,1,16,0,15,2,0,0,0,5,10,0,17,17,0,0,1,0,0,8,4,0,23,17,0,2,1,2,2,0,1,0,7,1,1,1,2,0,0,19,7,1,0,0,0,0,3,0,0,0,0,2,0,0,0,0,0,0,0,0,0,5,6,166,0,35,0,3,2,184,8,3,158,1,1,256,5,5,368,0,0,0,0,0,0,0,12,0,4,0,161,0,0,0,0,1,0,36,0,1,0,0,17,1,15,0,2,0,0,0,0,0,0,1,14,0,0,0,0,0,0,34,0,0,0,0,1,0,1,0,11,0,1,0,39,1,2,0,0,4,0,1,0,0,0,1,0,0,0,0,0,0,0,0,14,0,1,0,0,0,0,3,0,0,4,0,0,2,0,0,0,0,3,0,0,0,0,0,0,0,0,0,0,0,0,0,0,0,0,0,0,0,0,0,0,0,0,0,0,0,0,0,0,0,0,0,0,36,25,178,84,167,181,0,0,0,4,0,136,0,15,0,4,7,2,9,24,0,0,2,34,0,3,4,2,1,3,0,136,14,11,84,90,197,8,29,22,10,10,6,0,1,1,0,0,1,0,0,0,0,0,6,1,3,13,0,0,1,9,0,5,0,10,0,0,0,1,2,0,0,1,0,0,1,0,0,0,0,0,0,0,0,0,0,0,0,0,0,142,25,10,25,165,20,4,161,0,8,227,1,30,360,8,11,0,0,0,0,0,0,0,11,1,0,156,2,7,0,0,28,9,1,0,0,17,0,0,9,7,0,2,0,0,0,12,0,3,28,0,6,1,0,0,12,0,37,0,3,3,0,1,3,0,0,0,11,1,3,0,0,0,1,3,11,0,0,2,1,2,3,0,0,0,0,0,0,0,0,0,0,0,0,0,0,0,0,0,97,67,101,88,5,10,4,12,0,2,0,1,3,14,13,0,0,2,0,0,0,0,0,0,0,0,0,0,48,15,63,19,32,1,17,98,21,51,8,11,169,251,376,0,0,0,11,1,165,0,37,0,0,1,0,0,0,6,1,10,0,1,11,0,4,0,2,0,0,0,14,34,1,0,11,40,3,0,0,3,0,1,2,9,0,2,3,0,3,4,5,12,0,2,0,0,0,1,5,0,0,0,0,2,1,0,0,1,0,0,0,0,0,1,0,0,0,1,0,0,0,1,0,0,0,0,0,1,0,0,0,0,0,0,0,0,0,0,0,0,0,0,0,0,0,0,0,0,0,0,0,0,0,0,0,0,0,0,0,0,0,0,0,0,0,0,1,0,0,0,0,0,0,0,0,0,0,0,0,0,0,0,0,0,0,0,0,0,0,0,0,0,0,0,0,0,0,0,0,0,0,0,0,0,0,0,0,0,0,0,0,0,0,0,0,0,0,0,0,0,0,0,0,3,0,0,0,0,0,0,0,0,0,0,0,0,0,0,0,0,0,0,0,0,0,0,0,0,0,0,0,0,0,0,0,0,0,0,0,0,0,0,0,0,0,0,0,0,1,1,0,0,0,0,0,0,0,0,0,0,0,0,0,0,0,0,0,0,0,0,0,0,0,0,0,0,0,0,0,0,0,0,0,0,0,0,0,0,0,0,0,0,0,0,0,0,0,0,0,0,0,0,0,0,0,0,0,0,0,0,0,0,0,0,0,0,0,0,0,0,0,0,0,0,0,0,0,0,0,0,0,0,0,0,0,0,0,0,0,0,0,0,0,0,0,0,0,0,0,0,0,0,0,0,0,0,0,0,0,0,0,0,0,1,0,0,0,0,0,0,1,0,0,0,0,0,0,0,0,0,0,0,0,0,0,0,0,0,0,0,0,0,0,0,0,0,0,0,0,0,0,0,0,0,0,0,0,0,0,0,0,0,0,0,0,0,0,0,0,0,0,0,0,0,0,0,0,0,0,0,0,0,0,0,0,0,0,0,0,0,0,0,0,0,0,0,0,0,0,0,0,0,0,0,0,0,0,0,0,0,0,0,0,0,0,0,0,0,0,0,0,0,0,0,0,0,0,0,0,0,0,0,0,0,0,0,0,0,0,0,0,0,0,0,0,0,0,0,0,0,0,0,0,0,0,0,0,0,0,0,0,0,0,0,0,0,0,0,0,0,0,0,0,0,0,0,0,0,0,0,0,0,0,0,0,0,0,0,0,0,0,0,0,0,0,0,0,0,0,0,0,0,0,0,0,0,0,0,0,0,0,0,0,0,0,0,0,0,0,0,0,0,0,0,0,0,0,0,0,0,0,0,0,0,0,0,0,0,0,0,0,0,0,0,0,0,0,0,0,0,0,0,0,0,0,0,0,0,0,0,0,0,0,0,0,0,0,0,0,0,0,0,0,0,0,0,0,0,0,0,0,0,0,0,0,0,0,0,0,0,0,0,0,0,0,0,0,0,0,0,0,0,0,0,0,0,0,0,0,0,0,0,0,0,0,0,0,0,0,0,0,0,0,0,0,0,0,0,0,0,0,0,0,0,0,0,0,0,0,0,0,0,0,0,0,0,0,0,0,0,0,0,0,0,0,0,0,0,0,0,0,0,0,0,0,0,0,0,0,0,0,0,0,0,0,0,0,0,0,0,0,0,0,0,0,0,0,0,0,0,0,0,0,0,0,0,0,0,0,0,0,0,0,0,0,0,0,0,0,0,0,0,0,0,0,0,0,0,0,0,0,0,0,0,0,0,0,0,0,0,0,0,0,0,0,0,0,0,0,0,0,0,0,0,0,0,0,0,0,0,0,0,0,0,0,0,0,0,0,0,0,0,0,0,0,0,0,0,0,0,0,0,0,0,0,0,0,0,0,0,0,0,0,0,0,0,0,0,0,0,0,0,0,0,0,0,0,0,0,0,0,0,0,0,0,0,0,0,0,0,0,0,0,0,0,0,0,0,0,0,0,0,0,0,0,0,0,0,0,0,0,0,0,0,0,0,0,0,0,0,0,0,0,0,0,0,0,0,0,0,0,0,0,0,0,0,0,0,0,0,0,0,0,0,0,0,0,0,0,0,0,0,0,0,0,0,0,0,0,0,0,0,0,0,0,0,0,0,0,0,0,0,0,0,0,0,0,0,0,0,0,0,0,0,0,0,0,0,0,0,0,0,0,0,0,0,0,0,0,0,0,0,0,0,0,0,0,0,0,0,0,0,0,0,0,0,0,0,0,0,0,0,0,0,0,0,0,0,0,0,0,0,0,0,0,0,0,0,0,0,0,0,0,0,0,0,0,0,0,0,0,0,0,0,0,0,0,0,0,0,0,0,0,0,0,0,0,0,0,0,0,0,0,0,0,0,0,0,0,0,0,0,0,0,0,0,0,0,0,0,0,0,0,0,0,0,0,0,0,0,0,0,0,0,0,0,0,0,0,0,0,0,0,0,0,0,0,0,0,0,0,0,0,0,0,0,0,0,0,0,0,0,0,0,0,0,0,0,0,0,0,0,0,0,0,0,0,0,0,0,0,0,0,0,0,0,0,0,0,0,0,0,0,0,0,0,0,0,0,0,0,0,0,0,0,0,0,0,0,0,0,0,0,0,0,0,0,0,0,0,0,0,0,0,0,0,0,0,0,0,0,0,0,0,0,0,0,0,0,0,0,0,0,0,0,0,0,0,0,0,0,0,0,0,0,0,0,0,0,0,0,0,0,0,0,0,0,0,0,0,0,0,0,0,0,0,0,0,0,0,0,0,0,0,0,0,0,0,0,0,0,0,0,0,0,0,0,0,0,0,0,0,0,0,0,0,0,0,0,0,0,0,0,0,0,0,0,0,0,0,0,0,0,0,0,0,0,0,0,0,0,0,0,0,0,0,0,0,0,0,0,0,0,0,0,0,0,0,0,0,0,0,0,0,0,0,0,0,0,0,0,0,0,0,0,0,0,0,0,0,0,0,0,0,0,0,0,0,0,0,0,0,0,0,0,0,0,0,0,0,0,0,0,0,0,0,0,0,0,0,0,0,0,0,0,0,0,0,0,0,0,0,0,0,0,0,0,0,0,0,0,0,0,0,0,0,0,0,0,0,0,0,0,0,0,0,0,0,0,0,0,0,0,0,0,0,0,0,0,0,0,0,0,0,0,0,0,0,0,0,0,0,0,0,0,0,0,0,0,0,0,0,0,0,0,0,0,0,0,0,0,0,0,0,0,0,0,0,0,0,0,0,0,0,0,0,0,0,0,0,0,0,0,0,0,0,0,0,0,0,0,0,0,0,0,0,0,0,0,0,0,0,0,0,0,0,0,0,0,0,0,0,0,0,0,0,0,0,0,0,0,0,0,0,0,0,0,0,0,0,0,0,0,0,0,0,0,0,0,0,0,0,0,0,0,0,0,0,0,0,0,0,0,0,0,0,0,0,0,0,0,0,0,0,0,0,0,0,0,0,0,0,0,0,0,0,0,0,0,0,0,0,0,0,0,0,0,0,0,0,0,0,0,0,0,0,0,0,0,0,0,0,0,0,0,0,0,0,0,0,0,0,0,0,0,0,0,0,0,0,0,0,0,0,0,0,0,0,0,0,0,0,0,0,0,0,0,0,0,0,0,0,0,0,0,0,0,0,0,0,0,0,0,0,0,0,0,0,0,0,0,0,0,0,0,0,0,0,0,0,0,0,0,0,0,0,0,0,0,0,0,0,0,0,0,0,0,0,0,0,0,0,0,0,0,0,0,0,0,0,0,0,0,0,0,0,0,0,0,0,0,0,0,0,0,0,0,0,0,0,0,0,0,0,0,0,0,0,0,0,0,0,0,0,0,0,0,0,0,0,0,0,0,0,0,0,0,0,0,0,0,0,0,0,0,0,0,0,0,0,0,0,0,0,0,0,0,0,0,0,0,0,0,0,0,0,0,0,0,0,0,0,0,0,0,0,0,0,0,0,0,0,0,0,0,0,0,0,0,0,0,0,0,0,0,0,0,0,0,0,0,0,0,0,0,0,0,0,0,0,0,0,0,0,0,0,0,0,0,0,0,0,0,0,0,0,0,0,0,0,0,0,0,0,0,0,0,0,0,0,0,0,0,0,0,0,0,0,0,0,0,0,0,0,0,0,0,0,0,0,0,0,0,0,0,0,0,0,0,0,0,0,0,0,0,0,0,0,0,0,0,0,0,0,0,0,0,0,0,0,0,0,0,0,0,0,0,0,0,0,0,0,0,0,0,0,0,0,0,0,0,0,0,0,0,0,0,0,0,0,0,0,0,0,0,0,0,0,0,0,0,0,0,0,0,0,0,0,0,0,0,0,0,0,0,0,0,0,0,0,0,0,0,0,0,0,0,0,0,0,0,0,0,0,0,0,0,0,0,0,0,0,0,0,0,0,0,0,0,0,0,0,0,0,0,0,0,0,0,0,0,0,0,0,0,0,0,0,0,0,0,0,0,0,0,0,0,0,0,0,0,0,0,0,0,0,0,0,0,0,0,0,0,0,0,0,0,0,0,0,0,0,0,0,0,0,0,0,0,0,0,0,0,0,0,0,0,0,0,0,0,0,0,0,0,0,0,0,0,0,0,0,0,0,0,0,0,0,0,0,0,0,0,0,0,0,0,0,0,0,0,0,0,0,0,0,0,0,0,0,0,0,0,0,0,0,0,0,0,0,0,0,0,0,0,0,0,0,0,0,0,0,0,0,0,0,0,0,0,0,0,0,0,0,0,0,0,0,0,0,0,0,0,0,0,0,0,0,0,0,0,0,0,0,0,0,0,0,0,0,0,0,0,0,0,0,0,0,0,0,0,0,0,0,0,0,0,0,0,0,0,0,0,0,0,0,0,0,0,0,0,0,0,0,0
WV0540100,2009,Parkersburg Police Department,West Virginia,31419,51,44,492,273,413,0,176,504,1,0,176,0,1,214,0,59,2,21,18,4,13,46,7,0,0,124,0,0,0,5,0,0,0,16,1,2,12,0,16,0,0,5,0,0,0,8,41,2,0,0,2,4,15,2,0,18,4,0,0,0,1,4,16,1,10,0,1,0,0,5,0,0,0,0,0,0,0,1,0,0,50,0,0,43,0,14,0,1,477,0,0,3,270,0,0,5,408,0,0,16,159,0,1,1,502,0,0,1,0,0,0,16,160,0,0,0,0,0,0,0,1,0,2,212,0,0,0,0,0,59,0,0,0,2,1,20,0,0,18,0,0,4,0,0,0,0,0,13,0,0,46,0,0,0,7,0,0,0,0,0,0,123,0,0,0,0,0,0,5,0,0,0,0,0,0,0,0,16,0,1,2,0,11,0,0,0,0,0,0,0,0,0,0,0,0,0,0,0,0,0,0,1,16,0,0,0,0,0,0,0,0,1,0,0,0,0,0,0,0,0,0,0,0,0,0,0,0,0,0,0,0,0,1,0,0,0,0,5,0,0,0,0,0,0,0,0,0,0,0,0,0,0,0,0,0,0,0,0,0,0,0,0,0,0,0,0,0,0,0,0,0,0,0,0,0,0,0,0,0,0,0,0,0,0,0,0,0,0,0,0,0,0,0,0,0,0,0,0,0,0,0,0,0,0,0,32,3,13,0,26,321,51,86,23,215,48,5,3,182,103,12,0,33,23,105,11,261,179,45,11,1,0,0,0,0,0,0,0,2,174,0,0,0,0,0,1,0,111,32,67,1,0,0,0,0,38,4,17,0,2,0,0,3,8,8,11,3,2,4,0,0,106,0,0,0,5,2,5,0,8,37,0,1,0,7,0,0,0,0,44,76,3,0,0,0,0,0,0,2,1,2,0,0,0,0,0,0,10,3,1,0,1,0,1,5,1,6,0,0,0,6,8,0,1,0,0,0,0,0,0,0,13,1,1,0,0,0,0,0,0,0,0,0,1,2,2,0,11,0,3,0,10,4,1,0,0,8,0,0,0,3,0,3,0,0,1,0,0,3,0,0,0,0,0,0,2,0,0,2,2,0,0,0,0,0,0,0,0,0,0,0,0,0,0,0,0,0,0,0,0,0,0,0,176,0,46,0,2,0,12,0,0,0,0,0,65,49,533,304,434,0,219,548,1,0,212,0,1,219,0,60,2,24,18,4,14,47,7,0,0,133,0,0,0,5,0,0,0,16,3,4,14,0,17,0,0,5,0,0,0,4,48,13,12,36,143,369,21,22,111,171,34,116,284,0,0,0,58,160,1,78,145,325,0,0,1,0,0,0,128,78,6,0,0,0,0,0,1,8,15,196,0,0,0,7,10,43,0,2,0,0,13,11,0,14,4,3,1,4,9,14,12,21,3,3,1,0,0,0,0,37,45,51,0,0,0,0,0,0,0,3,2,0,0,0,0,0,15,0,3,0,0,1,2,2,0,2,12,0,1,0,0,0,0,0,1,15,0,0,0,0,0,1,0,0,4,0,0,0,1,0,0,0,1,0,0,0,0,0,0,0,0,0,0,6,16,43,2,44,0,28,35,470,0,14,175,115,9,286,139,0,0,5,31,183,0,14,334,200,0,1,0,0,0,0,1,5,56,150,0,0,0,1,0,1,196,22,0,0,0,1,43,16,0,0,2,2,11,11,4,4,10,0,1,3,0,0,1,9,4,0,0,0,22,25,0,0,0,0,2,5,0,0,0,0,0,5,58,70,0,0,0,0,0,1,2,2,0,0,0,0,0,0,0,0,0,0,0,0,0,1,0,15,0,0,3,0,1,0,3,0,2,12,0,3,0,0,0,0,0,0,0,0,0,2,14,0,0,0,0,0,0,0,0,0,1,0,0,0,0,0,0,0,4,0,0,0,0,0,0,0,0,0,0,0,0,0,1,0,0,0,0,0,0,0,0,0,0,0,0,0,0,0,0,0,0,0,0,0,0,0,0,0,0,0,0,0,0,0,0,0,0,0,0,0,46,1,18,38,7,415,57,61,96,12,196,115,16,303,0,0,187,30,2,156,20,372,0,0,1,0,0,0,166,38,8,0,0,0,0,1,17,3,199,0,0,0,10,2,48,2,0,8,0,16,10,2,6,1,1,2,0,0,5,0,9,22,0,25,6,0,1,0,0,0,0,54,4,75,0,0,0,0,0,3,0,2,0,0,0,0,0,11,2,3,3,0,0,2,0,2,13,1,0,4,0,0,0,0,10,3,0,0,0,0,0,0,3,0,0,4,0,2,0,0,0,0,0,0,0,0,0,0,0,303,2,13,6,2,44,120,17,522,8,0,22,0,0,2,0,69,0,1,20,0,0,0,0,0,0,0,0,0,3,0,0,0,0,1,0,0,1,0,0,0,1,0,0,0,0,0,0,0,0,0,0,0,0,0,70,233,2,6,7,4,2,2,18,26,35,85,2,15,76,446,2,6,0,11,0,0,0,0,2,0,17,52,0,0,1,9,11,0,0,0,0,11,0,0,0,0,0,0,0,0,0,0,0,0,0,3,0,0,0,0,0,0,0,0,0,0,0,1,0,0,0,0,1,0,0,0,0,0,0,0,0,1,0,0,0,0,0,0,0,0,0,0,0,0,0,0,0,0,0,0,0,0,0,0,0,0,0,0,0,0,0,0,0,0,0,0,18,227,0,1,12,0,6,0,2,3,26,4,109,0,15,4,192,8,0,0,1,21,0,0,0,0,2,0,0,2,18,0,0,0,1,0,8,1,0,0,0,0,0,0,0,0,0,0,0,0,0,0,0,0,0,0,0,0,0,0,0,0,0,0,0,0,3,0,0,0,0,0,0,0,0,0,0,0,0,0,1,0,0,0,0,1,0,0,0,0,0,0,0,0,0,0,0,0,0,0,0,0,0,0,0,0,0,0,0,0,1,0,0,0,0,0,0,0,0,0,0,0,0,7,58,0,0,0,0,0,0,0,0,0,0,0,0,15,0,0,0,0,0,0,0,0,0,0,0,0,0,49,0,0,0,0,0,0,0,0,0,0,0,0,0,0,0,0,0,0,0,0,0,326,0,0,0,2,0,0,0,0,0,0,0,0,0,0,0,0,0,0,0,0,12,0,0,0,0,0,0,0,0,0,0,0,0,0,0,0,0,0,0,0,0,0,0,0,301,1,12,6,2,44,119,16,521,0,0,21,0,0,2,0,69,0,1,20,0,0,0,0,0,0,0,0,0,3,0,0,0,0,1,0,0,1,0,0,0,0,1,0,0,0,0,0,0,0,0,0,1,0,0,0,0,0,0,1,0,0,0,0,0,0,0,0,0,0,0,0,0,0,0,0,0,0,0,1,0,0,1,0,0,0,0,0,0,0,0,0,0,0,0,2,0,0,0,0,1,0,0,0,0,0,0,0,0,0,0,0,0,0,0,0,0,0,0,0,0,0,0,0,0,0,0,0,0,0,0,1,0,0,0,0,0,0,0,0,0,0,0,0,0,0,0,0,0,0,0,0,0,0,0,0,0,0,0,0,0,0,303,1,1,2,6,0,2,44,120,10,7,522,8,0,0,0,22,0,0,0,2,0,69,0,1,0,20,11,0,0,0,0,0,0,0,0,0,0,0,0,0,0,0,0,0,0,0,0,0,0,3,0,0,0,0,0,0,0,0,0,0,0,1,0,0,0,0,0,0,0,0,0,0,0,0,0,0,1,0,0,0,0,1,0,0,0,0,0,0,0,0,0,0,0,0,0,0,0,0,0,0,0,0,0,0,0,0,0,0,0,0,0,0,0,0,0,0,0,0,0,0,209,5,1,0,4,0,6,0,0,0,24,0,110,2,8,0,137,3,8,0,0,0,1,0,0,0,0,11,0,0,1,0,5,0,0,0,0,0,0,0,0,0,0,0,0,0,0,0,0,0,0,0,0,0,0,0,0,1,0,0,0,0,0,0,0,0,0,0,0,0,0,89,20,0,0,58,1,9,0,2,8,0,0,0,15,0,0,21,3,0,0,0,0,0,1,0,0,9,0,0,0,2,0,0,0,0,0,0,0,0,0,0,0,0,0,0,0,382,0,0,0,0,1,0,0,0,0,0,0,0,0,0,0,0,0,0,0,0,0,0,0,0,0,0,0,0,0,0,0,58,50,512,296,434,0,176,523,1,0,177,0,1,220,0,59,3,25,18,4,15,47,7,0,0,127,0,0,0,8,0,0,0,17,1,2,12,0,17,0,0,5,0,0,0,16,42,0,26,341,171,0,111,138,0,174,184,0,216,196,0,0,0,0,0,0,0,0,0,0,0,0,107,107,0,0,0,0,17,31,0,0,3,6,11,0,18,3,1,1,0,8,6,0,15,15,0,0,0,0,0,0,0,0,58,39,0,0,0,7,1,0,0,0,13,0,0,1,0,0,0,24,4,0,0,0,0,0,16,0,0,5,1,1,0,0,0,0,0,0,0,0,0,2,2,54,0,49,0,7,10,495,8,2,237,4,1,352,9,5,397,0,1,0,0,0,0,0,0,0,4,1,209,0,0,0,0,1,0,47,1,2,1,1,15,1,16,0,4,2,0,0,0,0,0,0,14,0,0,0,0,0,0,30,1,0,0,0,0,0,0,0,0,0,0,0,97,0,0,1,0,7,0,1,0,0,0,0,0,0,0,0,0,0,0,0,17,0,1,1,0,0,0,1,0,0,1,0,0,0,0,0,0,0,17,0,0,0,0,0,0,0,0,0,0,4,0,0,0,0,1,0,0,0,0,0,0,0,0,0,0,0,0,0,0,0,0,0,0,56,44,500,244,351,408,1,0,0,0,0,211,0,45,3,17,18,4,14,30,0,0,0,95,0,8,17,1,1,17,0,2,6,12,5,6,4,0,3,3,0,0,2,0,0,0,5,0,0,0,0,0,0,0,0,1,0,0,0,0,0,0,0,0,0,0,0,0,0,0,0,0,0,0,0,0,0,0,0,0,0,0,0,0,0,0,0,0,0,0,0,55,1,2,29,403,84,25,222,4,23,313,4,41,368,14,30,0,0,1,0,0,0,0,0,0,0,198,1,15,0,0,12,36,3,0,0,13,4,0,13,5,0,2,2,0,0,11,0,3,27,0,3,0,0,0,0,0,92,1,4,0,0,3,5,0,0,0,13,1,0,0,1,0,0,8,13,0,0,0,0,17,4,0,4,0,1,0,0,0,0,0,0,0,0,0,0,0,0,0,26,21,299,213,0,17,2,16,0,4,0,0,8,17,11,0,5,0,0,0,0,0,0,0,0,0,0,0,0,0,25,11,22,2,30,235,44,156,49,28,240,348,411,1,0,0,0,0,214,0,48,0,0,3,0,0,0,6,2,9,0,0,13,1,4,0,2,1,0,1,14,30,0,0,0,96,0,0,0,5,1,2,0,15,2,0,0,0,1,2,1,15,0,15,2,0,0,0,6,0,4,1,0,1,0,0,8,4,0,0,0,0,0,0,0,0,0,0,1,0,0,0,0,0,0,0,1,0,0,0,0,0,0,0,0,0,0,0,0,0,0,0,0,0,0,0,0,0,0,0,0,0,0,0,0,0,0,0,0,0,0,1,0,0,0,0,0,0,0,0,0,0,0,1,0,0,0,0,0,0,0,0,0,0,0,0,0,0,0,0,0,0,0,0,0,1,0,0,0,0,0,0,0,0,0,0,0,0,0,0,0,0,0,0,0,0,0,0,0,0,0,0,0,1,0,0,0,0,0,0,0,0,0,0,0,0,0,0,0,0,0,0,0,0,0,0,0,0,0,0,0,0,0,0,0,0,0,0,0,0,0,0,0,0,0,0,0,0,0,8,0,0,0,0,0,0,0,0,0,0,0,0,0,0,0,0,0,0,0,0,0,0,0,0,0,0,0,0,0,0,0,0,0,0,0,0,0,0,0,0,0,0,0,0,0,0,0,0,0,0,0,0,0,0,0,0,0,0,0,0,0,0,0,0,0,0,0,0,0,0,0,0,0,0,0,0,0,0,0,0,0,0,0,0,0,0,0,0,0,0,0,0,0,0,0,0,0,0,0,0,0,0,0,0,0,0,0,0,0,0,0,0,0,0,0,0,0,0,0,0,0,0,0,0,0,0,0,0,0,0,0,0,0,0,0,0,0,0,0,0,0,0,0,0,0,0,0,0,0,0,0,0,0,0,0,0,0,0,0,0,0,0,0,0,0,0,0,0,0,0,0,0,0,0,0,0,0,0,0,0,0,0,0,0,0,0,0,0,0,0,0,0,0,0,0,0,0,0,0,0,0,0,0,0,0,0,0,0,0,0,0,0,0,0,0,0,0,0,0,0,0,0,0,0,0,0,0,0,0,0,0,0,0,0,0,0,0,0,0,0,0,0,0,0,0,0,0,0,0,0,0,0,0,0,0,0,0,0,0,0,0,0,0,0,0,0,0,0,0,0,0,0,0,0,0,0,0,0,0,0,0,0,0,0,0,0,0,0,0,0,0,0,0,0,0,0,0,0,0,0,0,0,0,0,0,0,0,0,0,0,0,0,0,0,0,0,0,0,0,0,0,0,0,0,0,0,0,0,0,0,0,0,0,0,0,0,0,0,0,0,0,0,0,0,0,0,0,0,0,0,0,0,0,0,0,0,0,0,0,0,0,0,0,0,0,0,0,0,0,0,0,0,0,0,0,0,0,0,0,0,0,0,0,0,0,0,0,0,0,0,0,0,0,0,0,0,0,0,0,0,0,0,0,0,0,0,0,0,0,0,0,0,0,0,0,0,0,0,0,0,0,0,0,0,0,0,0,0,0,0,0,0,0,0,0,0,0,0,0,0,0,0,0,0,0,0,0,0,0,0,0,0,0,0,0,0,0,0,0,0,0,0,0,0,0,0,0,0,0,0,0,0,0,0,0,0,0,0,0,0,0,0,0,0,0,0,0,0,0,0,0,0,0,0,0,0,0,0,0,0,0,0,0,0,0,0,0,0,0,0,0,0,0,0,0,0,0,0,0,0,0,0,0,0,0,0,0,0,0,0,0,0,0,0,0,0,0,0,0,0,0,0,0,0,0,0,0,0,0,0,0,0,0,0,0,0,0,0,0,0,0,0,0,0,0,0,0,0,0,0,0,0,0,0,0,0,0,0,0,0,0,0,0,0,0,0,0,0,0,0,0,0,0,0,0,0,0,0,0,0,0,0,0,0,0,0,0,0,0,0,0,0,0,0,0,0,0,0,0,0,0,0,0,0,0,0,0,0,0,0,0,0,0,0,0,0,0,0,0,0,0,0,0,0,0,0,0,0,0,0,0,0,0,0,0,0,0,0,0,0,0,0,0,0,0,0,0,0,0,0,0,0,0,0,0,0,0,0,0,0,0,0,0,0,0,0,0,0,0,0,0,0,0,0,0,0,0,0,0,0,0,0,0,0,0,0,0,0,0,0,0,0,0,0,0,0,0,0,0,0,0,0,0,0,0,0,0,0,0,0,0,0,0,0,0,0,0,0,0,0,0,0,0,0,0,0,0,0,0,0,0,0,0,0,0,0,0,0,0,0,0,0,0,0,0,0,0,0,0,0,0,0,0,0,0,0,0,0,0,0,0,0,0,0,0,0,0,0,0,0,0,0,0,0,0,0,0,0,0,0,0,0,0,0,0,0,0,0,0,0,0,0,0,0,0,0,0,0,0,0,0,0,0,0,0,0,0,0,0,0,0,0,0,0,0,0,0,0,0,0,0,0,0,0,0,0,0,0,0,0,0,0,0,0,0,0,0,0,0,0,0,0,0,0,0,0,0,0,0,0,0,0,0,0,0,0,0,0,0,0,0,0,0,0,0,0,0,0,0,0,0,0,0,0,0,0,0,0,0,0,0,0,0,0,0,0,0,0,0,0,0,0,0,0,0,0,0,0,0,0,0,0,0,0,0,0,0,0,0,0,0,0,0,0,0,0,0,0,0,0,0,0,0,0,0,0,0,0,0,0,0,0,0,0,0,0,0,0,0,0,0,0,0,0,0,0,0,0,0,0,0,0,0,0,0,0,0,0,0,0,0,0,0,0,0,0,0,0,0,0,0,0,0,0,0,0,0,0,0,0,0,0,0,0,0,0,0,0,0,0,0,0,0,0,0,0,0,0,0,0,0,0,0,0,0,0,0,0,0,0,0,0,0,0,0,0,0,0,0,0,0,0,0,0,0,0,0,0,0,0,0,0,0,0,0,0,0,0,0,0,0,0,0,0,0,0,0,0,0,0,0,0,0,0,0,0,0,0,0,0,0,0,0,0,0,0,0,0,0,0,0,0,0,0,0,0,0,0,0,0,0,0,0,0,0,0,0,0,0,0,0,0,0,0,0,0,0,0,0,0,0,0,0,0,0,0,0,0,0,0,0,0,0,0,0,0,0,0,0,0,0,0,0,0,0,0,0,0,0,0,0,0,0,0,0,0,0,0,0,0,0,0,0,0,0,0,0,0,0,0,0,0,0,0,0,0,0,0,0,0,0,0,0,0,0,0,0,0,0,0,0,0,0,0,0,0,0,0,0,0,0,0,0,0,0,0,0,0,0,0,0,0,0,0,0,0,0,0,0,0,0,0,0,0,0,0,0,0,0,0,0,0,0,0,0,0,0,0,0,0,0,0,0,0,0,0,0,0,0,0,0,0,0,0,0,0,0,0,0,0,0,0,0,0,0,0,0,0,0,0,0,0,0,0,0,0,0,0,0,0,0,0,0,0,0,0,0,0,0,0,0,0,0,0,0,0,0,0,0,0,0,0,0,0,0,0,0,0,0,0,0,0,0,0,0,0,0,0,0,0,0,0,0,0,0,0,0,0,0,0,0,0,0,0,0,0,0,0,0,0,0,0,0,0,0,0,0,0,0,0,0,0,0,0,0,0,0,0,0,0,0,0,0,0,0,0,0,0,0,0,0,0,0,0,0,0,0,0,0,0,0,0,0,0,0,0,0,0,0,0,0,0,0,0,0,0,0,0,0,0,0,0,0,0,0,0,0,0,0,0,0,0,0,0,0,0,0,0,0,0,0,0,0,0,0,0,0,0,0,0,0,0,0,0,0,0,0,0,0,0,0,0,0,0,0,0,0,0,0,0,0,0,0,0,0,0,0,0,0,0,0,0,0,0,0,0,0,0,0,0,0,0,0,0,0,0,0,0,0,0,0,0,0,0,0,0,0,0,0,0,0,0,0,0,0,0,0,0,0,0,0,0,0,0,0,0,0,0,0,0,0,0,0,0,0,0,0,0,0,0,0,0,0,0,0,0,0,0,0,0,0,0,0,0,0,0,0,0,0,0,0,0,0,0,0,0,0,0,0,0,0,0,0,0,0,0,0,0,0,0,0,0,0,0,0,0,0,0,0,0,0,0,0,0,0,0,0,0,0,0,0,0,0,0,0,0,0,0,0,0,0,0,0,0,0,0,0,0,0,0,0,0,0,0,0,0,0,0,0,0,0,0,0,0,0,0,0,0,0,0,0,0,0,0,0,0,0,0,0,0,0,0,0,0,0,0,0,0,0,0,0,0,0,0,0,0,0,0,0,0,0,0,0,0,0,0,0,0,0,0,0,0,0,0,0,0,0,0,0,0,0,0,0,0,0,0,0,0,0,0,0,0,0,0,0,0,0,0,0,0,0,0,0,0,0,0,0,0,0,0,0,0,0,0,0,0,0,0,0,0,0,0,0,0,0,0,0,0,0,0,0,0,0,0,0,0,0,0,0,0,0,0,0,0,0,0,0,0,0,0,0,0,0,0,0,0,0,0,0,0,0,0,0,0,0,0,0,0,0,0,0,0,0,0,0,0,0,0,0,0,0,0,0,0,0,0,0,0,0,0,0,0,0,0,0,0,0,0,0,0,0,0,0,0,0,0,0,0,0,0,0,0,0,0,0,0,0,0,0,0,0,0,0,0,0,0,0,0,0,0,0,0,0,0,0,0,0,0,0,0,0,0,0,0,0,0,0,0,0,0,0,0,0,0,0,0,0,0,0,0,0,0,0,0,0,0,0,0,0,0,0,0,0,0,0,0,0,0,0,0,0,0,0,0,0,0,0,0,0,0,0,0,0,0,0,0,0,0,0,0,0,0,0,0,0,0,0,0,0,0,0,0,0,0,0
WV0540100,2008,Parkersburg Police Department,West Virginia,31410,38,26,460,229,411,1,299,546,2,0,196,0,0,216,0,51,1,16,19,4,18,73,20,0,2,98,0,0,0,3,2,0,0,7,0,2,12,0,13,0,0,3,0,0,0,5,29,4,0,1,0,3,12,1,0,19,4,0,0,0,0,3,7,2,8,0,2,0,0,3,0,0,0,0,0,0,0,0,0,0,38,0,0,25,0,46,0,0,414,0,0,5,224,0,0,10,401,0,0,73,226,0,13,0,532,1,0,2,0,0,0,46,150,0,0,0,0,0,0,0,0,0,0,216,0,0,0,0,1,50,0,0,0,1,0,16,0,0,18,0,0,4,0,0,0,0,0,16,0,0,70,0,0,0,20,0,0,0,1,0,0,97,0,0,0,0,0,0,3,0,0,0,2,0,0,0,0,7,0,0,2,0,10,0,0,1,0,1,0,3,1,0,0,0,0,0,0,0,0,0,0,2,12,0,0,0,0,0,0,0,2,1,0,0,0,0,0,0,0,0,0,0,0,0,0,0,0,0,0,0,0,0,1,0,0,0,0,3,0,0,1,0,0,0,0,0,0,0,0,0,0,0,0,0,0,0,0,0,0,0,0,0,0,0,0,0,0,0,0,0,0,0,0,0,0,0,0,0,0,0,0,0,0,0,0,0,0,0,0,0,0,0,0,0,0,0,0,0,0,0,0,0,0,0,0,19,4,12,1,10,275,53,94,15,181,36,5,4,195,85,5,0,36,33,210,12,267,209,57,6,1,0,1,0,0,0,0,0,0,195,0,0,0,0,0,0,0,107,24,85,0,0,0,0,0,32,2,13,0,1,0,0,3,6,7,17,1,1,3,0,0,121,0,0,0,10,7,1,0,11,59,0,1,0,18,0,0,0,2,20,72,3,1,0,0,0,0,0,2,0,1,0,1,0,2,0,0,5,1,0,1,0,2,0,3,1,7,1,0,0,9,6,0,1,0,0,0,0,0,0,0,11,0,2,1,0,0,0,0,0,0,0,0,0,0,3,0,23,0,0,2,5,8,2,0,0,7,0,0,0,1,0,2,4,0,0,0,0,0,0,0,0,0,0,0,0,0,0,0,1,0,0,0,0,0,2,0,0,1,0,0,0,0,0,0,0,0,0,0,0,0,0,1,299,0,73,0,2,0,12,0,0,0,0,0,46,26,491,260,433,1,376,581,2,0,229,0,0,219,0,54,1,20,20,5,19,87,24,0,5,110,0,0,0,3,2,0,0,7,0,2,15,0,13,0,0,3,0,0,0,9,31,6,5,18,140,323,28,20,88,152,38,123,272,0,1,0,96,279,1,74,141,366,1,0,1,0,0,0,131,91,7,0,0,0,0,0,0,1,16,202,0,0,0,4,13,37,0,0,1,2,10,8,0,19,1,5,1,7,11,24,37,26,12,10,2,0,0,4,1,25,33,52,0,0,0,0,0,0,2,1,0,0,0,0,0,0,7,0,0,0,0,0,1,1,0,1,14,0,3,0,0,0,0,0,2,11,0,0,0,2,0,0,0,0,2,0,0,0,1,0,0,0,0,0,0,0,0,0,0,0,0,0,0,7,6,33,1,18,0,32,56,403,0,7,156,97,11,279,143,0,1,26,51,299,1,26,371,183,0,1,1,0,0,0,0,8,45,176,0,0,0,0,0,0,203,16,0,0,0,0,37,17,0,1,0,0,10,10,0,1,19,0,0,5,0,0,1,11,7,0,0,6,27,54,0,0,0,0,3,21,0,0,1,4,0,4,53,53,0,0,0,0,0,0,0,3,0,0,0,0,0,0,0,0,0,0,0,0,0,1,0,6,0,0,0,0,0,0,2,1,2,12,0,7,0,0,0,0,0,0,0,0,0,3,7,0,0,0,0,0,0,0,2,0,3,0,0,0,0,0,0,0,2,0,0,0,0,0,0,0,0,0,0,0,0,0,1,0,0,0,0,0,0,0,0,0,0,0,0,0,0,0,0,0,0,0,0,0,0,0,0,0,0,0,0,0,0,0,0,0,0,0,0,0,34,1,11,21,0,380,45,66,70,12,178,122,18,293,0,0,331,42,3,143,32,406,0,0,2,0,0,0,166,56,7,0,0,0,0,0,17,0,202,0,0,0,13,3,38,0,1,11,0,9,12,1,7,1,1,3,0,0,6,1,12,44,7,36,17,0,7,0,0,4,1,41,4,65,0,0,0,0,0,3,0,0,0,0,0,0,0,5,0,2,0,0,0,2,0,0,15,0,0,5,0,0,0,0,9,3,0,0,0,2,0,0,0,1,0,1,0,2,1,0,0,0,0,0,0,0,0,0,0,345,1,46,7,8,76,147,84,581,14,3,55,5,0,3,0,144,1,0,15,0,0,0,0,1,2,0,0,0,12,0,0,1,0,2,0,1,2,0,0,1,0,0,0,0,0,0,0,0,0,0,0,0,0,0,98,247,1,21,25,1,6,8,22,54,35,112,21,63,112,469,4,6,3,32,3,2,0,0,3,0,30,113,0,0,0,3,12,0,0,0,0,23,0,0,0,0,1,1,2,0,0,0,0,0,5,7,0,0,0,0,0,0,0,1,0,0,0,2,0,0,0,1,0,0,2,0,0,0,0,0,1,0,0,0,0,0,0,0,0,1,0,0,0,0,0,0,0,0,0,4,0,0,0,0,0,0,0,0,0,0,0,0,0,0,0,0,23,312,0,1,42,0,7,0,8,9,57,9,137,5,70,19,454,8,0,3,0,55,0,5,0,0,3,0,0,6,98,0,1,0,0,0,13,3,0,0,0,0,0,0,0,0,0,0,0,0,0,0,0,0,0,0,0,1,0,0,0,0,0,1,0,3,9,0,0,0,0,0,0,0,0,0,1,0,0,0,2,0,0,0,0,2,0,0,0,0,0,0,0,0,0,0,0,0,0,0,0,0,0,1,1,0,0,0,0,0,0,0,0,0,0,0,0,0,0,0,0,0,0,1,5,5,0,0,6,0,0,0,0,0,0,0,0,10,0,0,0,0,0,2,0,0,0,0,0,0,0,38,0,0,0,0,0,0,0,0,0,0,0,0,0,0,0,0,0,0,1,0,0,108,0,0,0,9,0,0,0,0,0,0,0,0,0,0,0,0,1,0,0,0,2,0,0,0,0,0,0,0,0,0,0,0,0,0,0,0,0,0,0,0,0,0,0,0,339,1,44,7,8,76,147,84,581,0,3,54,5,0,3,0,142,1,0,15,0,0,0,0,1,2,0,0,0,9,0,0,0,0,2,0,1,2,1,0,0,0,2,0,0,0,0,0,0,0,0,0,0,0,0,1,0,0,0,1,0,3,0,0,0,0,5,0,0,0,0,0,0,6,0,2,0,0,0,0,0,0,0,0,0,0,0,0,0,0,0,0,0,0,0,0,0,0,0,0,0,0,0,0,0,0,0,0,0,0,0,0,0,0,0,0,0,0,0,0,0,0,0,0,0,0,0,0,0,0,0,0,0,0,0,0,0,0,1,0,0,0,0,0,0,0,0,0,0,0,0,0,0,0,0,0,0,0,0,0,0,0,340,0,1,4,7,1,7,76,147,53,31,581,8,0,3,0,55,0,0,0,3,0,142,1,0,0,15,42,0,0,0,0,4,0,6,0,0,0,0,0,0,2,0,0,0,0,0,0,0,1,11,0,0,0,0,5,2,0,1,0,0,0,1,1,0,1,0,1,1,0,0,0,1,0,0,0,0,1,0,0,0,0,0,0,0,0,0,0,0,0,0,0,0,0,0,0,0,0,0,0,0,0,0,0,0,0,0,0,0,0,1,0,0,0,0,0,0,0,0,0,0,229,52,0,0,7,2,5,2,0,1,42,2,141,0,30,0,141,4,7,1,0,0,0,0,0,0,0,20,1,1,0,0,4,1,0,0,0,0,0,0,0,1,2,0,0,0,0,1,0,0,0,0,0,0,0,0,0,1,0,0,0,0,0,1,0,0,0,0,0,0,0,64,32,5,0,123,1,37,0,7,6,0,0,1,10,0,3,55,11,0,0,0,1,0,1,0,0,54,6,0,0,3,0,0,0,0,0,0,0,0,1,0,0,0,0,0,0,436,0,0,0,0,0,0,0,0,0,0,0,0,0,0,0,0,0,0,1,0,0,0,0,0,0,0,0,0,0,0,0,48,30,488,234,448,1,299,559,2,0,197,0,0,226,0,52,1,17,19,4,18,73,20,0,2,99,0,0,0,5,2,0,0,7,0,2,12,0,13,0,0,3,0,0,0,15,33,0,16,301,187,0,78,110,1,185,211,0,214,228,1,1,0,0,0,0,0,0,0,0,0,0,105,120,0,0,0,0,22,25,0,1,0,1,10,0,19,4,0,1,0,4,10,0,34,21,0,0,0,0,0,1,1,0,45,31,0,0,0,2,3,0,0,0,7,0,0,0,0,0,0,14,0,0,0,0,0,0,12,0,0,2,1,0,1,0,0,0,0,0,0,0,0,5,1,42,1,28,0,9,15,464,6,0,183,12,6,378,9,7,427,0,2,0,0,0,0,0,0,0,2,5,218,0,0,0,0,0,1,46,0,1,0,0,11,0,19,0,4,0,0,0,0,0,0,1,13,0,0,0,0,2,0,53,0,0,0,0,0,0,0,0,2,0,0,1,75,0,0,0,0,5,0,0,0,0,0,0,0,0,0,0,0,0,0,0,7,0,0,0,0,0,0,0,0,0,1,0,0,0,0,0,0,1,10,0,0,0,0,0,0,0,0,2,0,3,0,0,0,0,0,0,0,0,0,0,0,0,0,0,0,0,0,0,0,0,0,0,0,44,27,441,178,380,428,2,0,0,0,0,211,0,45,1,8,19,4,14,54,0,0,2,71,0,5,7,0,0,13,0,4,3,47,11,16,15,0,14,2,0,1,5,0,0,0,3,0,0,0,0,0,0,0,0,0,0,3,0,0,0,0,0,0,0,0,0,0,0,0,0,0,0,0,0,0,0,0,0,0,0,0,0,0,0,0,0,0,0,0,0,41,4,3,21,376,68,44,180,0,9,347,3,46,396,13,34,2,0,0,0,0,0,0,0,0,0,203,3,19,0,0,18,29,1,0,0,11,0,0,17,2,0,2,2,0,0,11,0,3,52,0,3,0,0,0,1,1,70,0,6,0,0,3,2,0,0,0,4,0,0,0,0,0,0,1,8,0,0,0,0,13,3,0,2,0,1,0,0,0,0,0,0,0,0,0,0,0,0,0,15,27,275,213,1,10,0,19,0,4,0,0,5,7,6,0,3,0,0,0,0,0,0,0,0,0,0,0,0,0,24,16,8,0,15,180,45,143,90,30,188,383,440,2,0,0,0,0,225,0,47,0,0,0,1,0,0,2,3,6,0,0,15,3,1,0,4,0,0,0,14,55,0,0,2,76,0,0,0,5,0,0,0,7,0,0,0,0,0,2,4,9,0,11,2,0,0,0,5,0,2,1,0,2,0,0,1,8,0,1,0,0,0,0,0,0,0,0,0,0,0,0,0,0,0,0,0,0,0,0,0,0,0,0,0,0,0,0,0,0,0,0,0,0,0,0,0,0,0,0,0,0,0,0,0,0,0,0,0,0,0,0,0,0,0,0,0,0,0,0,0,0,0,0,0,0,0,0,0,0,0,0,0,0,0,0,0,0,0,0,0,0,0,0,0,0,0,1,0,0,0,0,0,0,0,0,0,0,0,0,0,0,0,0,0,0,0,0,0,0,0,0,0,0,0,0,0,0,0,0,0,0,0,0,0,0,0,0,0,0,0,0,0,0,0,0,0,0,0,0,0,0,0,0,0,0,0,0,0,0,0,0,0,0,0,0,0,0,0,8,0,0,0,0,0,0,0,0,0,0,0,0,0,0,0,0,0,0,0,0,0,0,0,0,0,0,0,0,0,0,0,0,0,0,0,0,0,0,0,0,0,0,0,0,0,0,0,0,0,0,0,0,0,0,0,0,0,0,0,0,0,0,0,0,0,0,0,0,0,0,0,0,0,0,0,0,0,0,0,0,0,0,0,0,0,0,0,0,0,0,0,0,0,0,0,0,0,0,0,0,0,0,0,0,0,0,0,0,0,0,0,0,0,0,0,0,0,0,0,0,0,0,0,0,0,0,0,0,0,0,0,0,0,0,0,0,0,0,0,0,0,0,0,0,0,0,0,0,0,0,0,0,0,0,0,0,0,0,0,0,0,0,0,0,0,0,0,0,0,0,0,0,0,0,0,0,0,0,0,0,0,0,0,0,0,0,0,0,0,0,0,0,0,0,0,0,0,0,0,0,0,0,0,0,0,0,0,0,0,0,0,0,0,0,0,0,0,0,0,0,0,0,0,0,0,0,0,0,0,0,0,0,0,0,0,0,0,0,0,0,0,0,0,0,0,0,0,0,0,0,0,0,0,0,0,0,0,0,0,0,0,0,0,0,0,0,0,0,0,0,0,0,0,0,0,0,0,0,0,0,0,0,0,0,0,0,0,0,0,0,0,0,0,0,0,0,0,0,0,0,0,0,0,0,0,0,0,0,0,0,0,0,0,0,0,0,0,0,0,0,0,0,0,0,0,0,0,0,0,0,0,0,0,0,0,0,0,0,0,0,0,0,0,0,0,0,0,0,0,0,0,0,0,0,0,0,0,0,0,0,0,0,0,0,0,0,0,0,0,0,0,0,0,0,0,0,0,0,0,0,0,0,0,0,0,0,0,0,0,0,0,0,0,0,0,0,0,0,0,0,0,0,0,0,0,0,0,0,0,0,0,0,0,0,0,0,0,0,0,0,0,0,0,0,0,0,0,0,0,0,0,0,0,0,0,0,0,0,0,0,0,0,0,0,0,0,0,0,0,0,0,0,0,0,0,0,0,0,0,0,0,0,0,0,0,0,0,0,0,0,0,0,0,0,0,0,0,0,0,0,0,0,0,0,0,0,0,0,0,0,0,0,0,0,0,0,0,0,0,0,0,0,0,0,0,0,0,0,0,0,0,0,0,0,0,0,0,0,0,0,0,0,0,0,0,0,0,0,0,0,0,0,0,0,0,0,0,0,0,0,0,0,0,0,0,0,0,0,0,0,0,0,0,0,0,0,0,0,0,0,0,0,0,0,0,0,0,0,0,0,0,0,0,0,0,0,0,0,0,0,0,0,0,0,0,0,0,0,0,0,0,0,0,0,0,0,0,0,0,0,0,0,0,0,0,0,0,0,0,0,0,0,0,0,0,0,0,0,0,0,0,0,0,0,0,0,0,0,0,0,0,0,0,0,0,0,0,0,0,0,0,0,0,0,0,0,0,0,0,0,0,0,0,0,0,0,0,0,0,0,0,0,0,0,0,0,0,0,0,0,0,0,0,0,0,0,0,0,0,0,0,0,0,0,0,0,0,0,0,0,0,0,0,0,0,0,0,0,0,0,0,0,0,0,0,0,0,0,0,0,0,0,0,0,0,0,0,0,0,0,0,0,0,0,0,0,0,0,0,0,0,0,0,0,0,0,0,0,0,0,0,0,0,0,0,0,0,0,0,0,0,0,0,0,0,0,0,0,0,0,0,0,0,0,0,0,0,0,0,0,0,0,0,0,0,0,0,0,0,0,0,0,0,0,0,0,0,0,0,0,0,0,0,0,0,0,0,0,0,0,0,0,0,0,0,0,0,0,0,0,0,0,0,0,0,0,0,0,0,0,0,0,0,0,0,0,0,0,0,0,0,0,0,0,0,0,0,0,0,0,0,0,0,0,0,0,0,0,0,0,0,0,0,0,0,0,0,0,0,0,0,0,0,0,0,0,0,0,0,0,0,0,0,0,0,0,0,0,0,0,0,0,0,0,0,0,0,0,0,0,0,0,0,0,0,0,0,0,0,0,0,0,0,0,0,0,0,0,0,0,0,0,0,0,0,0,0,0,0,0,0,0,0,0,0,0,0,0,0,0,0,0,0,0,0,0,0,0,0,0,0,0,0,0,0,0,0,0,0,0,0,0,0,0,0,0,0,0,0,0,0,0,0,0,0,0,0,0,0,0,0,0,0,0,0,0,0,0,0,0,0,0,0,0,0,0,0,0,0,0,0,0,0,0,0,0,0,0,0,0,0,0,0,0,0,0,0,0,0,0,0,0,0,0,0,0,0,0,0,0,0,0,0,0,0,0,0,0,0,0,0,0,0,0,0,0,0,0,0,0,0,0,0,0,0,0,0,0,0,0,0,0,0,0,0,0,0,0,0,0,0,0,0,0,0,0,0,0,0,0,0,0,0,0,0,0,0,0,0,0,0,0,0,0,0,0,0,0,0,0,0,0,0,0,0,0,0,0,0,0,0,0,0,0,0,0,0,0,0,0,0,0,0,0,0,0,0,0,0,0,0,0,0,0,0,0,0,0,0,0,0,0,0,0,0,0,0,0,0,0,0,0,0,0,0,0,0,0,0,0,0,0,0,0,0,0,0,0,0,0,0,0,0,0,0,0,0,0,0,0,0,0,0,0,0,0,0,0,0,0,0,0,0,0,0,0,0,0,0,0,0,0,0,0,0,0,0,0,0,0,0,0,0,0,0,0,0,0,0,0,0,0,0,0,0,0,0,0,0,0,0,0,0,0,0,0,0,0,0,0,0,0,0,0,0,0,0,0,0,0,0,0,0,0,0,0,0,0,0,0,0,0,0,0,0,0,0,0,0,0,0,0,0,0,0,0,0,0,0,0,0,0,0,0,0,0,0,0,0,0,0,0,0,0,0,0,0,0,0,0,0,0,0,0,0,0,0,0,0,0,0,0,0,0,0,0,0,0,0,0,0,0,0,0,0,0,0,0,0,0,0,0,0,0,0,0,0,0,0,0,0,0,0,0,0,0,0,0,0,0,0,0,0,0,0,0,0,0,0,0,0,0,0,0,0,0,0,0,0,0,0,0,0,0,0,0,0,0,0,0,0,0,0,0,0,0,0,0,0,0,0,0,0,0,0,0,0,0,0,0,0,0,0,0,0,0,0,0,0,0,0,0,0,0,0,0,0,0,0,0,0,0,0,0,0,0,0,0,0,0,0,0,0,0,0,0,0,0,0,0,0,0,0,0,0,0,0,0,0,0,0,0,0,0,0,0,0,0,0,0,0,0,0,0,0,0,0,0,0,0,0,0,0,0,0,0,0,0,0,0,0,0,0,0,0,0,0,0,0,0,0,0,0,0,0,0,0,0,0,0,0,0,0,0,0,0,0,0,0,0,0,0,0,0,0,0,0,0,0,0,0,0,0,0,0,0,0,0,0,0,0,0,0,0,0,0,0,0,0,0,0,0,0,0,0,0,0,0,0,0,0,0,0,0,0,0,0,0,0,0,0,0,0,0,0,0,0,0,0,0,0,0,0,0,0,0,0,0,0,0,0,0,0,0,0,0,0,0,0,0,0,0,0,0,0,0,0,0,0,0,0,0,0,0,0,0,0,0,0,0,0,0,0,0,0,0,0,0,0,0,0,0,0,0,0,0,0,0,0,0,0,0,0,0,0,0,0,0,0,0,0,0,0,0,0,0,0,0,0,0,0,0,0,0,0,0,0,0,0,0,0,0,0,0,0,0,0,0,0,0,0,0,0,0,0,0,0,0,0,0,0,0,0,0,0,0,0,0,0,0,0,0,0,0,0,0,0,0,0,0,0,0,0,0,0,0,0,0,0,0,0,0,0,0,0,0,0,0,0,0,0,0,0,0,0,0,0,0,0,0,0,0,0,0,0,0,0,0,0,0,0,0,0,0,0,0,0,0,0,0,0,0,0,0,0,0,0,0,0,0,0,0,0,0,0,0,0,0,0,0,0,0,0,0,0,0,0,0,0,0,0,0,0,0,0,0,0,0,0,0,0,0,0,0,0,0,0,0,0,0,0,0,0,0,0,0,0,0,0,0,0,0,0,0,0,0,0,0,0,0,0,0,0,0,0,0,0,0,0,0,0,0,0,0,0,0,0,0,0,0,0,0,0,0,0,0,0,0,0,0,0,0,0,0,0,0,0,0,0,0,0,0,0,0,0,0,0,0,0,0,0,0,0,0,0,0,0,0,0,0,0,0,0,0,0,0,0,0,0,0,0,0,0,0,0,0,0,0,0,0,0,0,0,0,0,0,0,0,0,0,0,0,0,0,0
WV0540100,2007,Parkersburg Police Department,West Virginia,31562,36,90,527,290,577,0,208,522,0,0,182,15,0,353,5,105,1,18,11,6,17,62,27,0,2,123,0,0,0,5,3,0,0,20,1,2,17,0,20,0,0,2,0,0,0,3,31,2,0,1,0,1,15,2,0,11,6,0,0,0,0,5,20,2,13,0,2,0,0,2,0,0,0,0,0,0,0,11,0,0,25,0,0,80,0,108,0,0,418,0,1,24,266,0,0,27,549,1,0,80,128,0,30,0,492,0,0,0,0,0,0,27,155,0,0,1,14,0,0,0,0,0,5,348,0,0,5,0,8,97,0,0,0,1,0,18,0,0,11,0,0,6,0,0,0,0,0,14,0,0,59,0,0,0,27,0,0,0,2,0,0,120,0,0,0,0,0,0,5,0,0,0,3,0,0,0,0,18,0,0,2,0,9,0,0,0,0,0,0,3,0,0,0,0,0,0,0,0,0,2,0,8,19,0,0,0,0,0,0,0,3,10,0,0,0,0,0,0,0,0,0,0,0,0,0,0,0,0,1,1,0,0,3,0,0,0,0,1,0,0,1,0,0,0,0,0,0,0,0,0,0,0,0,0,0,0,0,0,0,0,0,0,0,0,0,0,0,0,0,0,0,0,0,0,0,0,0,0,0,0,0,0,0,0,0,0,0,0,0,0,0,0,0,0,0,0,0,0,0,0,0,0,0,0,0,19,1,10,0,51,339,46,96,23,227,45,10,5,249,136,16,0,25,17,159,6,242,233,33,6,0,0,0,0,0,0,0,0,0,179,5,8,0,2,0,0,0,171,55,123,3,3,0,1,1,68,5,32,0,1,0,0,5,6,7,9,0,1,5,1,0,169,3,0,0,8,1,7,1,6,49,1,0,0,25,0,0,0,2,32,86,3,0,0,0,0,0,0,3,0,2,0,0,0,3,0,0,15,3,1,0,1,0,1,2,3,10,2,0,0,13,19,0,6,0,0,0,0,0,0,0,17,3,0,0,0,0,0,0,0,0,0,0,1,1,3,0,23,0,1,6,7,1,2,0,0,8,0,0,0,2,0,6,0,0,0,0,0,1,0,0,0,0,0,0,0,0,0,1,0,0,0,0,0,0,2,0,0,0,0,0,0,0,0,0,0,0,0,0,0,0,0,0,208,0,62,0,2,0,17,0,0,0,0,0,53,92,562,340,639,0,253,574,0,0,220,15,0,371,5,108,1,19,14,7,23,69,28,0,2,140,0,0,0,7,3,0,0,23,1,5,18,0,24,0,0,2,0,0,0,10,40,3,11,74,154,389,19,34,123,183,68,181,390,0,0,0,46,206,1,104,197,273,0,0,0,0,0,0,117,96,7,1,5,9,0,0,0,14,35,322,0,0,5,1,25,82,0,0,1,1,7,11,0,12,2,7,3,13,7,20,17,32,16,10,2,0,0,0,2,37,59,44,0,0,0,0,0,0,2,4,1,0,0,0,0,0,15,4,1,0,0,0,2,3,0,1,17,0,7,0,0,0,0,0,0,21,0,0,0,3,0,4,0,0,2,0,0,0,0,0,0,0,3,0,0,0,0,0,0,0,0,0,0,4,7,42,1,66,0,23,77,461,0,13,187,140,14,403,221,0,0,18,57,178,0,17,297,260,0,0,0,0,0,0,0,4,91,125,0,10,5,0,0,2,322,47,0,5,0,4,84,20,0,1,0,1,11,7,3,2,9,0,0,7,0,0,3,8,12,1,0,1,36,32,0,1,0,0,3,25,0,0,2,0,0,4,60,76,0,0,0,0,0,3,3,1,0,0,0,0,0,0,0,0,0,0,0,0,0,3,4,16,0,0,1,0,0,0,5,2,0,16,0,25,0,0,0,0,0,0,0,0,0,0,23,0,0,0,0,0,0,0,3,0,1,0,0,0,0,0,0,0,2,0,0,0,0,0,0,0,0,0,0,0,0,0,0,0,0,0,0,0,0,0,0,0,0,0,0,0,0,0,0,0,0,0,0,0,0,0,0,0,0,0,0,0,0,0,0,0,0,0,0,0,42,4,7,71,8,439,63,60,109,24,207,175,35,429,0,0,231,22,0,192,51,331,0,0,0,0,0,0,169,38,13,3,1,11,0,0,35,7,329,0,0,5,21,4,83,0,1,6,1,12,10,0,4,6,1,0,0,0,8,6,9,30,1,38,24,0,4,0,0,0,2,71,1,68,0,0,0,0,0,6,0,1,0,0,0,0,0,17,1,5,1,0,0,4,1,0,17,0,1,13,0,0,0,0,18,3,0,0,0,3,0,0,1,0,0,3,0,0,1,0,0,0,0,0,0,0,0,0,0,291,13,107,10,30,73,205,81,497,3,7,43,14,5,6,0,84,6,2,17,2,0,0,0,0,3,0,0,0,33,0,0,3,2,7,0,3,11,0,1,0,3,0,0,1,1,0,0,0,0,0,0,0,0,0,82,208,11,41,66,4,6,29,22,51,35,170,14,67,81,416,1,2,5,24,2,12,0,5,5,0,20,64,5,0,2,3,14,2,1,0,2,19,0,0,0,0,1,0,2,0,2,0,0,1,5,28,0,0,0,1,0,0,0,2,0,2,0,7,0,0,1,2,2,0,9,0,0,0,0,1,0,0,3,0,0,0,0,0,1,0,0,0,1,0,0,0,1,0,0,0,0,0,0,0,0,0,0,0,0,0,1,0,0,0,0,0,18,224,2,11,98,0,9,3,27,5,29,7,192,13,67,5,126,3,0,7,2,41,1,13,3,0,6,0,0,0,17,2,4,0,2,2,8,8,2,0,0,0,0,0,0,0,0,0,0,0,0,0,0,0,0,0,0,3,0,0,0,0,0,0,0,4,29,0,0,0,0,0,0,0,0,3,0,0,2,2,5,1,0,0,2,11,0,0,0,0,0,0,0,2,0,0,0,0,0,0,0,0,1,0,1,0,0,0,0,0,3,0,0,0,0,0,0,0,0,0,0,0,1,6,42,6,0,0,0,0,0,0,0,0,0,0,0,39,0,0,0,0,0,0,0,0,0,0,0,0,0,67,1,0,0,0,0,0,0,0,0,0,1,0,0,0,0,0,0,0,0,1,0,363,0,0,0,1,3,0,0,0,0,0,0,0,0,0,0,0,0,0,0,0,7,0,0,0,0,0,0,0,0,0,0,0,0,0,0,0,0,0,0,0,0,0,0,0,277,11,82,9,25,72,198,74,492,0,5,37,11,2,5,0,82,4,1,17,0,0,0,0,0,3,0,0,0,17,0,0,3,1,7,0,1,9,7,2,2,2,25,5,0,2,6,0,3,0,2,0,5,0,2,0,0,0,2,6,0,15,0,1,0,0,7,0,1,1,0,0,0,0,0,0,1,0,0,0,0,0,3,0,0,0,0,2,0,0,1,0,1,1,0,0,0,0,1,0,1,0,0,3,0,0,0,0,0,0,0,0,0,0,0,0,0,0,0,0,0,1,0,0,0,0,0,3,0,0,0,0,0,0,0,0,0,0,0,0,0,0,0,0,0,0,0,0,0,0,0,0,0,0,0,0,0,0,0,0,0,0,290,10,3,40,10,16,14,73,205,63,18,497,3,3,4,0,43,2,0,4,2,0,84,3,0,2,17,67,2,3,0,0,1,0,0,0,0,0,0,0,0,1,0,0,0,0,0,0,0,10,23,0,0,0,0,12,0,0,3,0,2,0,6,1,5,0,0,0,5,0,0,0,0,0,0,0,3,6,0,2,0,0,2,0,0,0,0,0,0,0,0,0,0,0,0,0,0,1,0,0,0,0,0,1,0,0,0,0,0,0,0,0,0,0,0,0,0,0,0,0,1,170,54,10,0,44,1,5,5,21,0,34,0,189,6,63,0,118,2,3,0,2,1,1,3,0,4,0,13,1,4,0,0,7,0,2,0,0,0,0,0,0,0,1,0,0,0,0,12,1,0,0,0,0,0,0,0,0,6,1,0,0,0,0,8,0,0,0,0,0,0,0,67,39,11,0,70,3,62,0,9,10,0,1,3,10,0,4,42,20,2,0,0,0,3,3,2,0,18,0,1,0,2,2,0,0,0,0,1,0,5,1,0,0,0,0,0,0,377,0,0,0,0,2,0,0,0,0,0,0,0,0,0,0,0,0,0,0,0,0,0,0,0,0,0,0,0,0,0,0,38,116,550,312,619,0,208,534,0,0,183,15,0,371,5,105,1,19,12,7,21,64,27,0,2,128,0,0,0,5,3,0,0,27,1,2,17,0,23,0,0,2,0,0,0,8,30,0,65,342,208,0,119,135,0,238,284,1,204,177,0,0,0,0,0,1,2,0,4,4,0,0,185,174,0,2,3,0,34,53,0,0,1,5,9,0,12,3,4,0,0,7,10,0,12,17,0,1,1,0,0,1,1,0,35,34,0,0,0,3,2,0,0,0,23,1,0,1,1,0,0,51,4,0,0,0,0,0,18,0,0,1,5,0,1,0,0,0,0,0,0,0,0,4,0,34,3,99,0,7,58,485,9,3,242,4,12,507,3,7,371,0,0,0,0,0,3,1,7,0,3,5,351,0,0,1,4,1,32,54,0,1,2,0,12,0,12,0,7,0,0,0,0,0,1,1,15,0,0,0,1,0,0,28,0,0,0,0,2,0,0,0,2,0,1,1,67,0,0,0,0,5,0,0,0,0,0,0,0,0,0,0,0,0,0,0,27,0,1,0,0,0,0,2,0,0,14,0,0,0,0,0,0,0,23,0,0,0,0,0,0,0,0,0,0,1,0,0,0,0,1,0,0,0,0,0,0,0,0,0,0,0,0,0,0,0,0,0,0,9,57,217,35,93,44,0,0,1,1,0,64,2,67,0,2,1,1,1,3,0,0,0,12,0,0,2,0,0,9,0,29,59,333,219,429,336,7,295,20,25,26,57,3,5,0,2,0,0,0,0,0,0,0,16,1,0,12,14,0,1,11,0,0,0,2,0,6,0,1,2,2,0,1,0,0,2,0,0,0,0,0,0,0,0,0,0,0,0,0,0,32,3,3,76,434,91,25,238,3,13,479,6,38,349,12,20,0,0,0,0,0,3,0,8,0,0,332,5,22,4,0,18,69,1,0,0,13,1,0,8,4,0,3,4,0,0,16,0,1,28,0,1,2,0,0,2,0,62,3,4,0,0,4,1,0,0,1,19,1,1,0,1,0,0,9,31,0,0,0,0,20,8,0,1,0,1,0,3,0,0,0,0,0,0,0,0,0,0,0,14,12,302,248,2,11,0,12,0,7,0,0,5,27,12,0,2,1,0,0,0,0,0,0,0,0,0,0,1,1,22,8,6,10,39,218,81,167,60,24,252,514,373,0,0,3,8,0,359,5,87,0,0,0,1,0,0,5,1,8,0,0,9,1,2,1,6,0,0,0,17,29,2,0,2,69,0,0,0,3,1,1,1,19,1,6,1,0,2,25,15,27,0,21,0,0,0,0,7,0,2,0,0,5,0,0,0,2,0,3,0,0,0,0,0,2,0,0,2,0,0,0,0,0,0,0,0,0,0,0,0,0,0,0,0,0,0,0,0,0,0,0,0,0,0,0,0,0,0,0,0,0,0,0,0,0,0,0,0,0,0,0,0,0,0,0,0,0,0,0,0,0,0,0,0,0,0,0,0,0,0,0,0,0,0,0,0,0,0,0,0,0,0,0,0,0,0,0,0,0,0,0,0,0,0,0,0,0,0,0,0,0,0,0,0,0,0,0,0,0,0,0,0,0,0,0,0,0,0,0,0,0,0,0,0,0,0,0,0,0,0,0,0,0,0,0,0,0,0,0,0,0,0,0,0,0,0,0,0,0,0,0,0,0,0,0,0,0,2,3,0,0,0,0,0,0,0,0,0,0,0,0,0,0,0,0,0,0,0,0,0,0,0,0,0,0,1,0,0,0,0,0,0,0,0,0,0,0,0,0,0,0,0,0,0,0,0,0,1,1,0,0,0,0,0,0,0,0,0,0,0,0,0,0,0,0,0,0,0,0,0,0,0,0,0,0,0,0,0,0,0,0,0,0,0,0,0,0,0,0,0,0,0,0,0,0,0,0,0,0,0,0,0,0,0,0,0,0,0,0,0,0,0,0,0,0,0,0,0,0,0,0,0,0,0,0,0,0,0,0,0,0,0,0,0,0,0,0,0,0,0,0,0,0,0,0,0,0,0,0,0,0,0,0,0,0,0,0,0,0,0,0,0,0,0,0,0,0,0,0,0,0,0,0,0,0,0,0,0,0,0,0,0,0,0,0,0,0,0,0,0,0,0,0,0,0,0,0,0,0,0,0,0,0,0,0,0,0,0,0,0,0,0,0,0,0,0,0,0,0,0,0,0,0,0,0,0,0,0,0,0,0,0,0,0,0,0,0,0,0,0,0,0,0,0,0,0,0,0,0,0,0,0,0,0,0,0,0,0,0,0,0,0,0,0,0,0,0,0,0,0,0,0,0,0,0,0,0,0,0,0,0,0,0,0,0,0,0,0,0,0,0,0,0,0,0,0,0,0,0,0,0,0,0,0,0,0,0,0,0,0,0,0,0,0,0,0,0,0,0,0,0,0,0,0,0,0,0,0,0,0,0,0,0,0,0,0,0,0,0,0,0,0,0,0,0,0,0,0,0,0,0,0,0,0,0,0,0,0,0,0,0,0,0,0,0,0,0,0,0,0,0,0,0,0,0,0,0,0,0,0,0,0,0,0,0,0,0,0,0,0,0,0,0,0,0,0,0,0,0,0,0,0,0,0,0,0,0,0,0,0,0,0,0,0,0,0,0,0,0,0,0,0,0,0,0,0,0,0,0,0,0,0,0,0,0,0,0,0,0,0,0,0,0,0,0,0,0,0,0,0,0,0,0,0,0,0,0,0,0,0,0,0,0,0,0,0,0,0,0,0,0,0,0,0,0,0,0,0,0,0,0,0,0,0,0,0,0,0,0,0,0,0,0,0,0,0,0,0,0,0,0,0,0,0,0,0,0,0,0,0,0,0,0,0,0,0,0,0,0,0,0,0,0,0,0,0,0,0,0,0,0,0,0,0,0,0,0,0,0,0,0,0,0,0,0,0,0,0,0,0,0,0,0,0,0,0,0,0,0,0,0,0,0,0,0,0,0,0,0,0,0,0,0,0,0,0,0,0,0,0,0,0,0,0,0,0,0,0,0,0,0,0,0,0,0,0,0,0,0,0,0,0,0,0,0,0,0,0,0,0,0,0,0,0,0,0,0,0,0,0,0,0,0,0,0,0,0,0,0,0,0,0,0,0,0,0,0,0,0,0,0,0,0,0,0,0,0,0,0,0,0,0,0,0,0,0,0,0,0,0,0,0,0,0,0,0,0,0,0,0,0,0,0,0,0,0,0,0,0,0,0,0,0,0,0,0,0,0,0,0,0,0,0,0,0,0,0,0,0,0,0,0,0,0,0,0,0,0,0,0,0,0,0,0,0,0,0,0,0,0,0,0,0,0,0,0,0,0,0,0,0,0,0,0,0,0,0,0,0,0,0,0,0,0,0,0,0,0,0,0,0,0,0,0,0,0,0,0,0,0,0,0,0,0,0,0,0,0,0,0,0,0,0,0,0,0,0,0,0,0,0,0,0,0,0,0,0,0,0,0,0,0,0,0,0,0,0,0,0,0,0,0,0,0,0,0,0,0,0,0,0,0,0,0,0,0,0,0,0,0,0,0,0,0,0,0,0,0,0,0,0,0,0,0,0,0,0,0,0,0,0,0,0,0,0,0,0,0,0,0,0,0,0,0,0,0,0,0,0,0,0,0,0,0,0,0,0,0,0,0,0,0,0,0,0,0,0,0,0,0,0,0,0,0,0,0,0,0,0,0,0,0,0,0,0,0,0,0,0,0,0,0,0,0,0,0,0,0,0,0,0,0,0,0,0,0,0,0,0,0,0,0,0,0,0,0,0,0,0,0,0,0,0,0,0,0,0,0,0,0,0,0,0,0,0,0,0,0,0,0,0,0,0,0,0,0,0,0,0,0,0,0,0,0,0,0,0,0,0,0,0,0,0,0,0,0,0,0,0,0,0,0,0,0,0,0,0,0,0,0,0,0,0,0,0,0,0,0,0,0,0,0,0,0,0,0,0,0,0,0,0,0,0,0,0,0,0,0,0,0,0,0,0,0,0,0,0,0,0,0,0,0,0,0,0,0,0,0,0,0,0,0,0,0,0,0,0,0,0,0,0,0,0,0,0,0,0,0,0,0,0,0,0,0,0,0,0,0,0,0,0,0,0,0,0,0,0,0,0,0,0,0,0,0,0,0,0,0,0,0,0,0,0,0,0,0,0,0,0,0,0,0,0,0,0,0,0,0,0,0,0,0,0,0,0,0,0,0,0,0,0,0,0,0,0,0,0,0,0,0,0,0,0,0,0,0,0,0,0,0,0,0,0,0,0,0,0,0,0,0,0,0,0,0,0,0,0,0,0,0,0,0,0,0,0,0,0,0,0,0,0,0,0,0,0,0,0,0,0,0,0,0,0,0,0,0,0,0,0,0,0,0,0,0,0,0,0,0,0,0,0,0,0,0,0,0,0,0,0,0,0,0,0,0,0,0,0,0,0,0,0,0,0,0,0,0,0,0,0,0,0,0,0,0,0,0,0,0,0,0,0,0,0,0,0,0,0,0,0,0,0,0,0,0,0,0,0,0,0,0,0,0,0,0,0,0,0,0,0,0,0,0,0,0,0,0,0,0,0,0,0,0,0,0,0,0,0,0,0,0,0,0,0,0,0,0,0,0,0,0,0,0,0,0,0,0,0,0,0,0,0,0,0,0,0,0,0,0,0,0,0,0,0,0,0,0,0,0,0,0,0,0,0,0,0,0,0,0,0,0,0,0,0,0,0,0,0,0,0,0,0,0,0,0,0,0,0,0,0,0,0,0,0,0,0,0,0,0,0,0,0,0,0,0,0,0,0,0,0,0,0,0,0,0,0,0,0,0,0,0,0,0,0,0,0,0,0,0,0,0,0,0,0,0,0,0,0,0,0,0,0,0,0,0,0,0,0,0,0,0,0,0,0,0,0,0,0,0,0,0,0,0,0,0,0,0,0,0,0,0,0,0,0,0,0,0,0,0,0,0,0,0,0,0,0,0,0,0,0,0,0,0,0,0,0,0,0,0,0,0,0,0,0,0,0,0,0,0,0,0,0,0,0,0,0,0,0,0,0,0,0,0,0,0,0,0,0,0,0,0,0,0,0,0,0,0,0,0,0,0,0,0,0,0,0,0,0,0,0,0,0,0,0,0,0,0,0,0,0,0,0,0,0,0,0,0,0,0,0,0,0,0,0,0,0,0,0,0,0,0,0,0,0,0,0,0,0,0,0,0,0,0,0,0,0,0,0,0,0,0,0,0,0,0,0,0,0,0,0,0,0,0,0,0,0,0,0,0,0,0,0,0,0,0,0,0,0,0,0,0,0,0,0,0,0,0,0,0,0,0,0,0,0,0,0,0,0,0,0,0,0,0,0,0,0,0,0,0,0,0,0,0,0,0,0,0,0,0,0,0,0,0,0,0,0,0,0,0,0,0,0,0,0,0,0,0,0,0,0,0,0,0,0,0,0,0,0,0,0,0,0,0,0,0,0,0,0,0,0,0,0,0,0,0,0,0,0,0,0,0,0,0,0,0,0,0,0,0,0,0,0,0,0,0,0,0,0,0,0,0,0,0,0,0,0,0,0,0,0,0,0,0,0,0,0,0,0,0,0,0,0,0,0,0,0,0,0,0,0,0,0,0,0,0,0,0,0,0,0,0,0,0,0,0,0,0,0,0,0,0,0,0,0,0,0,0,0,0,0,0,0,0,0,0,0,0,0,0,0,0,0,0,0,0,0,0,0,0,0,0,0,0,0,0,0,0,0,0,0,0,0,0,0,0,0,0,0,0,0,0,0,0,0,0,0,0,0,0,0,0,0,0,0,0,0,0,0,0,0,0,0,0,0,0,0,0,0,0,0,0,0,0,0,0,0,0,0,0,0,0,0,0,0,0,0,0,0,0,0,0,0,0,0,0,0,0,0,0,0,0,0,0,0,0,0,0,0,0,0,0,0,0,0,0,0,0,0,0,0,0,0,0,0,0,0,0,0,0,0,0,0,0,0,0
WV0540100,2006,Parkersburg Police Department,West Virginia,32048,42,126,597,393,609,0,171,525,2,3,106,108,0,441,25,118,2,27,16,6,28,80,12,0,3,135,2,0,0,6,2,1,0,15,1,11,22,0,13,0,0,1,0,0,0,6,32,4,0,2,0,3,23,1,0,16,6,0,0,0,0,6,15,3,15,0,4,0,0,1,0,0,0,0,0,0,0,9,0,0,33,0,0,116,0,145,0,0,452,0,0,12,381,0,0,18,591,0,0,73,98,0,20,0,505,0,0,2,0,3,0,31,75,0,0,6,102,0,0,0,0,0,2,439,0,0,25,0,5,113,0,0,0,2,4,23,0,0,14,0,0,6,0,0,0,0,0,27,0,0,76,0,0,0,12,0,0,0,3,0,0,135,0,0,2,0,0,0,5,0,0,0,2,1,0,0,0,13,0,1,10,0,12,0,0,0,0,2,0,4,0,0,0,0,0,0,0,0,0,2,1,10,13,0,0,0,0,0,1,0,1,10,0,0,0,0,0,0,0,0,0,0,0,0,0,0,0,0,0,0,0,0,0,0,0,0,0,1,0,0,0,0,0,0,0,0,0,0,0,0,0,0,0,0,0,0,0,0,0,0,0,0,0,0,0,0,0,0,0,0,0,0,0,0,0,0,0,0,0,0,0,0,0,0,0,0,0,0,0,0,0,0,0,0,0,0,0,0,0,0,0,0,0,0,0,32,3,7,0,82,377,54,133,16,291,86,8,3,324,101,13,0,26,25,106,12,225,251,22,12,2,0,0,0,0,3,0,0,1,104,29,67,2,7,0,0,0,232,46,157,1,10,1,14,0,65,5,44,1,2,0,0,5,13,9,15,1,0,5,1,0,160,1,0,0,19,4,4,1,19,57,1,0,0,12,0,0,2,1,41,91,1,0,1,1,0,0,0,3,1,2,0,0,0,2,1,0,10,4,1,0,4,4,3,2,2,13,5,0,0,21,20,0,2,0,0,0,0,0,0,0,9,4,0,0,0,0,0,0,0,0,0,0,0,0,5,0,17,3,1,3,11,2,2,0,0,15,0,0,0,1,0,0,3,0,0,0,0,5,0,0,0,0,0,0,0,0,0,0,0,0,0,0,0,0,0,0,0,1,0,0,0,0,0,0,0,0,0,0,0,0,0,0,171,0,80,0,11,0,22,0,0,0,0,0,48,128,646,427,662,0,211,591,2,10,126,122,0,447,26,121,2,34,20,6,34,89,13,0,3,151,2,0,0,7,2,1,0,16,1,14,24,0,13,0,0,1,0,0,0,5,41,2,25,100,203,412,31,28,131,268,49,184,429,0,0,0,37,174,0,125,156,310,0,0,2,0,7,3,55,64,7,25,40,57,0,0,0,5,27,415,0,4,22,5,26,90,1,0,1,1,18,15,0,19,1,6,2,10,22,25,42,22,5,8,0,0,1,1,1,54,65,32,0,1,1,0,0,0,3,2,2,0,1,0,0,0,12,2,1,0,0,0,4,10,0,0,24,0,3,0,0,0,0,0,0,13,0,0,0,1,0,2,0,0,1,0,1,0,0,0,0,0,0,0,0,0,0,0,0,0,0,0,0,5,5,38,3,92,0,36,150,460,0,8,278,141,9,441,212,0,0,19,4,188,0,16,328,247,0,2,0,0,2,8,0,2,10,114,1,59,61,0,0,2,418,27,0,22,4,6,91,24,0,1,1,3,15,16,2,4,14,0,0,6,0,0,2,22,10,0,0,3,27,59,0,0,0,1,2,10,0,0,1,2,0,2,46,103,0,1,0,0,0,0,3,4,0,0,0,0,0,0,0,0,0,1,0,0,0,0,2,14,0,0,1,0,0,0,14,2,1,21,0,33,1,0,1,0,0,0,0,0,0,3,8,0,0,0,0,0,0,0,1,0,2,0,0,0,0,0,0,0,1,0,0,0,0,0,0,0,0,0,0,0,0,0,0,0,0,0,0,0,0,0,0,0,0,0,0,0,0,0,0,0,0,0,0,0,0,0,0,0,0,0,0,0,0,0,1,0,0,0,0,0,45,0,3,117,2,518,54,74,121,14,292,171,40,451,0,0,185,24,2,216,19,356,0,0,2,0,0,10,83,35,8,38,10,74,0,0,20,3,424,4,0,22,22,5,94,1,1,16,2,16,11,6,3,6,0,0,0,0,7,3,24,50,1,38,11,0,2,0,2,0,1,94,0,57,1,1,0,0,0,4,0,3,0,1,0,0,0,10,2,4,1,0,0,14,0,0,23,1,0,9,0,0,0,0,9,1,0,0,0,2,0,0,1,0,0,3,0,0,0,0,0,0,0,0,0,0,0,0,0,294,10,149,3,13,49,244,83,575,4,5,39,20,0,2,0,72,6,9,20,1,0,0,0,0,3,0,0,0,18,0,0,1,4,7,2,0,11,0,0,1,0,0,0,0,5,0,0,0,0,1,0,0,0,0,78,213,10,65,84,0,3,10,12,36,61,183,12,71,116,458,2,2,4,13,10,10,0,0,2,0,19,53,4,0,9,4,16,0,3,0,1,26,0,0,0,0,2,0,1,0,1,0,0,2,7,11,0,0,0,0,0,0,0,1,2,2,1,6,0,2,0,0,2,0,9,0,0,0,0,0,1,0,0,0,0,1,0,0,3,0,0,0,4,0,0,0,0,0,0,0,0,0,1,0,0,0,1,0,0,0,0,0,0,0,0,0,14,267,0,10,138,0,3,0,11,3,43,12,228,12,71,16,533,4,1,4,1,38,0,20,0,0,2,0,0,3,67,0,6,1,8,0,19,11,0,1,0,0,0,0,0,0,0,0,0,0,0,0,0,0,0,0,0,3,0,0,0,0,0,0,0,1,17,0,0,0,0,0,0,0,0,1,0,0,4,0,7,0,0,0,0,11,0,0,2,0,0,0,0,0,0,0,0,0,1,0,1,0,0,1,0,0,0,0,0,0,0,0,0,0,0,0,0,0,0,0,0,0,0,3,6,7,0,0,0,0,0,0,0,0,0,0,0,2,0,0,0,0,0,0,0,0,0,0,0,0,0,2,5,0,0,0,0,0,0,0,0,0,0,0,0,0,0,0,0,0,0,0,0,24,0,0,0,0,2,0,0,0,0,1,2,0,0,0,0,0,0,0,0,0,1,0,0,0,0,0,0,0,0,0,0,0,0,0,0,0,0,0,0,0,0,0,0,0,275,7,96,3,8,46,238,72,558,0,3,31,9,0,2,0,71,4,9,19,0,0,0,0,0,3,0,0,0,7,0,0,0,3,4,2,0,9,10,11,2,2,53,3,2,3,11,0,11,0,1,0,2,0,2,1,1,3,2,8,0,11,0,1,0,0,7,0,0,0,0,1,1,0,0,0,0,0,0,1,2,0,0,0,0,0,0,0,0,0,0,0,0,0,0,2,0,0,0,0,0,0,0,0,0,0,0,0,0,0,0,0,0,0,0,0,0,0,0,0,0,3,0,0,0,0,0,2,0,0,0,4,0,2,0,0,0,0,1,0,0,0,0,1,0,0,0,0,0,0,0,0,0,0,0,0,0,0,0,0,0,0,293,7,3,65,3,7,6,49,244,60,23,575,4,3,2,4,35,7,0,1,1,0,72,4,8,1,20,84,1,2,0,0,1,0,0,0,0,0,0,0,0,2,0,0,0,0,0,0,0,7,11,0,0,0,0,13,0,0,1,2,2,0,1,6,0,0,2,0,9,0,0,0,0,0,0,1,0,2,0,1,0,0,0,0,0,0,0,0,0,0,0,0,0,0,0,0,0,0,0,0,1,0,0,0,0,0,0,0,0,1,0,0,0,0,0,0,0,0,0,0,4,239,4,7,0,67,0,3,0,7,0,29,0,239,0,58,0,173,0,4,0,3,0,4,7,0,1,0,14,0,2,8,0,5,0,1,0,0,0,0,0,0,0,2,0,0,0,0,6,0,0,0,0,0,0,0,2,0,3,0,0,0,0,0,10,0,0,0,0,2,0,0,51,20,13,0,58,1,82,0,6,5,0,4,1,15,0,2,35,12,2,0,1,0,0,3,1,0,25,0,0,0,1,1,0,0,0,0,0,0,0,4,0,0,0,0,0,0,402,0,0,0,0,0,0,0,0,0,0,0,0,0,0,0,0,0,0,0,0,0,0,0,0,0,0,0,0,0,0,0,48,134,654,430,651,0,171,541,2,3,107,112,0,462,26,120,2,33,16,6,32,87,13,0,3,138,2,0,0,8,2,1,0,17,2,11,22,0,13,0,0,1,0,0,0,17,31,0,92,391,263,0,160,175,0,253,303,0,207,159,0,2,0,2,0,2,0,0,30,25,0,0,235,213,0,15,11,0,49,58,1,0,2,9,12,0,16,2,4,0,1,8,21,0,30,34,0,0,1,0,0,1,2,0,41,28,0,1,1,2,6,0,0,0,12,2,0,3,5,0,0,42,5,0,0,0,0,0,13,0,0,1,0,0,0,0,0,0,0,0,0,0,0,1,0,47,3,92,0,14,124,515,8,8,318,10,16,530,7,11,348,0,2,0,3,0,2,5,49,0,4,12,432,0,1,0,25,2,53,53,0,2,3,0,18,0,16,0,6,0,0,0,0,1,1,1,27,0,1,1,0,0,1,63,0,0,0,0,1,0,0,1,2,0,1,1,66,0,2,0,0,8,0,0,0,0,0,0,0,0,0,0,0,0,0,1,16,0,2,0,0,1,0,7,0,0,39,0,0,0,0,0,0,0,13,0,0,0,0,0,0,0,0,0,0,1,0,0,0,0,0,0,0,0,0,0,0,0,0,0,0,0,0,1,0,0,0,0,0,21,74,341,89,194,109,1,0,1,14,0,141,6,73,1,7,2,0,8,17,1,0,2,21,1,4,3,0,3,3,0,27,60,313,245,362,257,41,307,35,14,47,48,20,4,0,0,0,1,0,0,0,0,0,21,0,1,14,10,0,0,14,1,0,0,1,3,6,0,2,5,1,0,1,1,0,0,0,0,0,0,0,0,0,0,0,0,0,0,0,0,41,5,2,116,508,110,36,322,3,10,513,11,32,339,17,10,2,0,0,2,1,2,0,48,1,0,424,7,17,26,0,40,67,2,0,0,20,1,0,12,4,0,1,5,0,1,25,0,4,59,1,4,1,0,0,3,0,65,0,4,2,0,8,0,0,6,0,10,2,6,0,2,0,0,10,8,0,0,0,0,13,7,0,1,0,0,0,0,0,0,0,0,0,0,0,0,0,0,0,5,28,364,290,4,16,3,13,0,6,0,1,7,16,15,0,0,1,1,1,0,0,0,0,0,0,0,0,6,2,23,6,11,17,30,236,110,198,69,41,324,534,364,2,3,2,55,0,448,26,108,0,0,1,1,0,0,4,7,10,1,0,12,2,1,2,3,0,0,1,29,64,1,0,3,69,2,3,0,1,0,4,5,8,1,3,2,0,8,68,6,13,1,10,1,0,0,1,17,0,0,0,0,1,2,0,7,3,0,1,0,0,0,0,0,0,0,0,3,0,0,0,1,1,0,0,0,0,0,0,0,0,0,0,0,0,0,0,0,0,0,0,0,0,0,0,0,0,0,0,0,0,0,0,0,0,0,0,0,0,0,0,0,0,0,0,0,0,0,0,0,0,0,0,0,0,0,0,0,0,0,0,0,0,0,0,0,0,0,0,0,0,0,0,0,0,0,0,0,0,0,0,0,0,0,0,0,0,0,0,0,0,0,0,0,0,1,0,0,0,0,0,0,0,0,0,0,0,0,0,0,0,0,0,0,0,0,0,0,0,0,0,0,0,0,0,0,0,0,0,0,0,0,0,0,0,0,0,0,0,0,0,0,0,0,0,0,0,1,4,0,0,0,0,0,0,0,0,0,0,0,0,0,0,0,0,0,0,0,0,0,0,0,0,0,0,0,0,0,0,0,0,0,0,0,0,0,0,0,0,0,0,1,0,1,0,0,0,0,4,0,0,0,0,0,0,0,0,0,0,0,0,0,0,0,0,0,0,0,0,0,0,0,0,0,0,0,0,0,0,0,0,0,0,0,0,0,0,0,0,0,0,0,0,0,0,0,0,0,0,0,0,0,0,0,0,0,0,0,0,0,0,0,0,0,0,0,0,0,0,0,0,0,0,0,0,0,0,0,0,0,0,0,0,0,0,0,0,0,0,0,0,0,0,0,0,0,0,0,0,0,0,0,0,0,0,0,0,0,0,0,0,0,0,0,0,0,0,0,0,0,0,0,0,0,0,0,0,0,0,0,0,0,0,0,0,0,0,0,0,0,0,0,0,0,0,0,0,0,0,0,0,0,0,0,0,0,0,0,0,0,0,0,0,0,0,0,0,0,0,0,0,0,0,0,0,0,0,0,0,0,0,0,0,0,0,0,0,0,0,0,0,0,0,0,0,0,0,0,0,0,0,0,0,0,0,0,0,0,0,0,0,0,0,0,0,0,0,0,0,0,0,0,0,0,0,0,0,0,0,0,0,0,0,0,0,0,0,0,0,0,0,0,0,0,0,0,0,0,0,0,0,0,0,0,0,0,0,0,0,0,0,0,0,0,0,0,0,0,0,0,0,0,0,0,0,0,0,0,0,0,0,0,0,0,0,0,0,0,0,0,0,0,0,0,0,0,0,0,0,0,0,0,0,0,0,0,0,0,0,0,0,0,0,0,0,0,0,0,0,0,0,0,0,0,0,0,0,0,0,0,0,0,0,0,0,0,0,0,0,0,0,0,0,0,0,0,0,0,0,0,0,0,0,0,0,0,0,0,0,0,0,0,0,0,0,0,0,0,0,0,0,0,0,0,0,0,0,0,0,0,0,0,0,0,0,0,0,0,0,0,0,0,0,0,0,0,0,0,0,0,0,0,0,0,0,0,0,0,0,0,0,0,0,0,0,0,0,0,0,0,0,0,0,0,0,0,0,0,0,0,0,0,0,0,0,0,0,0,0,0,0,0,0,0,0,0,0,0,0,0,0,0,0,0,0,0,0,0,0,0,0,0,0,0,0,0,0,0,0,0,0,0,0,0,0,0,0,0,0,0,0,0,0,0,0,0,0,0,0,0,0,0,0,0,0,0,0,0,0,0,0,0,0,0,0,0,0,0,0,0,0,0,0,0,0,0,0,0,0,0,0,0,0,0,0,0,0,0,0,0,0,0,0,0,0,0,0,0,0,0,0,0,0,0,0,0,0,0,0,0,0,0,0,0,0,0,0,0,0,0,0,0,0,0,0,0,0,0,0,0,0,0,0,0,0,0,0,0,0,0,0,0,0,0,0,0,0,0,0,0,0,0,0,0,0,0,0,0,0,0,0,0,0,0,0,0,0,0,0,0,0,0,0,0,0,0,0,0,0,0,0,0,0,0,0,0,0,0,0,0,0,0,0,0,0,0,0,0,0,0,0,0,0,0,0,0,0,0,0,0,0,0,0,0,0,0,0,0,0,0,0,0,0,0,0,0,0,0,0,0,0,0,0,0,0,0,0,0,0,0,0,0,0,0,0,0,0,0,0,0,0,0,0,0,0,0,0,0,0,0,0,0,0,0,0,0,0,0,0,0,0,0,0,0,0,0,0,0,0,0,0,0,0,0,0,0,0,0,0,0,0,0,0,0,0,0,0,0,0,0,0,0,0,0,0,0,0,0,0,0,0,0,0,0,0,0,0,0,0,0,0,0,0,0,0,0,0,0,0,0,0,0,0,0,0,0,0,0,0,0,0,0,0,0,0,0,0,0,0,0,0,0,0,0,0,0,0,0,0,0,0,0,0,0,0,0,0,0,0,0,0,0,0,0,0,0,0,0,0,0,0,0,0,0,0,0,0,0,0,0,0,0,0,0,0,0,0,0,0,0,0,0,0,0,0,0,0,0,0,0,0,0,0,0,0,0,0,0,0,0,0,0,0,0,0,0,0,0,0,0,0,0,0,0,0,0,0,0,0,0,0,0,0,0,0,0,0,0,0,0,0,0,0,0,0,0,0,0,0,0,0,0,0,0,0,0,0,0,0,0,0,0,0,0,0,0,0,0,0,0,0,0,0,0,0,0,0,0,0,0,0,0,0,0,0,0,0,0,0,0,0,0,0,0,0,0,0,0,0,0,0,0,0,0,0,0,0,0,0,0,0,0,0,0,0,0,0,0,0,0,0,0,0,0,0,0,0,0,0,0,0,0,0,0,0,0,0,0,0,0,0,0,0,0,0,0,0,0,0,0,0,0,0,0,0,0,0,0,0,0,0,0,0,0,0,0,0,0,0,0,0,0,0,0,0,0,0,0,0,0,0,0,0,0,0,0,0,0,0,0,0,0,0,0,0,0,0,0,0,0,0,0,0,0,0,0,0,0,0,0,0,0,0,0,0,0,0,0,0,0,0,0,0,0,0,0,0,0,0,0,0,0,0,0,0,0,0,0,0,0,0,0,0,0,0,0,0,0,0,0,0,0,0,0,0,0,0,0,0,0,0,0,0,0,0,0,0,0,0,0,0,0,0,0,0,0,0,0,0,0,0,0,0,0,0,0,0,0,0,0,0,0,0,0,0,0,0,0,0,0,0,0,0,0,0,0,0,0,0,0,0,0,0,0,0,0,0,0,0,0,0,0,0,0,0,0,0,0,0,0,0,0,0,0,0,0,0,0,0,0,0,0,0,0,0,0,0,0,0,0,0,0,0,0,0,0,0,0,0,0,0,0,0,0,0,0,0,0,0,0,0,0,0,0,0,0,0,0,0,0,0,0,0,0,0,0,0,0,0,0,0,0,0,0,0,0,0,0,0,0,0,0,0,0,0,0,0,0,0,0,0,0,0,0,0,0,0,0,0,0,0,0,0,0,0,0,0,0,0,0,0,0,0,0,0,0,0,0,0,0,0,0,0,0,0,0,0,0,0,0,0,0,0,0,0,0,0,0,0,0,0,0,0,0,0,0,0,0,0,0,0,0,0,0,0,0,0,0,0,0,0,0,0,0,0,0,0,0,0,0,0,0,0,0,0,0,0,0,0,0,0,0,0,0,0,0,0,0,0,0,0,0,0,0,0,0,0,0,0,0,0,0,0,0,0,0,0,0,0,0,0,0,0,0,0,0,0,0,0,0,0,0,0,0,0,0,0,0,0,0,0,0,0,0,0,0,0,0,0,0,0,0,0,0,0,0,0,0,0,0,0,0,0,0,0,0,0,0,0,0,0,0,0,0,0,0,0,0,0,0,0,0,0,0,0,0,0,0,0,0,0,0,0,0,0,0,0,0,0,0,0,0,0,0,0,0,0,0,0,0,0,0,0,0,0,0,0,0,0,0,0,0,0,0,0,0,0,0,0,0,0,0,0,0,0,0,0,0,0,0,0,0,0,0,0,0,0,0,0,0,0,0,0,0,0,0,0,0,0,0,0,0,0,0,0,0,0,0,0,0,0,0,0,0,0,0,0,0,0,0,0,0,0,0,0,0,0,0,0,0,0,0,0,0,0,0,0,0,0,0,0,0,0,0,0,0,0,0,0,0,0,0,0,0,0,0,0,0,0,0,0,0,0,0,0,0,0,0,0,0,0,0,0,0,0,0,0,0,0,0,0,0,0,0,0,0,0,0,0,0,0,0,0,0,0,0,0,0,0,0,0,0,0,0,0,0,0,0,0,0,0,0,0,0,0,0,0,0,0,0,0,0,0,0,0,0,0,0,0,0,0,0,0,0,0,0,0,0,0,0,0,0,0,0,0,0,0,0,0,0,0,0,0,0,0,0,0,0,0,0,0,0,0,0,0,0,0,0,0,0,0,0,0,0,0,0,0,0,0,0,0,0,0,0,0,0,0,0,0,0,0,0,0,0,0,0,0,0,0,0,0,0,0,0,0,0,0,0,0,0,0,0,0,0,0,0,0,0,0,0,0,0,0,0,0,0,0,0,0,0,0,0,0,0,0,0,0,0,0,0,0,0,0,0,0,0,0,0,0,0,0,0,0,0,0,0,0,0,0,0,0,0,0,0,0,0,0,0,0,0,0,0,0,0,0,0,0,0,0,0,0,0,0,0,0,0,0,0,0,0,0,0,0,0,0,0,0,0,0,0,0,0,0,0,0,0,0,0,0,0,0,0,0,0,0,0,0,0,0,0,0,0,0,0,0,0,0,0,0,0,0,0,0,0
WV0540100,2005,Parkersburg Police Department,West Virginia,32186,79,81,710,350,534,0,211,157,4,7,122,439,3,463,6,104,2,30,12,5,25,105,13,0,3,123,1,0,0,7,1,0,1,12,1,5,16,0,21,0,0,2,0,0,0,18,54,7,1,0,1,3,24,3,0,12,5,0,0,0,0,7,12,5,11,0,0,0,0,2,0,0,0,0,0,0,0,15,0,0,64,0,0,62,0,163,0,0,546,1,0,18,332,0,0,36,498,0,0,103,108,0,7,0,150,0,0,4,0,7,0,34,88,0,0,21,418,0,0,0,3,0,11,452,0,0,6,0,4,99,1,0,0,1,5,25,0,0,11,0,0,4,0,0,0,0,1,24,0,0,102,0,0,0,11,0,0,0,3,0,0,119,0,0,0,0,0,0,6,0,0,0,1,0,0,0,0,9,1,1,4,0,10,0,0,0,0,1,0,3,0,0,0,0,0,0,0,0,1,0,1,6,16,0,0,0,0,0,1,0,1,19,0,0,0,0,0,0,2,0,0,0,0,0,0,0,0,0,0,0,0,2,4,1,0,0,0,2,0,0,5,0,0,0,0,0,0,0,0,0,1,0,0,0,0,0,0,0,0,0,0,0,0,0,0,0,0,0,0,0,0,0,0,0,0,0,0,0,0,0,0,0,0,0,0,0,0,0,0,0,0,0,0,0,0,0,0,0,0,0,0,0,0,0,0,35,12,29,0,33,472,64,126,26,253,71,16,7,230,97,15,0,25,29,139,17,61,77,16,3,1,1,1,0,0,4,2,0,1,121,183,222,6,17,0,2,1,194,41,216,1,2,1,3,0,54,8,40,1,1,0,1,2,18,8,9,2,1,5,0,0,182,0,0,0,18,3,4,0,24,73,3,1,0,12,0,0,2,1,24,96,1,1,0,1,0,0,0,4,2,1,0,0,0,1,0,1,10,0,1,0,1,0,4,2,2,9,3,0,0,22,23,0,3,0,0,0,0,0,0,0,15,2,1,0,0,0,0,0,0,0,0,0,2,0,3,0,22,11,0,4,10,1,1,0,0,0,0,0,0,2,0,3,1,0,0,1,0,11,0,0,0,0,0,1,2,0,0,0,0,0,0,0,0,0,1,0,0,0,0,0,0,0,0,0,0,0,0,0,0,0,0,0,211,0,105,0,5,0,16,0,0,0,0,0,93,86,793,408,581,0,267,169,5,8,143,496,3,474,6,113,4,35,12,6,30,116,15,0,3,132,1,0,0,9,1,0,1,12,1,5,20,0,21,0,0,2,0,0,0,14,67,12,19,61,204,544,45,43,159,206,54,174,353,0,0,0,65,200,2,19,38,112,1,1,3,2,1,5,64,72,7,103,170,223,0,0,3,9,46,419,0,0,6,10,30,73,0,3,1,1,15,19,0,9,3,4,2,11,17,37,36,43,9,5,1,0,1,0,2,43,36,53,0,1,0,0,0,0,3,6,0,0,0,0,1,0,10,1,1,0,2,0,1,4,0,3,17,0,6,0,0,0,0,0,3,18,0,0,0,1,0,1,0,0,2,0,0,0,0,0,0,0,0,0,0,0,0,0,0,0,0,0,0,8,14,71,5,70,0,44,87,658,0,6,213,189,8,355,218,0,0,17,2,248,0,4,114,51,0,3,2,0,5,3,0,2,7,134,17,226,253,3,0,1,420,53,0,6,0,8,73,32,2,2,0,4,20,11,1,4,7,0,0,6,0,0,0,19,11,4,0,2,46,68,0,0,0,1,1,13,0,1,2,0,0,4,57,71,0,0,0,0,0,0,0,9,0,0,0,0,0,0,0,0,0,0,0,1,0,0,1,11,0,0,1,0,1,0,4,1,0,19,0,11,0,0,1,0,0,0,0,0,0,4,16,0,0,0,0,0,0,0,1,0,1,0,0,0,0,0,0,0,2,0,0,0,0,0,0,0,0,0,0,0,0,0,0,0,0,0,0,0,0,0,0,0,0,0,0,0,0,0,0,0,0,0,0,0,0,0,0,0,0,0,0,0,0,0,0,0,0,0,0,0,73,5,15,63,12,601,104,88,151,24,233,154,52,375,0,0,221,44,2,37,10,122,2,0,3,3,0,5,105,30,8,218,21,257,0,3,42,5,427,0,0,6,28,8,77,3,1,10,5,20,6,1,5,6,0,0,0,0,9,0,21,59,0,57,14,0,1,0,1,0,2,63,1,68,1,0,0,0,0,8,0,1,0,0,0,1,0,10,1,1,0,0,1,5,0,0,20,0,0,11,0,0,0,0,10,6,0,0,0,1,0,0,2,0,0,5,0,0,0,0,0,0,0,0,0,0,0,0,0,329,18,160,9,24,54,299,121,504,5,20,37,16,1,8,0,117,6,6,17,6,1,0,0,2,3,0,0,0,40,0,0,1,2,5,1,1,28,0,0,0,2,1,1,0,1,0,0,0,0,0,0,1,0,0,85,243,16,47,113,2,7,19,12,39,82,217,27,94,83,421,4,1,17,17,6,10,0,1,6,0,35,82,3,1,5,5,12,2,5,0,6,20,0,1,0,0,3,1,2,0,3,0,0,1,3,37,0,0,0,2,0,0,0,1,1,1,0,5,0,1,0,1,6,1,22,0,0,0,0,0,0,1,1,1,0,3,1,0,1,0,0,0,1,0,0,0,0,0,0,0,0,0,0,0,0,0,0,0,0,0,0,0,0,1,0,0,27,281,1,17,147,0,9,1,23,4,45,9,287,8,113,20,476,5,1,19,0,36,1,15,1,0,7,0,0,5,106,3,3,0,6,0,17,10,1,5,0,0,0,0,0,0,0,0,0,0,0,1,0,0,0,0,0,3,0,0,0,0,0,0,0,1,39,0,0,0,0,0,0,0,0,1,2,0,2,0,5,3,0,0,0,27,0,0,1,0,0,0,0,0,1,0,0,0,0,0,5,0,0,0,1,0,0,0,0,0,2,1,0,0,1,0,0,0,0,0,1,0,0,3,15,4,0,0,0,0,0,0,0,0,0,0,0,0,0,0,0,0,0,4,0,0,0,0,0,0,0,1,1,0,0,0,0,0,0,0,0,0,2,0,0,0,0,0,0,1,0,0,0,6,0,0,0,0,2,0,0,0,0,0,0,0,0,0,0,0,0,0,0,0,0,1,0,0,0,0,0,0,0,0,0,0,0,0,0,0,0,0,0,0,0,0,0,0,265,6,62,9,8,47,286,82,480,0,2,6,7,1,2,0,105,2,2,14,0,1,0,0,1,1,0,0,0,1,0,0,0,1,3,1,0,13,58,19,12,15,98,16,2,9,39,0,9,0,6,0,4,0,4,1,3,2,18,31,2,39,0,1,0,0,2,0,0,0,0,5,0,0,0,5,0,1,0,0,0,0,1,0,0,0,0,1,1,1,4,0,0,6,0,0,4,0,0,0,0,0,0,0,1,0,0,0,0,0,0,1,0,0,0,0,0,0,0,0,0,0,0,0,0,0,0,2,0,0,0,3,0,1,0,0,0,0,0,0,0,0,1,0,0,0,0,0,0,0,0,0,0,0,0,0,1,0,0,0,0,0,328,10,8,72,9,11,13,52,299,83,38,504,5,11,9,5,32,7,1,4,4,0,117,4,4,2,17,88,6,2,1,0,1,2,0,0,0,0,1,0,0,2,0,0,0,0,0,0,0,7,33,0,0,0,0,9,0,0,1,2,0,0,4,1,0,1,1,0,16,0,0,0,0,0,0,0,1,12,0,1,0,0,1,0,1,0,0,0,0,1,0,0,0,0,0,0,0,0,0,0,0,0,0,1,0,0,0,0,0,0,0,0,0,0,0,1,0,0,0,0,1,254,2,10,0,75,3,9,0,12,0,38,0,291,0,82,0,145,0,5,0,10,1,3,5,1,4,0,25,0,2,4,0,5,1,5,0,1,0,0,0,0,1,2,0,0,0,0,7,0,0,0,0,0,0,0,2,0,4,0,0,0,0,0,16,0,0,0,0,1,0,0,73,16,11,0,92,12,82,0,12,8,0,4,1,11,0,9,34,33,0,0,0,0,1,8,1,0,39,0,1,1,4,2,1,0,0,0,0,0,0,1,1,0,0,0,0,0,359,0,0,0,0,1,0,0,0,0,0,0,0,0,0,0,0,0,0,0,1,0,0,0,0,0,0,0,0,1,0,0,96,91,785,382,580,0,211,160,4,7,123,451,3,479,7,104,3,35,12,7,29,114,14,0,3,127,1,0,0,8,1,0,1,15,1,5,16,0,22,0,0,2,0,0,0,27,69,0,47,467,318,0,154,152,0,237,242,0,46,47,0,1,0,6,0,1,0,0,163,101,0,0,241,216,0,1,3,0,33,57,0,1,2,6,11,0,12,4,3,3,1,6,17,0,48,32,0,1,0,0,0,2,1,0,46,33,0,0,0,4,4,0,0,0,13,1,0,2,2,0,0,44,2,0,0,0,0,0,22,0,0,2,0,0,0,0,0,0,0,0,0,0,0,4,1,91,3,82,1,20,26,738,9,5,292,9,6,464,3,2,88,0,4,0,7,0,1,2,256,0,3,2,452,0,0,0,4,1,8,81,0,3,1,0,16,0,11,0,7,0,0,0,0,5,0,0,23,0,0,0,1,1,1,77,0,0,0,0,1,0,0,0,3,0,3,1,75,0,0,0,0,8,0,0,0,0,1,0,0,0,0,0,0,0,1,2,12,0,1,1,0,0,0,4,0,0,6,0,0,0,0,0,0,0,20,0,0,0,0,0,0,0,0,2,0,2,0,0,0,0,0,0,0,0,0,0,0,0,0,0,0,0,0,0,0,0,0,0,0,38,30,363,95,145,30,2,0,1,70,0,151,1,47,2,5,3,1,8,29,0,0,2,20,0,3,7,0,2,7,0,58,61,421,211,334,63,193,306,43,8,51,59,3,5,0,0,1,0,0,1,0,0,0,15,0,0,12,15,0,0,9,2,0,0,1,7,6,0,1,2,0,0,1,2,0,1,0,0,0,0,0,0,0,0,0,0,0,0,0,0,76,14,6,70,619,143,23,293,4,9,448,5,26,86,4,3,4,0,0,7,0,1,0,247,4,0,432,6,19,3,1,44,46,3,0,0,15,1,1,9,3,0,0,7,0,0,21,0,2,74,0,6,0,1,0,3,0,77,0,2,0,0,8,0,0,13,0,13,1,1,0,3,0,0,8,13,0,0,0,0,21,2,0,2,0,0,0,1,0,0,0,0,0,0,0,0,0,0,0,6,53,387,398,5,11,3,9,0,7,0,1,7,14,37,0,0,1,1,2,0,0,0,0,0,0,0,0,5,7,43,24,17,5,44,275,137,217,86,70,289,452,90,4,7,1,263,0,456,4,90,0,0,1,2,0,0,5,3,9,0,1,8,0,3,5,2,0,0,0,23,80,1,0,3,78,0,2,2,2,1,1,5,7,1,2,0,0,4,12,6,24,2,12,3,0,0,4,16,0,2,0,0,1,2,0,7,9,0,2,0,0,0,0,0,1,0,1,3,0,0,0,0,5,0,1,1,0,0,0,0,0,0,0,0,2,0,0,0,0,0,0,0,0,0,0,0,0,0,0,0,0,0,0,0,0,0,0,0,0,0,1,0,0,0,0,0,0,0,0,0,0,0,0,0,0,0,0,0,0,0,0,0,0,0,0,0,0,0,0,0,0,0,0,0,3,0,0,0,0,0,0,0,0,0,0,0,0,0,0,0,0,0,0,0,0,0,0,0,0,0,0,0,0,0,0,0,0,0,0,0,0,0,0,0,0,0,0,0,0,0,0,0,0,0,0,0,0,0,0,0,0,0,0,0,0,0,0,0,0,0,1,0,0,0,0,0,0,5,5,0,0,0,0,0,0,0,0,0,0,0,0,0,0,0,0,0,0,0,0,0,0,0,0,0,0,0,0,0,0,0,0,0,0,0,0,0,0,0,0,0,0,0,0,0,0,0,0,0,1,0,0,0,0,0,0,0,0,0,0,0,0,0,0,0,0,0,0,0,0,0,0,0,0,0,0,0,0,0,0,0,0,0,0,0,0,0,0,0,0,0,0,0,0,0,0,0,0,0,0,0,0,0,0,0,0,0,0,0,0,0,0,0,0,0,0,0,0,0,0,0,0,0,0,0,0,0,0,0,0,0,0,0,0,0,0,0,0,0,0,0,0,0,0,0,0,0,0,0,0,0,0,0,0,0,0,0,0,0,0,0,0,0,0,0,0,0,0,0,0,0,0,0,0,0,0,0,0,0,0,0,0,0,0,0,0,0,0,0,0,0,0,0,0,0,0,0,0,0,0,0,0,0,0,0,0,0,0,0,0,0,0,0,0,0,0,0,0,0,0,0,0,0,0,0,0,0,0,0,0,0,0,0,0,0,0,0,0,0,0,0,0,0,0,0,0,0,0,0,0,0,0,0,0,0,0,0,0,0,0,0,0,0,0,0,0,0,0,0,0,0,0,0,0,0,0,0,0,0,0,0,0,0,0,0,0,0,0,0,0,0,0,0,0,0,0,0,0,0,0,0,0,0,0,0,0,0,0,0,0,0,0,0,0,0,0,0,0,0,0,0,0,0,0,0,0,0,0,0,0,0,0,0,0,0,0,0,0,0,0,0,0,0,0,0,0,0,0,0,0,0,0,0,0,0,0,0,0,0,0,0,0,0,0,0,0,0,0,0,0,0,0,0,0,0,0,0,0,0,0,0,0,0,0,0,0,0,0,0,0,0,0,0,0,0,0,0,0,0,0,0,0,0,0,0,0,0,0,0,0,0,0,0,0,0,0,0,0,0,0,0,0,0,0,0,0,0,0,0,0,0,0,0,0,0,0,0,0,0,0,0,0,0,0,0,0,0,0,0,0,0,0,0,0,0,0,0,0,0,0,0,0,0,0,0,0,0,0,0,0,0,0,0,0,0,0,0,0,0,0,0,0,0,0,0,0,0,0,0,0,0,0,0,0,0,0,0,0,0,0,0,0,0,0,0,0,0,0,0,0,0,0,0,0,0,0,0,0,0,0,0,0,0,0,0,0,0,0,0,0,0,0,0,0,0,0,0,0,0,0,0,0,0,0,0,0,0,0,0,0,0,0,0,0,0,0,0,0,0,0,0,0,0,0,0,0,0,0,0,0,0,0,0,0,0,0,0,0,0,0,0,0,0,0,0,0,0,0,0,0,0,0,0,0,0,0,0,0,0,0,0,0,0,0,0,0,0,0,0,0,0,0,0,0,0,0,0,0,0,0,0,0,0,0,0,0,0,0,0,0,0,0,0,0,0,0,0,0,0,0,0,0,0,0,0,0,0,0,0,0,0,0,0,0,0,0,0,0,0,0,0,0,0,0,0,0,0,0,0,0,0,0,0,0,0,0,0,0,0,0,0,0,0,0,0,0,0,0,0,0,0,0,0,0,0,0,0,0,0,0,0,0,0,0,0,0,0,0,0,0,0,0,0,0,0,0,0,0,0,0,0,0,0,0,0,0,0,0,0,0,0,0,0,0,0,0,0,0,0,0,0,0,0,0,0,0,0,0,0,0,0,0,0,0,0,0,0,0,0,0,0,0,0,0,0,0,0,0,0,0,0,0,0,0,0,0,0,0,0,0,0,0,0,0,0,0,0,0,0,0,0,0,0,0,0,0,0,0,0,0,0,0,0,0,0,0,0,0,0,0,0,0,0,0,0,0,0,0,0,0,0,0,0,0,0,0,0,0,0,0,0,0,0,0,0,0,0,0,0,0,0,0,0,0,0,0,0,0,0,0,0,0,0,0,0,0,0,0,0,0,0,0,0,0,0,0,0,0,0,0,0,0,0,0,0,0,0,0,0,0,0,0,0,0,0,0,0,0,0,0,0,0,0,0,0,0,0,0,0,0,0,0,0,0,0,0,0,0,0,0,0,0,0,0,0,0,0,0,0,0,0,0,0,0,0,0,0,0,0,0,0,0,0,0,0,0,0,0,0,0,0,0,0,0,0,0,0,0,0,0,0,0,0,0,0,0,0,0,0,0,0,0,0,0,0,0,0,0,0,0,0,0,0,0,0,0,0,0,0,0,0,0,0,0,0,0,0,0,0,0,0,0,0,0,0,0,0,0,0,0,0,0,0,0,0,0,0,0,0,0,0,0,0,0,0,0,0,0,0,0,0,0,0,0,0,0,0,0,0,0,0,0,0,0,0,0,0,0,0,0,0,0,0,0,0,0,0,0,0,0,0,0,0,0,0,0,0,0,0,0,0,0,0,0,0,0,0,0,0,0,0,0,0,0,0,0,0,0,0,0,0,0,0,0,0,0,0,0,0,0,0,0,0,0,0,0,0,0,0,0,0,0,0,0,0,0,0,0,0,0,0,0,0,0,0,0,0,0,0,0,0,0,0,0,0,0,0,0,0,0,0,0,0,0,0,0,0,0,0,0,0,0,0,0,0,0,0,0,0,0,0,0,0,0,0,0,0,0,0,0,0,0,0,0,0,0,0,0,0,0,0,0,0,0,0,0,0,0,0,0,0,0,0,0,0,0,0,0,0,0,0,0,0,0,0,0,0,0,0,0,0,0,0,0,0,0,0,0,0,0,0,0,0,0,0,0,0,0,0,0,0,0,0,0,0,0,0,0,0,0,0,0,0,0,0,0,0,0,0,0,0,0,0,0,0,0,0,0,0,0,0,0,0,0,0,0,0,0,0,0,0,0,0,0,0,0,0,0,0,0,0,0,0,0,0,0,0,0,0,0,0,0,0,0,0,0,0,0,0,0,0,0,0,0,0,0,0,0,0,0,0,0,0,0,0,0,0,0,0,0,0,0,0,0,0,0,0,0,0,0,0,0,0,0,0,0,0,0,0,0,0,0,0,0,0,0,0,0,0,0,0,0,0,0,0,0,0,0,0,0,0,0,0,0,0,0,0,0,0,0,0,0,0,0,0,0,0,0,0,0,0,0,0,0,0,0,0,0,0,0,0,0,0,0,0,0,0,0,0,0,0,0,0,0,0,0,0,0,0,0,0,0,0,0,0,0,0,0,0,0,0,0,0,0,0,0,0,0,0,0,0,0,0,0,0,0,0,0,0,0,0,0,0,0,0,0,0,0,0,0,0,0,0,0,0,0,0,0,0,0,0,0,0,0,0,0,0,0,0,0,0,0,0,0,0,0,0,0,0,0,0,0,0,0,0,0,0,0,0,0,0,0,0,0,0,0,0,0,0,0,0,0,0,0,0,0,0,0,0,0,0,0,0,0,0,0,0,0,0,0,0,0,0,0,0,0,0,0,0,0,0,0,0,0,0,0,0,0,0,0,0,0,0,0,0,0,0,0,0,0,0,0,0,0,0,0,0,0,0,0,0,0,0,0,0,0,0,0,0,0,0,0,0,0,0,0,0,0,0,0,0,0,0,0,0,0,0,0,0,0,0,0,0,0,0,0,0,0,0,0,0,0,0,0,0,0,0,0,0,0,0,0,0,0,0,0,0,0,0,0,0,0,0,0,0,0,0,0,0,0,0,0,0,0,0,0,0,0,0,0,0,0,0,0,0,0,0,0,0,0,0,0,0,0,0,0,0,0,0,0,0,0,0,0,0,0,0,0,0,0,0,0,0,0,0,0,0,0,0,0,0,0,0,0,0,0,0,0,0,0,0,0,0,0,0,0,0,0,0,0,0,0,0,0,0,0,0,0,0,0,0,0,0,0,0,0,0,0,0,0,0,0,0,0,0,0,0,0,0,0,0,0,0,0,0,0,0,0,0,0,0,0,0,0,0,0,0,0,0,0,0,0,0,0,0,0,0,0,0,0,0,0,0,0,0,0,0,0,0,0,0,0,0,0,0,0,0,0,0,0,0,0,0,0,0,0,0,0,0,0,0,0,0,0,0,0,0,0,0,0,0,0,0,0,0,0,0,0,0,0,0,0,0,0,0,0,0,0,0,0,0,0,0,0,0,0,0,0,0,0,0,0,0,0,0,0,0,0,0,0,0,0,0,0,0,0,0,0,0,0,0,0,0,0,0,0,0,0,0,0,0,0,0,0,0,0,0,0,0,0,0,0,0,0,0,0,0,0,0,0,0,0,0,0,0,0,0,0,0,0,0,0,0,0,0,0,0,0,0,0,0,0,0,0,0,0,0,0,0,0,0,0,0,0,0
WV0540100,2004,Parkersburg Police Department,West Virginia,32189,39,100,469,311,495,0,205,260,0,0,83,183,4,309,8,82,0,23,17,6,20,90,21,1,13,88,0,0,0,10,1,0,0,9,0,2,10,0,17,0,0,4,0,0,0,6,29,4,0,0,0,2,21,0,0,17,6,0,0,1,0,10,9,4,3,0,3,0,0,4,0,0,0,0,0,0,0,8,0,0,31,0,0,84,0,132,0,0,333,2,2,13,296,2,0,31,463,0,0,102,103,0,13,0,247,0,0,0,0,0,0,31,52,0,0,15,168,0,0,0,4,0,4,305,0,1,7,0,7,74,1,0,0,0,4,18,0,0,16,0,0,5,0,0,0,0,0,19,0,0,82,0,0,1,21,0,0,0,12,0,0,81,0,0,0,0,0,0,9,0,0,0,1,0,0,0,1,9,0,0,1,0,3,0,0,0,0,1,0,8,1,0,0,0,0,0,0,0,0,0,1,7,14,0,0,0,0,0,1,0,1,16,0,0,0,0,0,0,0,0,0,0,0,0,0,0,0,0,0,0,0,0,7,0,0,0,0,4,0,0,3,1,0,0,0,0,0,0,0,0,1,0,0,0,0,0,0,0,0,0,0,0,0,0,0,0,0,0,0,0,0,0,0,0,0,0,0,0,0,0,0,0,0,0,0,0,0,0,0,0,0,0,0,0,0,0,0,0,0,0,0,0,0,0,0,18,7,14,0,73,285,44,104,11,176,112,10,7,173,71,8,0,21,16,150,15,160,76,17,5,0,0,0,0,0,0,0,0,0,83,76,100,1,2,0,4,0,105,22,178,2,0,0,8,0,34,7,41,0,0,0,0,5,2,15,13,3,1,5,1,0,238,0,0,0,12,2,5,1,11,79,0,0,0,20,0,0,4,9,14,69,3,0,0,0,0,0,0,4,3,3,0,0,0,0,0,0,6,1,0,0,0,1,1,2,1,4,3,0,0,12,15,0,0,0,0,0,0,0,0,0,11,5,0,0,0,0,0,0,0,1,0,0,0,1,6,0,25,4,0,0,5,3,2,0,0,2,0,0,0,4,0,0,0,0,0,0,0,2,0,0,0,0,0,0,1,0,0,0,0,0,0,0,0,0,1,0,0,1,0,0,0,0,0,0,0,0,0,0,0,0,0,0,202,3,90,0,2,0,10,0,0,0,0,0,45,111,526,339,518,0,248,286,0,0,116,210,4,315,8,85,0,28,20,7,21,102,24,1,16,95,0,0,0,13,1,0,0,9,0,3,13,0,19,0,0,4,0,0,0,2,40,3,10,97,131,377,18,14,93,232,26,155,337,0,0,0,42,200,6,40,87,159,0,0,0,0,0,0,57,59,0,33,86,91,0,0,4,5,39,271,0,1,7,11,21,53,0,0,0,2,16,10,0,18,2,4,0,9,12,27,33,42,13,9,2,0,5,5,6,31,38,26,0,0,0,0,0,0,0,13,0,0,0,0,0,0,9,0,0,0,3,0,0,3,0,0,13,0,4,0,0,0,0,0,1,18,0,1,0,1,0,0,0,0,4,0,0,0,0,0,0,0,0,0,0,0,0,0,0,0,0,0,0,8,3,34,5,79,0,37,75,414,0,5,233,101,6,345,167,0,0,20,10,218,0,3,172,111,0,0,0,0,0,0,0,10,0,106,7,88,115,4,0,0,271,44,0,7,1,3,53,29,0,0,0,2,13,13,1,2,17,1,2,4,0,0,1,13,6,0,0,2,42,58,0,0,0,0,4,20,0,1,6,9,0,2,29,64,0,0,0,0,0,1,3,9,0,0,0,0,0,0,0,0,0,0,0,0,0,0,1,8,0,0,0,0,0,0,3,1,0,12,0,27,0,0,0,0,0,0,0,0,0,5,13,0,0,0,1,0,0,0,1,0,1,0,0,0,0,0,0,0,3,0,0,0,0,0,0,0,0,0,0,0,0,0,0,0,0,0,0,1,0,0,0,0,0,0,0,0,0,0,0,0,0,0,1,0,0,0,0,0,0,0,0,0,0,0,0,0,0,0,0,0,28,4,13,87,10,409,64,53,66,12,261,115,48,355,0,0,202,40,6,75,19,192,0,0,0,0,0,0,75,39,2,74,14,122,0,4,27,9,279,0,1,7,22,8,55,0,0,14,2,12,13,1,6,6,1,0,0,0,9,0,12,47,1,54,17,0,7,0,5,0,11,55,2,38,0,0,0,0,0,10,0,3,0,0,0,0,0,7,0,2,0,0,0,3,0,0,11,2,0,14,0,0,0,0,15,3,0,0,0,1,0,0,3,0,0,1,0,0,1,0,1,0,0,0,0,0,0,0,0,243,8,137,11,15,39,260,110,390,5,9,45,17,2,3,1,160,8,5,14,1,0,0,0,0,9,0,0,0,28,0,0,0,3,10,0,2,16,0,0,2,9,0,0,0,4,0,0,0,1,0,0,0,0,0,49,194,7,38,99,4,7,14,15,24,48,212,19,91,55,334,2,3,5,18,2,15,0,2,3,1,42,118,5,0,5,4,10,1,1,0,1,27,0,0,0,0,3,0,7,0,4,0,0,2,1,27,0,0,0,0,0,0,0,0,0,3,0,10,0,0,0,2,2,0,14,0,0,0,0,0,2,5,4,0,0,0,0,0,0,0,0,0,4,0,0,0,0,0,0,0,0,1,0,0,0,0,1,0,0,0,0,0,0,0,0,0,11,213,2,6,123,0,11,1,14,5,34,8,251,9,100,13,368,5,0,9,2,43,1,16,2,0,3,1,0,4,156,1,7,1,4,0,14,13,1,0,0,0,0,0,0,0,0,0,0,0,0,0,0,0,0,0,0,9,0,0,0,0,0,0,0,1,27,0,0,0,0,0,0,0,0,0,0,0,3,1,9,0,0,0,0,15,0,0,0,0,0,0,0,0,1,0,0,0,0,1,0,0,0,1,2,0,0,0,0,0,9,0,0,0,0,0,0,0,0,0,0,0,0,1,9,9,0,0,0,0,0,0,0,0,0,0,0,0,0,0,0,0,0,0,0,0,0,0,0,0,0,0,4,0,0,0,0,0,0,0,0,0,1,0,0,0,0,0,0,0,0,0,0,6,0,0,0,0,3,0,0,0,0,0,0,0,0,0,0,0,1,0,0,0,0,0,0,1,0,0,0,0,0,0,0,1,0,0,0,0,0,0,0,0,0,0,0,0,193,2,48,10,9,35,250,71,363,0,1,7,11,2,1,0,150,1,1,10,0,0,0,0,0,2,0,0,0,3,0,0,0,2,7,0,0,5,40,21,6,11,89,6,4,10,39,0,6,1,10,1,0,0,7,0,4,3,8,38,7,25,0,1,0,0,6,0,0,0,0,0,0,0,0,0,0,0,1,0,0,0,1,0,0,0,0,2,0,8,4,0,0,2,0,0,4,0,0,0,0,0,0,0,0,0,0,0,0,0,0,0,0,0,0,0,0,0,0,0,0,2,0,0,0,0,0,2,0,0,0,3,1,2,0,0,1,0,1,0,0,0,0,0,0,0,0,0,0,0,0,0,0,0,0,0,0,0,0,0,0,0,239,4,4,74,11,9,6,39,260,77,33,389,5,5,4,8,37,11,2,2,1,0,160,7,4,1,14,63,1,1,0,0,4,0,0,0,0,0,0,0,1,7,0,0,0,0,0,0,0,4,24,1,0,0,0,6,0,0,0,2,1,0,7,3,0,0,0,1,5,0,0,0,0,0,0,1,1,11,0,2,0,0,9,0,0,0,0,0,0,0,0,0,0,0,0,0,0,0,0,0,3,0,0,0,0,0,0,0,0,0,1,0,0,0,0,0,0,0,1,0,1,168,0,4,0,75,0,11,0,9,0,13,0,251,1,59,0,100,0,5,0,5,0,3,11,2,3,0,11,0,1,4,0,5,0,1,0,0,0,0,0,0,0,7,0,0,0,0,4,0,0,0,0,0,0,0,2,0,6,0,0,0,0,0,6,0,0,0,0,0,0,0,75,26,6,1,149,10,62,0,6,8,0,7,0,9,0,4,42,24,1,0,1,1,1,4,2,0,51,0,0,0,0,1,0,0,0,0,0,0,0,4,0,0,0,0,0,0,290,0,0,0,0,9,0,0,0,0,0,0,0,0,0,0,0,0,0,1,0,0,0,1,0,0,0,0,0,0,0,0,42,112,508,330,536,0,205,264,0,0,84,193,4,321,8,85,0,29,17,7,28,103,21,1,14,92,0,0,0,12,1,0,0,9,0,2,10,0,18,0,0,4,0,0,0,13,29,0,74,290,218,0,74,133,0,217,229,0,131,81,0,0,0,0,0,0,0,0,56,49,0,0,146,159,0,3,3,0,25,44,0,0,0,10,17,0,17,4,3,0,0,6,18,0,29,35,0,0,0,0,1,8,4,0,23,16,0,0,0,8,4,0,0,0,8,0,0,1,1,0,1,38,1,0,0,0,0,0,18,0,0,4,0,0,0,0,0,0,0,0,0,0,0,2,0,40,3,84,0,9,90,409,7,7,189,6,13,423,1,4,207,0,0,0,0,0,0,1,103,0,6,8,290,0,0,0,6,1,19,49,0,0,0,1,26,0,17,0,6,4,0,0,0,1,0,1,23,0,0,0,0,0,3,61,0,4,0,0,0,1,1,0,11,0,5,0,34,0,0,0,1,11,0,0,0,0,0,1,0,1,0,0,0,0,0,0,9,0,0,0,1,0,0,2,0,0,25,0,0,0,0,0,0,0,17,0,0,0,0,0,0,0,0,1,0,3,0,0,0,0,1,0,0,0,0,0,0,0,0,0,0,0,0,0,0,0,0,0,0,8,52,208,46,93,64,0,0,0,9,0,88,0,28,0,8,4,0,5,16,0,1,0,7,0,2,1,0,1,5,0,34,60,299,160,353,147,96,217,41,8,48,32,6,9,1,1,1,1,0,0,0,0,0,19,0,0,18,13,0,1,13,3,0,0,12,0,7,0,0,1,0,0,0,0,0,0,1,0,0,0,0,0,0,1,0,0,0,0,0,0,36,6,0,93,399,90,19,194,3,10,407,10,29,191,11,10,0,0,0,0,0,0,0,100,2,0,278,7,20,6,0,33,34,0,0,0,23,2,2,9,8,0,2,5,0,2,16,0,8,56,1,7,0,0,0,12,0,31,5,3,0,0,9,3,0,3,0,5,0,1,0,1,0,1,16,3,0,0,0,0,18,4,0,3,0,1,0,0,0,0,0,0,0,0,0,1,0,0,0,10,22,271,237,3,24,3,13,1,6,1,4,8,9,10,0,2,0,0,2,1,0,0,0,0,0,0,0,1,4,19,12,6,19,37,186,63,154,64,41,200,433,211,0,0,0,105,1,305,6,69,0,0,0,0,1,0,7,9,10,0,1,12,2,2,0,7,0,0,0,24,64,0,1,12,39,0,2,2,6,2,0,3,6,0,0,0,0,2,41,5,10,0,15,2,0,0,0,7,0,3,1,0,0,2,0,3,4,0,1,0,0,0,0,0,1,0,0,3,0,0,0,0,1,0,0,0,0,0,0,0,0,0,0,0,0,0,0,0,0,0,0,0,0,0,0,0,0,0,0,0,0,0,0,0,0,0,0,0,0,0,0,0,0,0,0,0,0,0,0,0,0,0,0,0,0,0,0,0,0,0,0,0,0,0,0,0,0,0,0,0,0,0,0,1,1,0,0,0,0,0,0,0,0,0,0,0,0,0,0,0,0,0,0,0,0,0,0,0,0,0,0,0,0,0,0,0,0,0,0,0,0,0,0,0,0,0,0,0,0,0,0,0,0,0,0,0,0,0,0,0,0,0,0,0,0,0,0,0,0,0,0,0,0,0,0,0,0,1,5,0,0,0,0,0,0,0,0,0,0,0,0,0,0,0,0,0,0,0,0,0,0,0,0,0,0,0,0,0,0,0,0,0,0,0,0,0,0,0,0,0,0,3,0,0,0,0,0,0,1,0,0,0,0,0,0,0,0,0,0,0,0,0,0,0,0,0,0,0,0,0,0,0,0,0,0,0,0,0,0,0,0,0,0,0,0,0,0,0,0,0,0,0,0,0,0,0,0,0,0,0,0,0,0,0,0,0,0,0,0,0,0,0,0,0,0,0,0,0,0,0,0,0,0,0,0,0,0,0,0,0,0,0,0,0,0,0,0,0,0,0,0,0,0,0,0,0,0,0,0,0,0,0,0,0,0,0,0,0,0,0,0,0,0,0,0,0,0,0,0,0,0,0,0,0,0,0,0,0,0,0,0,0,0,0,0,0,0,0,0,0,0,0,0,0,0,0,0,0,0,0,0,0,0,0,0,0,0,0,0,0,0,0,0,0,0,0,0,0,0,0,0,0,0,0,0,0,0,0,0,0,0,0,0,0,0,0,0,0,0,0,0,0,0,0,0,0,0,0,0,0,0,0,0,0,0,0,0,0,0,0,0,0,0,0,0,0,0,0,0,0,0,0,0,0,0,0,0,0,0,0,0,0,0,0,0,0,0,0,0,0,0,0,0,0,0,0,0,0,0,0,0,0,0,0,0,0,0,0,0,0,0,0,0,0,0,0,0,0,0,0,0,0,0,0,0,0,0,0,0,0,0,0,0,0,0,0,0,0,0,0,0,0,0,0,0,0,0,0,0,0,0,0,0,0,0,0,0,0,0,0,0,0,0,0,0,0,0,0,0,0,0,0,0,0,0,0,0,0,0,0,0,0,0,0,0,0,0,0,0,0,0,0,0,0,0,0,0,0,0,0,0,0,0,0,0,0,0,0,0,0,0,0,0,0,0,0,0,0,0,0,0,0,0,0,0,0,0,0,0,0,0,0,0,0,0,0,0,0,0,0,0,0,0,0,0,0,0,0,0,0,0,0,0,0,0,0,0,0,0,0,0,0,0,0,0,0,0,0,0,0,0,0,0,0,0,0,0,0,0,0,0,0,0,0,0,0,0,0,0,0,0,0,0,0,0,0,0,0,0,0,0,0,0,0,0,0,0,0,0,0,0,0,0,0,0,0,0,0,0,0,0,0,0,0,0,0,0,0,0,0,0,0,0,0,0,0,0,0,0,0,0,0,0,0,0,0,0,0,0,0,0,0,0,0,0,0,0,0,0,0,0,0,0,0,0,0,0,0,0,0,0,0,0,0,0,0,0,0,0,0,0,0,0,0,0,0,0,0,0,0,0,0,0,0,0,0,0,0,0,0,0,0,0,0,0,0,0,0,0,0,0,0,0,0,0,0,0,0,0,0,0,0,0,0,0,0,0,0,0,0,0,0,0,0,0,0,0,0,0,0,0,0,0,0,0,0,0,0,0,0,0,0,0,0,0,0,0,0,0,0,0,0,0,0,0,0,0,0,0,0,0,0,0,0,0,0,0,0,0,0,0,0,0,0,0,0,0,0,0,0,0,0,0,0,0,0,0,0,0,0,0,0,0,0,0,0,0,0,0,0,0,0,0,0,0,0,0,0,0,0,0,0,0,0,0,0,0,0,0,0,0,0,0,0,0,0,0,0,0,0,0,0,0,0,0,0,0,0,0,0,0,0,0,0,0,0,0,0,0,0,0,0,0,0,0,0,0,0,0,0,0,0,0,0,0,0,0,0,0,0,0,0,0,0,0,0,0,0,0,0,0,0,0,0,0,0,0,0,0,0,0,0,0,0,0,0,0,0,0,0,0,0,0,0,0,0,0,0,0,0,0,0,0,0,0,0,0,0,0,0,0,0,0,0,0,0,0,0,0,0,0,0,0,0,0,0,0,0,0,0,0,0,0,0,0,0,0,0,0,0,0,0,0,0,0,0,0,0,0,0,0,0,0,0,0,0,0,0,0,0,0,0,0,0,0,0,0,0,0,0,0,0,0,0,0,0,0,0,0,0,0,0,0,0,0,0,0,0,0,0,0,0,0,0,0,0,0,0,0,0,0,0,0,0,0,0,0,0,0,0,0,0,0,0,0,0,0,0,0,0,0,0,0,0,0,0,0,0,0,0,0,0,0,0,0,0,0,0,0,0,0,0,0,0,0,0,0,0,0,0,0,0,0,0,0,0,0,0,0,0,0,0,0,0,0,0,0,0,0,0,0,0,0,0,0,0,0,0,0,0,0,0,0,0,0,0,0,0,0,0,0,0,0,0,0,0,0,0,0,0,0,0,0,0,0,0,0,0,0,0,0,0,0,0,0,0,0,0,0,0,0,0,0,0,0,0,0,0,0,0,0,0,0,0,0,0,0,0,0,0,0,0,0,0,0,0,0,0,0,0,0,0,0,0,0,0,0,0,0,0,0,0,0,0,0,0,0,0,0,0,0,0,0,0,0,0,0,0,0,0,0,0,0,0,0,0,0,0,0,0,0,0,0,0,0,0,0,0,0,0,0,0,0,0,0,0,0,0,0,0,0,0,0,0,0,0,0,0,0,0,0,0,0,0,0,0,0,0,0,0,0,0,0,0,0,0,0,0,0,0,0,0,0,0,0,0,0,0,0,0,0,0,0,0,0,0,0,0,0,0,0,0,0,0,0,0,0,0,0,0,0,0,0,0,0,0,0,0,0,0,0,0,0,0,0,0,0,0,0,0,0,0,0,0,0,0,0,0,0,0,0,0,0,0,0,0,0,0,0,0,0,0,0,0,0,0,0,0,0,0,0,0,0,0,0,0,0,0,0,0,0,0,0,0,0,0,0,0,0,0,0,0,0,0,0,0,0,0,0,0,0,0,0,0,0,0,0,0,0,0,0,0,0,0,0,0,0,0,0,0,0,0,0,0,0,0,0,0,0,0,0,0,0,0,0,0,0,0,0,0,0,0,0,0,0,0,0,0,0,0,0,0,0,0,0,0,0,0,0,0,0,0,0,0,0,0,0,0,0,0,0,0,0,0,0,0,0,0,0,0,0,0,0,0,0,0,0,0,0,0,0,0,0,0,0,0,0,0,0,0,0,0,0,0,0,0,0,0,0,0,0,0,0,0,0,0,0,0,0,0,0,0,0,0,0,0,0,0,0,0,0,0,0,0,0,0,0,0,0,0,0,0,0,0,0,0,0,0,0,0,0,0,0,0,0,0,0,0,0,0,0,0,0,0,0,0,0,0,0,0,0,0,0,0,0,0,0,0,0,0,0,0,0,0,0,0,0,0,0,0,0,0,0,0,0,0,0,0,0,0,0,0,0,0,0,0,0,0,0,0,0,0,0,0,0,0,0,0,0,0,0,0,0,0,0,0,0,0,0,0,0,0,0,0,0,0,0,0,0,0,0,0,0,0,0,0,0,0,0,0,0,0,0,0,0,0,0,0,0,0,0,0,0,0,0,0,0,0,0,0,0,0,0,0,0,0,0,0,0,0,0,0,0,0,0,0,0,0,0,0,0,0,0,0,0,0,0,0,0,0,0,0,0,0,0,0,0,0,0,0,0,0,0,0,0,0,0,0,0,0,0,0,0,0,0,0,0,0,0,0,0,0,0,0,0,0,0,0,0,0,0,0,0,0,0,0,0,0,0,0,0,0,0,0,0,0,0,0,0,0,0,0,0,0,0,0,0,0,0,0,0,0,0,0,0,0,0,0,0,0,0,0,0,0,0,0,0,0,0,0,0,0,0,0,0,0,0,0,0,0,0,0,0,0,0,0,0,0,0,0,0,0,0,0,0,0,0,0,0,0,0,0,0,0,0,0,0,0,0,0,0,0,0,0,0,0,0,0,0,0,0,0,0,0,0,0,0,0,0,0,0,0,0,0,0,0,0,0,0,0,0,0,0,0,0,0,0,0,0,0,0,0,0,0,0,0,0,0,0,0,0,0,0,0,0,0,0,0,0,0,0,0,0,0,0,0,0,0,0,0,0,0,0,0,0,0,0,0,0,0,0,0,0,0,0,0,0,0,0,0,0,0,0,0,0,0,0,0,0,0,0,0,0,0,0,0,0,0,0,0,0,0,0,0,0,0,0,0,0,0,0,0,0,0,0,0,0,0,0,0,0,0,0,0,0,0,0,0,0,0,0,0,0,0,0,0,0,0,0,0,0,0,0,0,0,0,0,0,0,0,0,0,0,0,0,0,0,0,0,0,0,0,0,0,0,0,0,0,0,0,0,0,0,0,0,0,0,0,0,0,0,0,0,0,0,0,0,0,0,0,0,0,0,0
WV0540100,2003,Parkersburg Police Department,West Virginia,32451,30,58,395,234,442,0,72,245,5,7,137,145,3,307,18,72,1,15,20,7,16,77,10,1,17,72,1,0,0,4,0,0,0,11,0,4,13,0,14,0,0,4,0,0,0,3,25,2,1,0,0,0,13,2,0,20,7,0,0,1,0,4,11,0,11,0,2,0,0,4,0,0,0,0,0,0,0,11,0,0,19,0,0,46,0,104,0,0,291,0,0,12,222,0,0,28,413,0,0,29,43,0,10,0,235,0,0,4,0,5,0,45,92,0,0,14,131,0,0,0,3,0,9,298,0,0,18,0,4,68,0,0,0,0,3,12,0,0,19,0,0,5,0,0,0,0,1,16,0,0,71,0,0,1,8,0,0,1,16,0,0,69,0,0,0,0,0,0,2,0,0,0,0,0,0,0,0,10,0,0,2,0,5,0,0,0,2,1,0,6,1,0,0,0,0,0,0,0,0,1,2,8,13,0,0,0,0,0,2,0,0,12,0,0,0,0,0,0,0,0,0,0,0,0,0,0,0,0,0,1,0,2,3,1,0,0,0,3,0,0,1,0,1,0,0,0,0,0,0,0,2,0,0,0,0,0,0,0,0,0,0,0,0,0,0,0,0,0,0,0,0,0,0,0,0,0,0,0,0,0,0,0,0,0,0,0,0,0,0,0,0,0,0,0,0,0,0,0,0,0,0,0,0,0,0,9,5,12,0,28,221,49,89,8,156,62,9,4,209,64,10,0,14,11,39,8,131,93,9,7,1,3,0,0,0,4,2,0,0,137,56,74,9,4,0,3,0,82,46,173,2,2,3,13,0,20,9,43,0,0,0,1,2,6,6,13,2,3,5,1,1,152,0,0,1,10,2,2,2,5,72,0,0,0,10,0,1,7,8,13,56,2,0,0,1,0,0,0,1,0,3,0,0,0,0,0,0,9,2,0,0,0,2,2,2,2,4,5,0,0,11,13,0,5,0,0,0,0,0,0,0,14,0,0,0,0,0,2,0,0,0,0,0,0,0,3,0,28,2,1,0,7,0,1,0,0,5,0,0,0,4,0,4,0,0,0,1,0,4,0,0,0,0,0,1,1,0,0,1,0,0,0,0,0,0,0,0,0,0,0,0,0,0,0,0,0,0,0,0,0,0,0,0,72,0,77,0,4,0,13,0,0,0,0,0,34,65,436,250,468,0,86,267,5,8,169,160,5,315,18,79,1,18,22,7,16,90,19,1,17,77,1,0,0,4,0,0,0,14,0,6,14,0,14,0,0,4,0,0,0,2,24,8,13,49,111,292,33,13,66,171,19,135,314,0,0,0,9,77,0,35,78,154,2,1,2,3,3,2,75,86,8,38,54,68,0,3,2,14,34,267,0,1,17,3,21,55,0,1,0,1,11,6,0,18,4,7,0,4,12,31,28,31,10,8,1,0,4,4,9,25,29,23,0,1,0,0,0,0,1,3,0,0,0,0,0,0,14,0,0,0,0,0,1,5,0,0,13,1,3,1,0,0,0,0,1,12,0,0,0,0,0,0,0,0,4,0,0,0,0,0,0,0,1,0,0,0,0,0,0,0,0,0,0,1,9,24,2,57,0,36,41,358,0,3,175,72,9,317,142,0,0,5,3,78,0,4,159,104,0,2,3,0,2,6,0,15,12,142,7,68,85,2,3,1,266,48,0,17,1,0,56,23,0,0,1,1,6,11,3,5,14,0,0,7,0,0,0,12,4,1,0,4,32,52,0,0,0,0,1,18,0,2,9,6,0,3,30,44,0,0,0,0,0,0,0,4,0,0,0,0,0,0,0,0,0,0,0,0,0,1,0,13,0,0,0,0,0,0,6,0,1,13,0,6,0,1,1,0,0,0,0,0,0,2,12,0,0,0,0,0,0,0,0,0,0,0,0,0,0,0,0,0,4,0,2,0,0,0,0,0,0,0,0,0,0,0,0,0,0,0,0,0,0,0,0,0,0,0,0,0,0,0,0,0,0,0,0,0,0,0,0,0,0,0,0,0,0,0,0,0,0,0,0,0,23,2,9,56,2,324,57,55,58,15,177,111,30,327,0,0,78,7,1,75,18,174,2,1,2,5,1,2,105,54,10,60,18,82,3,2,30,10,275,1,0,17,8,11,60,1,0,9,2,7,15,2,5,6,1,0,0,0,3,1,12,50,5,35,12,5,2,0,7,0,10,40,0,37,0,0,0,0,0,3,1,0,0,0,0,0,0,12,2,0,0,0,0,4,0,2,10,2,2,7,1,0,0,0,11,2,0,0,0,0,0,0,3,0,1,1,0,0,1,0,0,0,0,0,0,0,0,0,0,261,11,101,12,20,34,333,25,362,4,9,74,7,0,13,0,132,6,4,4,0,1,0,0,0,6,1,0,1,21,0,0,1,3,10,1,0,11,0,1,1,4,1,3,0,3,0,0,0,0,0,0,1,0,0,57,201,10,24,77,4,8,17,15,19,54,279,2,23,67,295,2,2,5,37,2,5,0,0,10,0,25,107,4,0,4,1,3,1,3,0,0,37,0,1,0,0,2,0,2,0,4,0,1,4,3,18,0,1,0,3,0,0,0,1,0,3,0,10,0,1,0,0,1,0,10,0,0,0,0,1,1,2,2,1,0,0,1,0,3,0,0,0,3,0,2,0,0,0,0,0,0,0,0,0,1,0,0,0,0,0,0,0,0,0,0,1,15,225,0,11,92,2,8,0,20,4,27,5,323,3,21,10,343,4,1,8,5,69,0,7,0,0,13,0,0,3,121,0,6,0,4,1,3,7,0,0,0,0,1,0,0,0,0,0,0,0,0,0,0,0,0,0,0,5,0,0,0,0,0,1,0,4,17,0,1,0,0,0,0,0,0,1,0,0,3,0,10,0,0,0,0,11,0,0,1,0,0,0,0,0,0,0,0,0,1,0,2,0,1,1,0,0,0,0,0,1,2,1,0,0,0,0,0,0,0,0,3,0,0,4,13,7,2,0,0,0,0,0,0,0,0,0,0,1,0,0,0,0,0,0,0,0,1,0,0,0,0,8,3,0,0,0,0,0,0,0,0,0,0,0,0,0,0,0,0,0,0,0,0,9,0,0,0,1,0,0,0,0,0,0,0,0,0,0,0,0,2,0,0,0,0,1,0,0,0,0,0,0,0,0,0,0,0,0,0,0,0,0,0,0,0,0,0,0,188,5,32,8,4,28,267,9,330,0,3,3,3,0,1,0,123,0,2,4,0,0,0,0,0,1,0,0,0,4,0,0,0,1,2,0,0,5,65,31,6,6,69,16,3,63,16,2,4,0,9,4,2,0,6,1,0,8,6,71,5,16,1,2,0,1,5,0,0,1,1,1,0,0,0,0,0,0,1,0,0,0,1,0,0,0,0,0,3,3,2,0,0,12,0,1,2,0,1,0,0,0,0,0,0,0,0,0,0,0,0,0,0,0,0,1,0,0,0,0,1,0,0,1,0,0,0,0,0,0,0,1,0,3,0,0,0,0,0,0,0,0,0,0,0,0,0,0,0,0,0,0,0,0,0,0,1,0,0,1,1,0,260,7,4,59,12,5,15,33,333,15,10,360,4,7,2,4,70,3,0,2,11,0,132,6,2,2,4,42,0,0,1,0,1,1,0,0,0,0,0,0,0,2,1,0,0,1,0,0,0,8,13,0,0,0,0,4,0,0,1,3,0,0,3,7,0,0,0,0,8,0,0,0,0,0,0,0,0,3,0,4,0,0,4,0,0,0,0,0,0,3,0,0,0,0,0,0,0,0,0,0,2,0,0,0,0,2,0,0,0,0,1,0,1,0,0,1,0,0,0,0,1,160,59,6,1,47,13,8,4,5,0,15,0,323,3,19,1,181,1,3,1,5,3,9,3,0,3,0,24,1,0,1,2,1,0,0,0,1,0,0,0,0,0,2,0,0,0,0,7,2,0,0,0,0,0,0,3,0,5,0,0,0,0,0,9,0,0,0,0,1,0,0,42,19,4,0,107,2,41,0,15,7,0,6,1,3,0,1,65,12,0,0,0,0,0,4,4,0,5,0,0,1,10,1,0,3,2,1,0,0,0,5,0,0,0,0,2,0,180,0,0,0,1,2,0,0,0,0,0,0,0,0,1,0,0,0,0,1,0,0,0,0,0,0,0,0,0,0,0,0,35,65,449,246,484,0,72,259,5,7,137,150,3,321,18,73,1,18,20,9,17,79,10,1,17,75,1,0,0,4,0,0,0,12,0,4,13,0,14,0,0,4,0,0,0,13,22,0,30,233,216,0,81,107,0,187,220,1,92,99,0,2,0,7,0,0,0,0,51,30,0,0,156,151,0,11,4,0,25,33,0,0,1,4,9,0,20,3,6,3,0,5,8,0,25,15,0,0,1,0,1,9,8,0,12,10,0,0,0,2,2,0,1,0,10,0,0,1,2,0,1,35,2,0,0,0,0,0,13,0,0,3,1,0,1,0,0,0,0,0,0,0,0,2,0,33,1,63,0,7,0,442,3,3,181,4,12,392,4,0,187,0,5,0,7,0,0,0,79,0,5,0,301,0,0,1,14,0,1,57,0,1,0,0,13,1,19,0,9,1,0,0,0,2,0,0,13,0,0,0,0,1,0,39,0,0,0,0,1,1,1,0,16,0,0,1,21,0,0,0,0,4,0,0,0,0,0,2,0,1,0,0,0,0,0,0,12,0,0,0,0,0,0,3,0,0,1,0,0,0,0,0,0,0,14,0,0,0,0,0,0,0,0,0,0,4,0,0,0,0,0,0,0,0,0,0,0,0,0,0,0,0,0,0,0,0,0,0,0,11,21,111,45,67,52,1,1,0,12,0,58,1,10,0,2,4,3,5,9,0,0,1,3,0,1,1,0,0,4,0,24,44,335,143,341,139,69,249,48,11,31,19,14,3,2,0,3,0,0,0,0,0,0,8,0,0,11,10,0,0,16,4,0,1,16,6,6,0,0,3,0,0,1,4,0,1,0,0,0,0,0,0,0,0,0,0,0,0,0,0,27,7,1,49,317,115,17,175,6,7,376,5,27,159,18,14,4,1,0,6,0,0,0,76,2,0,286,9,12,14,1,29,28,1,0,0,11,2,0,14,6,0,1,8,1,1,10,0,3,36,0,4,1,0,1,16,1,20,2,0,0,0,2,2,0,3,0,10,0,2,0,1,0,2,13,3,0,0,0,0,14,2,0,3,0,1,0,0,0,0,0,0,0,0,0,0,0,0,0,6,19,227,222,3,9,3,17,0,8,1,0,4,12,10,0,3,1,0,1,0,0,1,0,0,0,0,0,1,1,14,9,10,7,41,101,41,185,71,51,184,394,189,5,5,0,81,2,307,15,57,0,0,1,0,0,0,3,4,6,0,0,15,0,5,3,6,0,0,0,13,40,1,1,17,22,0,0,0,1,3,0,1,9,2,0,0,0,3,8,3,6,0,11,2,0,0,0,6,0,3,0,0,1,2,0,3,6,0,0,0,0,0,0,1,1,0,0,1,0,0,1,0,0,1,0,0,0,0,0,1,0,0,0,0,0,0,0,0,0,0,0,0,0,0,0,0,0,0,0,0,0,0,0,0,0,0,1,0,0,0,0,0,0,0,0,0,0,0,0,0,0,0,0,0,0,0,0,0,0,0,0,0,0,0,0,0,0,0,0,0,0,0,0,0,0,0,0,0,0,0,0,0,0,0,0,0,0,0,0,0,0,0,0,0,0,0,0,0,0,0,0,0,0,0,0,0,0,0,0,0,0,0,0,1,0,0,0,0,0,0,0,0,0,0,0,0,0,0,0,0,0,0,0,0,0,0,0,0,0,0,0,0,0,0,0,0,0,0,2,0,0,0,0,0,0,0,0,0,0,0,0,0,0,0,0,0,0,0,0,0,0,0,0,0,0,1,0,0,0,1,0,0,0,0,0,0,0,0,0,0,0,0,0,0,0,0,0,1,1,0,0,0,0,0,0,0,0,0,0,0,0,0,0,0,0,0,0,0,0,0,0,0,0,0,0,0,0,0,0,0,0,0,0,0,0,0,0,0,0,0,0,0,0,0,0,0,0,0,0,0,0,0,0,0,0,0,0,0,0,0,0,0,0,0,0,0,0,0,0,0,0,0,0,0,0,0,0,0,0,0,0,0,0,0,0,0,0,0,0,0,0,0,0,0,0,0,0,0,0,0,0,0,0,0,0,0,0,0,0,0,0,0,0,0,0,0,0,0,0,0,0,0,0,0,0,0,0,0,0,0,0,0,0,0,0,0,0,0,0,0,0,0,0,0,0,0,0,0,0,0,0,0,0,0,0,0,0,0,0,0,0,0,0,0,0,0,0,0,0,0,0,0,0,0,0,0,0,0,0,0,0,0,0,0,0,0,0,0,0,0,0,0,0,0,0,0,0,0,0,0,0,0,0,0,0,0,0,0,0,0,0,0,0,0,0,0,0,0,0,0,0,0,0,0,0,0,0,0,0,0,0,0,0,0,0,0,0,0,0,0,0,0,0,0,0,0,0,0,0,0,0,0,0,0,0,0,0,0,0,0,0,0,0,0,0,0,0,0,0,0,0,0,0,0,0,0,0,0,0,0,0,0,0,0,0,0,0,0,0,0,0,0,0,0,0,0,0,0,0,0,0,0,0,0,0,0,0,0,0,0,0,0,0,0,0,0,0,0,0,0,0,0,0,0,0,0,0,0,0,0,0,0,0,0,0,0,0,0,0,0,0,0,0,0,0,0,0,0,0,0,0,0,0,0,0,0,0,0,0,0,0,0,0,0,0,0,0,0,0,0,0,0,0,0,0,0,0,0,0,0,0,0,0,0,0,0,0,0,0,0,0,0,0,0,0,0,0,0,0,0,0,0,0,0,0,0,0,0,0,0,0,0,0,0,0,0,0,0,0,0,0,0,0,0,0,0,0,0,0,0,0,0,0,0,0,0,0,0,0,0,0,0,0,0,0,0,0,0,0,0,0,0,0,0,0,0,0,0,0,0,0,0,0,0,0,0,0,0,0,0,0,0,0,0,0,0,0,0,0,0,0,0,0,0,0,0,0,0,0,0,0,0,0,0,0,0,0,0,0,0,0,0,0,0,0,0,0,0,0,0,0,0,0,0,0,0,0,0,0,0,0,0,0,0,0,0,0,0,0,0,0,0,0,0,0,0,0,0,0,0,0,0,0,0,0,0,0,0,0,0,0,0,0,0,0,0,0,0,0,0,0,0,0,0,0,0,0,0,0,0,0,0,0,0,0,0,0,0,0,0,0,0,0,0,0,0,0,0,0,0,0,0,0,0,0,0,0,0,0,0,0,0,0,0,0,0,0,0,0,0,0,0,0,0,0,0,0,0,0,0,0,0,0,0,0,0,0,0,0,0,0,0,0,0,0,0,0,0,0,0,0,0,0,0,0,0,0,0,0,0,0,0,0,0,0,0,0,0,0,0,0,0,0,0,0,0,0,0,0,0,0,0,0,0,0,0,0,0,0,0,0,0,0,0,0,0,0,0,0,0,0,0,0,0,0,0,0,0,0,0,0,0,0,0,0,0,0,0,0,0,0,0,0,0,0,0,0,0,0,0,0,0,0,0,0,0,0,0,0,0,0,0,0,0,0,0,0,0,0,0,0,0,0,0,0,0,0,0,0,0,0,0,0,0,0,0,0,0,0,0,0,0,0,0,0,0,0,0,0,0,0,0,0,0,0,0,0,0,0,0,0,0,0,0,0,0,0,0,0,0,0,0,0,0,0,0,0,0,0,0,0,0,0,0,0,0,0,0,0,0,0,0,0,0,0,0,0,0,0,0,0,0,0,0,0,0,0,0,0,0,0,0,0,0,0,0,0,0,0,0,0,0,0,0,0,0,0,0,0,0,0,0,0,0,0,0,0,0,0,0,0,0,0,0,0,0,0,0,0,0,0,0,0,0,0,0,0,0,0,0,0,0,0,0,0,0,0,0,0,0,0,0,0,0,0,0,0,0,0,0,0,0,0,0,0,0,0,0,0,0,0,0,0,0,0,0,0,0,0,0,0,0,0,0,0,0,0,0,0,0,0,0,0,0,0,0,0,0,0,0,0,0,0,0,0,0,0,0,0,0,0,0,0,0,0,0,0,0,0,0,0,0,0,0,0,0,0,0,0,0,0,0,0,0,0,0,0,0,0,0,0,0,0,0,0,0,0,0,0,0,0,0,0,0,0,0,0,0,0,0,0,0,0,0,0,0,0,0,0,0,0,0,0,0,0,0,0,0,0,0,0,0,0,0,0,0,0,0,0,0,0,0,0,0,0,0,0,0,0,0,0,0,0,0,0,0,0,0,0,0,0,0,0,0,0,0,0,0,0,0,0,0,0,0,0,0,0,0,0,0,0,0,0,0,0,0,0,0,0,0,0,0,0,0,0,0,0,0,0,0,0,0,0,0,0,0,0,0,0,0,0,0,0,0,0,0,0,0,0,0,0,0,0,0,0,0,0,0,0,0,0,0,0,0,0,0,0,0,0,0,0,0,0,0,0,0,0,0,0,0,0,0,0,0,0,0,0,0,0,0,0,0,0,0,0,0,0,0,0,0,0,0,0,0,0,0,0,0,0,0,0,0,0,0,0,0,0,0,0,0,0,0,0,0,0,0,0,0,0,0,0,0,0,0,0,0,0,0,0,0,0,0,0,0,0,0,0,0,0,0,0,0,0,0,0,0,0,0,0,0,0,0,0,0,0,0,0,0,0,0,0,0,0,0,0,0,0,0,0,0,0,0,0,0,0,0,0,0,0,0,0,0,0,0,0,0,0,0,0,0,0,0,0,0,0,0,0,0,0,0,0,0,0,0,0,0,0,0,0,0,0,0,0,0,0,0,0,0,0,0,0,0,0,0,0,0,0,0,0,0,0,0,0,0,0,0,0,0,0,0,0,0,0,0,0,0,0,0,0,0,0,0,0,0,0,0,0,0,0,0,0,0,0,0,0,0,0,0,0,0,0,0,0,0,0,0,0,0,0,0,0,0,0,0,0,0,0,0,0,0,0,0,0,0,0,0,0,0,0,0,0,0,0,0,0,0,0,0,0,0,0,0,0,0,0,0,0,0,0,0,0,0,0,0,0,0,0,0,0,0,0,0,0,0,0,0,0,0,0,0,0,0,0,0,0,0,0,0,0,0,0,0,0,0,0,0,0,0,0,0,0,0,0,0,0,0,0,0,0,0,0,0,0,0,0,0,0,0,0,0,0,0,0,0,0,0,0,0,0,0,0,0,0,0,0,0,0,0,0,0,0,0,0,0,0,0,0,0,0,0,0,0,0,0,0,0,0,0,0,0,0,0,0,0,0,0,0,0,0,0,0,0,0,0,0,0,0,0,0,0,0,0,0,0,0,0,0,0,0,0,0,0,0,0,0,0,0,0,0,0,0,0,0,0,0,0,0,0,0,0,0,0,0,0,0,0,0,0,0,0,0,0,0,0,0,0,0,0,0,0,0,0,0,0,0,0,0,0,0,0,0,0,0,0,0,0,0,0,0,0,0,0,0,0,0,0,0,0,0,0,0,0,0,0,0,0,0,0,0,0,0,0,0,0,0,0,0,0,0,0,0,0,0,0,0,0,0,0,0,0,0,0,0,0,0,0,0,0,0,0,0,0,0,0,0,0,0,0,0,0,0,0,0,0,0,0,0,0,0,0,0,0,0,0,0,0,0,0,0,0,0,0,0,0,0,0,0,0,0,0,0,0,0,0,0,0,0,0,0,0,0,0,0,0,0,0,0,0,0,0,0,0,0,0,0,0,0,0,0,0,0,0,0,0,0,0,0,0,0,0,0,0,0,0,0,0,0,0,0,0,0,0,0,0,0,0,0,0,0,0,0,0,0,0,0,0,0,0,0,0,0,0,0,0,0,0,0,0,0,0,0,0,0,0,0,0,0,0,0,0,0,0,0,0,0,0,0,0,0,0,0,0,0,0,0,0,0,0,0,0,0,0,0,0,0,0,0,0,0,0,0,0,0,0,0,0,0,0,0,0,0,0,0,0,0,0,0,0,0,0,0,0,0,0,0,0,0,0,0,0,0,0,0,0,0,0,0,0,0,0,0,0,0,0,0,0,0,0,0,0,0,0,0,0,0,0,0,0,0,0,0,0,0,0
WV0540100,2002,Parkersburg Police Department,West Virginia,32980,17,51,450,193,456,0,100,203,0,0,95,228,9,209,73,50,0,16,24,5,25,39,15,0,12,72,0,0,0,3,1,0,0,8,0,2,7,0,15,0,0,3,0,0,0,0,16,1,0,0,0,0,16,0,0,24,5,0,0,0,0,3,8,1,6,0,0,0,0,3,0,0,0,0,0,0,0,3,0,0,14,0,0,46,0,122,0,0,325,3,0,8,185,0,0,17,439,0,0,39,61,0,4,0,198,1,0,0,0,0,0,42,53,0,0,20,206,1,1,0,9,0,6,203,0,1,72,0,3,47,0,0,0,0,2,14,0,0,24,0,0,4,0,0,0,0,0,24,0,0,36,0,0,0,14,0,0,0,10,0,0,69,0,0,0,0,0,0,3,0,0,0,1,0,0,0,0,8,0,0,2,0,3,0,0,0,0,0,0,3,2,0,0,0,0,0,0,0,0,0,0,4,13,0,0,0,0,0,0,0,1,5,0,0,0,0,0,0,0,0,0,0,0,0,0,0,0,0,0,0,0,1,3,0,0,0,0,3,0,0,2,0,0,0,0,0,0,0,0,0,1,0,0,0,0,0,0,0,0,0,0,0,0,0,0,0,0,0,0,0,0,0,0,0,0,0,0,0,0,0,0,0,0,0,0,0,0,0,0,0,0,0,0,0,0,0,0,0,0,0,0,0,0,0,0,4,1,11,0,18,292,50,76,17,133,51,5,2,174,86,17,0,11,3,78,6,116,60,20,5,0,0,0,0,0,0,0,0,0,95,92,109,12,8,0,9,0,38,14,154,1,14,5,54,0,9,9,32,0,0,0,0,3,6,7,20,3,1,5,0,0,175,0,0,0,19,4,2,0,3,35,0,0,0,14,0,0,3,8,14,57,0,0,0,0,0,0,0,1,0,2,0,0,0,1,0,0,8,0,0,0,1,1,0,3,1,3,0,0,0,16,14,0,2,0,0,0,0,0,0,0,10,1,3,0,0,0,1,0,0,0,0,0,0,0,2,0,15,7,1,1,4,2,1,0,0,2,0,0,0,3,0,1,0,0,0,0,0,2,0,0,0,0,0,0,0,0,0,0,0,0,0,0,0,0,1,0,0,0,0,0,0,0,0,0,0,0,0,0,0,0,0,0,97,3,39,0,2,0,7,0,0,0,0,0,18,53,495,215,476,0,139,208,0,0,127,247,12,219,75,57,0,18,29,6,28,44,19,0,12,82,0,0,0,6,1,0,0,8,0,2,7,0,15,0,0,3,0,0,0,4,14,0,8,36,123,342,30,22,62,131,30,106,340,0,0,0,24,114,1,17,37,154,0,0,0,0,0,0,53,66,8,44,70,133,0,4,8,5,32,182,2,6,67,5,19,33,0,0,0,3,3,12,0,21,8,3,0,9,19,14,20,10,5,12,2,0,3,3,6,31,32,19,0,0,0,0,0,0,1,4,1,0,0,0,0,0,7,1,0,0,2,1,0,2,0,0,7,0,9,0,0,0,0,0,2,12,0,0,0,1,0,0,0,0,1,0,0,0,2,0,0,0,1,0,0,0,0,0,0,0,0,0,0,1,0,17,4,41,1,31,29,433,0,4,130,81,14,337,125,0,0,7,0,132,0,1,156,51,0,0,0,0,0,0,0,2,5,120,11,132,104,8,4,2,183,34,0,67,8,4,34,19,0,0,0,0,12,6,3,7,19,0,3,3,0,0,0,18,10,1,0,2,9,33,0,0,0,0,2,17,0,1,6,5,0,5,19,58,0,0,0,0,0,0,1,5,0,0,0,0,0,0,0,0,0,0,0,0,0,1,1,6,0,0,0,0,0,0,2,1,0,6,0,8,0,0,0,0,0,0,0,0,0,3,12,0,0,0,0,0,0,0,1,0,0,0,0,0,0,0,0,0,1,0,0,0,0,0,0,0,0,0,0,0,0,0,2,0,0,0,0,0,0,0,0,0,0,0,0,0,0,0,0,0,0,0,0,0,0,0,0,0,0,0,0,0,0,0,0,0,0,0,0,0,18,0,0,39,2,379,69,47,68,7,140,95,38,343,0,0,110,28,1,39,11,158,0,0,0,0,0,0,79,41,7,90,17,140,4,8,25,7,187,6,2,67,18,6,33,0,0,6,0,12,22,1,6,4,1,1,0,0,4,5,19,31,2,11,17,0,2,0,5,1,6,54,3,25,0,0,0,0,0,3,2,1,0,0,0,0,0,6,0,2,0,0,0,2,0,0,6,1,0,12,0,0,0,0,11,2,0,0,0,1,0,0,1,0,0,2,0,2,0,0,0,0,0,0,0,0,0,0,0,209,7,120,19,7,26,214,47,335,4,9,63,18,0,7,0,174,7,2,5,1,0,0,1,0,1,1,0,0,22,0,0,2,0,4,0,1,13,0,0,0,3,0,0,0,0,0,0,0,0,0,0,0,0,0,46,163,5,36,84,9,10,5,9,17,45,169,5,42,56,279,2,2,9,29,5,13,0,0,7,0,22,152,5,0,2,3,2,2,2,0,1,34,0,0,0,1,2,0,1,0,0,0,0,0,1,21,0,1,0,0,0,0,0,1,0,0,0,4,0,0,0,1,2,0,11,0,0,0,0,0,0,1,2,0,0,0,0,0,0,0,0,0,0,0,0,0,1,0,0,0,0,0,0,0,0,0,0,0,0,0,0,0,0,0,0,0,14,190,0,7,115,1,18,0,7,0,25,9,205,3,44,8,320,4,1,8,1,62,2,16,0,0,7,0,0,2,169,4,3,0,2,0,5,3,1,0,0,0,0,0,1,0,0,0,0,0,0,0,0,0,0,0,0,1,0,0,1,0,0,0,0,0,22,0,1,0,0,0,0,0,0,2,0,0,0,1,3,1,0,0,0,12,0,0,0,0,0,0,0,0,1,0,0,0,0,0,0,0,0,0,1,0,0,0,0,0,3,0,0,0,0,0,0,0,0,0,0,0,0,0,4,1,0,0,0,0,0,0,0,0,0,0,0,0,0,0,0,0,0,1,0,0,0,0,0,0,0,2,0,0,0,0,0,0,0,0,0,0,0,0,0,0,0,0,0,0,0,0,0,4,1,0,0,0,2,0,0,0,0,0,0,0,0,0,0,0,1,0,0,0,0,0,0,0,0,0,0,0,0,0,0,0,0,0,0,0,0,0,0,0,0,0,0,0,162,3,59,15,5,23,208,26,326,0,2,5,8,0,3,0,168,2,0,4,0,0,0,0,0,1,0,0,0,4,0,0,0,0,3,0,1,11,45,6,4,2,60,2,3,6,21,0,10,0,4,4,0,0,5,2,1,1,7,58,0,18,0,0,0,0,1,0,0,0,0,0,0,0,0,0,0,0,0,0,0,0,1,0,0,0,0,0,0,2,2,0,0,4,0,1,0,0,0,0,0,0,0,0,1,1,0,0,0,0,1,0,0,1,0,0,0,0,0,0,1,0,0,0,0,0,0,3,0,0,0,0,0,0,0,0,0,0,0,0,0,0,0,0,0,0,0,0,0,0,0,0,0,0,0,0,0,0,0,0,0,0,209,3,3,62,19,6,1,26,214,21,24,335,4,3,5,1,59,7,0,2,5,0,173,5,1,1,5,55,1,2,0,0,0,0,0,0,0,0,0,0,0,1,0,0,0,0,0,3,0,1,20,0,1,0,1,11,1,0,2,0,0,0,3,1,0,0,0,1,11,0,0,0,0,0,0,0,0,2,0,0,0,0,3,0,0,1,0,0,0,0,0,0,0,0,0,0,1,0,3,1,0,0,2,0,0,0,0,0,0,0,0,0,0,0,0,0,0,0,0,0,0,174,1,3,0,61,1,19,0,5,1,4,0,207,0,22,0,106,0,4,0,2,0,0,7,0,2,0,15,0,2,0,1,1,0,0,0,0,0,0,0,0,0,1,0,0,0,0,1,0,0,0,0,0,0,0,0,0,3,0,0,0,0,0,11,0,0,0,0,0,0,0,34,22,11,0,159,2,58,0,1,7,0,5,2,4,0,7,63,21,0,0,0,1,0,4,0,0,25,0,0,0,5,1,0,0,0,0,0,0,0,1,1,0,0,1,0,0,229,0,0,0,0,3,0,0,0,0,0,0,0,0,0,0,0,0,1,0,0,0,0,0,0,0,0,0,0,0,0,0,23,61,483,204,479,0,100,207,0,0,95,234,11,223,75,50,0,21,27,6,27,42,16,0,13,80,0,0,0,3,1,0,0,8,0,2,7,0,16,0,0,3,0,0,0,7,16,0,34,274,209,0,74,81,0,174,198,0,76,83,0,0,0,0,0,0,0,0,92,50,0,0,109,104,0,32,31,0,14,26,0,0,0,9,8,0,25,2,4,0,0,9,12,0,13,14,0,0,1,0,0,9,2,0,16,13,0,0,0,0,3,0,0,0,7,0,2,1,0,0,0,27,1,0,0,0,0,0,14,0,0,1,2,0,2,0,0,0,0,0,0,0,0,2,0,21,0,61,0,13,3,467,4,2,149,6,0,366,1,1,157,0,0,0,0,0,0,0,141,0,3,2,208,0,0,0,63,0,1,39,0,0,0,0,17,0,27,0,6,0,0,0,0,1,3,0,18,0,0,0,0,0,0,27,0,0,0,0,1,0,0,0,11,0,1,0,28,0,0,0,0,3,0,0,0,0,0,0,0,0,0,0,0,0,0,0,8,0,0,0,0,0,0,1,0,0,0,0,0,0,0,0,0,1,15,0,0,0,0,0,0,0,0,0,0,3,0,0,0,0,0,0,0,0,0,0,0,0,0,0,0,0,0,0,0,0,0,0,0,5,4,80,20,33,18,0,0,0,16,0,11,2,6,0,3,0,0,0,4,0,0,0,4,0,0,1,0,0,1,0,18,57,402,135,339,141,126,202,34,7,23,25,61,3,0,0,1,0,0,0,0,0,0,18,0,0,14,15,0,0,27,3,0,0,11,0,6,0,0,1,0,0,0,0,0,1,0,0,0,0,0,3,0,0,0,0,0,0,0,0,20,3,0,46,378,97,8,154,0,1,359,4,9,138,18,3,0,0,0,0,0,0,0,133,1,0,193,14,6,63,0,27,13,0,0,0,15,2,0,11,16,0,1,5,0,0,19,0,2,27,0,0,1,0,0,11,0,25,0,4,0,0,1,2,0,8,0,2,0,1,0,0,0,0,10,5,0,0,0,0,16,6,0,2,0,1,0,0,0,0,0,0,0,0,0,0,0,0,0,2,14,17,466,0,17,0,27,0,6,0,0,3,8,7,0,3,0,0,0,0,0,0,0,0,0,0,0,1,1,17,4,0,1,35,172,51,193,39,28,151,368,158,0,0,0,142,0,213,63,40,0,0,0,0,0,0,4,1,12,1,2,18,0,6,1,4,1,0,0,21,27,1,0,11,29,0,0,0,2,0,1,0,6,0,1,0,0,1,1,12,12,0,12,2,0,0,2,3,0,1,2,0,0,0,1,3,0,0,1,0,0,0,1,0,0,0,0,0,0,0,0,0,1,0,0,0,0,0,0,0,0,0,0,0,0,0,0,0,0,0,0,0,0,0,0,0,0,0,0,0,0,0,0,0,0,0,0,0,0,0,0,0,0,0,0,0,0,0,0,0,0,0,0,0,0,0,0,0,0,0,0,0,0,0,0,0,0,0,0,0,0,0,0,0,1,0,0,0,0,0,0,0,0,0,0,0,0,0,0,0,0,0,0,0,0,0,0,0,0,0,0,0,0,0,0,0,0,0,0,0,0,0,0,0,0,0,0,0,0,0,0,0,0,0,0,0,0,0,0,0,0,0,0,0,0,0,0,0,0,0,0,0,0,0,0,0,0,1,4,0,0,0,0,0,0,0,0,0,0,0,0,0,0,0,0,0,0,0,0,0,0,0,0,0,0,0,0,0,0,0,0,0,0,0,0,0,0,0,0,0,0,0,0,0,0,0,0,0,0,0,0,0,0,0,0,0,0,0,0,0,0,0,0,0,0,0,0,0,0,0,0,0,0,0,0,0,0,0,0,0,0,0,0,0,0,0,0,0,0,0,0,0,0,0,0,0,0,0,0,0,0,0,0,0,0,0,0,0,0,0,0,0,0,0,0,0,0,0,0,0,0,0,0,0,0,0,0,0,0,0,0,0,0,0,0,0,0,0,0,0,0,0,0,0,0,0,0,0,0,0,0,0,0,0,0,0,0,0,0,0,0,0,0,0,0,0,0,0,0,0,0,0,0,0,0,0,0,0,0,0,0,0,0,0,0,0,0,0,0,0,0,0,0,0,0,0,0,0,0,0,0,0,0,0,0,0,0,0,0,0,0,0,0,0,0,0,0,0,0,0,0,0,0,0,0,0,0,0,0,0,0,0,0,0,0,0,0,0,0,0,0,0,0,0,0,0,0,0,0,0,0,0,0,0,0,0,0,0,0,0,0,0,0,0,0,0,0,0,0,0,0,0,0,0,0,0,0,0,0,0,0,0,0,0,0,0,0,0,0,0,0,0,0,0,0,0,0,0,0,0,0,0,0,0,0,0,0,0,0,0,0,0,0,0,0,0,0,0,0,0,0,0,0,0,0,0,0,0,0,0,0,0,0,0,0,0,0,0,0,0,0,0,0,0,0,0,0,0,0,0,0,0,0,0,0,0,0,0,0,0,0,0,0,0,0,0,0,0,0,0,0,0,0,0,0,0,0,0,0,0,0,0,0,0,0,0,0,0,0,0,0,0,0,0,0,0,0,0,0,0,0,0,0,0,0,0,0,0,0,0,0,0,0,0,0,0,0,0,0,0,0,0,0,0,0,0,0,0,0,0,0,0,0,0,0,0,0,0,0,0,0,0,0,0,0,0,0,0,0,0,0,0,0,0,0,0,0,0,0,0,0,0,0,0,0,0,0,0,0,0,0,0,0,0,0,0,0,0,0,0,0,0,0,0,0,0,0,0,0,0,0,0,0,0,0,0,0,0,0,0,0,0,0,0,0,0,0,0,0,0,0,0,0,0,0,0,0,0,0,0,0,0,0,0,0,0,0,0,0,0,0,0,0,0,0,0,0,0,0,0,0,0,0,0,0,0,0,0,0,0,0,0,0,0,0,0,0,0,0,0,0,0,0,0,0,0,0,0,0,0,0,0,0,0,0,0,0,0,0,0,0,0,0,0,0,0,0,0,0,0,0,0,0,0,0,0,0,0,0,0,0,0,0,0,0,0,0,0,0,0,0,0,0,0,0,0,0,0,0,0,0,0,0,0,0,0,0,0,0,0,0,0,0,0,0,0,0,0,0,0,0,0,0,0,0,0,0,0,0,0,0,0,0,0,0,0,0,0,0,0,0,0,0,0,0,0,0,0,0,0,0,0,0,0,0,0,0,0,0,0,0,0,0,0,0,0,0,0,0,0,0,0,0,0,0,0,0,0,0,0,0,0,0,0,0,0,0,0,0,0,0,0,0,0,0,0,0,0,0,0,0,0,0,0,0,0,0,0,0,0,0,0,0,0,0,0,0,0,0,0,0,0,0,0,0,0,0,0,0,0,0,0,0,0,0,0,0,0,0,0,0,0,0,0,0,0,0,0,0,0,0,0,0,0,0,0,0,0,0,0,0,0,0,0,0,0,0,0,0,0,0,0,0,0,0,0,0,0,0,0,0,0,0,0,0,0,0,0,0,0,0,0,0,0,0,0,0,0,0,0,0,0,0,0,0,0,0,0,0,0,0,0,0,0,0,0,0,0,0,0,0,0,0,0,0,0,0,0,0,0,0,0,0,0,0,0,0,0,0,0,0,0,0,0,0,0,0,0,0,0,0,0,0,0,0,0,0,0,0,0,0,0,0,0,0,0,0,0,0,0,0,0,0,0,0,0,0,0,0,0,0,0,0,0,0,0,0,0,0,0,0,0,0,0,0,0,0,0,0,0,0,0,0,0,0,0,0,0,0,0,0,0,0,0,0,0,0,0,0,0,0,0,0,0,0,0,0,0,0,0,0,0,0,0,0,0,0,0,0,0,0,0,0,0,0,0,0,0,0,0,0,0,0,0,0,0,0,0,0,0,0,0,0,0,0,0,0,0,0,0,0,0,0,0,0,0,0,0,0,0,0,0,0,0,0,0,0,0,0,0,0,0,0,0,0,0,0,0,0,0,0,0,0,0,0,0,0,0,0,0,0,0,0,0,0,0,0,0,0,0,0,0,0,0,0,0,0,0,0,0,0,0,0,0,0,0,0,0,0,0,0,0,0,0,0,0,0,0,0,0,0,0,0,0,0,0,0,0,0,0,0,0,0,0,0,0,0,0,0,0,0,0,0,0,0,0,0,0,0,0,0,0,0,0,0,0,0,0,0,0,0,0,0,0,0,0,0,0,0,0,0,0,0,0,0,0,0,0,0,0,0,0,0,0,0,0,0,0,0,0,0,0,0,0,0,0,0,0,0,0,0,0,0,0,0,0,0,0,0,0,0,0,0,0,0,0,0,0,0,0,0,0,0,0,0,0,0,0,0,0,0,0,0,0,0,0,0,0,0,0,0,0,0,0,0,0,0,0,0,0,0,0,0,0,0,0,0,0,0,0,0,0,0,0,0,0,0,0,0,0,0,0,0,0,0,0,0,0,0,0,0,0,0,0,0,0,0,0,0,0,0,0,0,0,0,0,0,0,0,0,0,0,0,0,0,0,0,0,0,0,0,0,0,0,0,0,0,0,0,0,0,0,0,0,0,0,0,0,0,0,0,0,0,0,0,0,0,0,0,0,0,0,0,0,0,0,0,0,0,0,0,0,0,0,0,0,0,0,0,0,0,0,0,0,0,0,0,0,0,0,0,0,0,0,0,0,0,0,0,0,0,0,0,0,0,0,0,0,0,0,0,0,0,0,0,0,0,0,0,0,0,0,0,0,0,0,0,0,0,0,0,0,0,0,0,0,0,0,0,0,0,0,0,0,0,0,0,0,0,0,0,0,0,0,0,0,0,0,0,0,0,0,0,0,0,0,0,0,0,0,0,0,0,0,0,0,0,0,0,0,0,0,0,0,0,0,0,0,0,0,0,0,0,0,0,0,0,0,0,0,0,0,0,0,0,0,0,0,0,0,0,0,0,0,0,0,0,0,0,0,0,0,0,0,0,0,0,0,0,0,0,0,0,0,0,0,0,0,0,0,0,0,0,0,0,0,0,0,0,0,0,0,0,0,0,0,0,0,0,0,0,0,0,0,0,0,0,0,0,0,0,0,0,0,0,0,0,0,0,0,0,0,0,0,0,0,0,0,0,0,0,0,0,0,0,0,0,0,0,0,0,0,0,0,0,0,0,0,0,0,0,0,0,0,0,0,0,0,0,0,0,0,0,0,0,0,0,0,0,0,0,0,0,0,0,0,0,0,0,0,0,0,0,0,0,0,0,0,0,0,0,0,0,0,0,0,0,0,0,0,0,0,0,0,0,0,0,0,0,0,0,0,0,0,0,0,0,0,0,0,0,0,0,0,0,0,0,0,0,0,0,0,0,0,0,0,0,0,0,0,0,0,0,0,0,0,0,0,0,0,0,0,0,0,0,0,0,0,0,0,0,0,0,0,0,0,0,0,0,0,0,0,0,0,0,0,0,0,0,0,0,0,0,0,0,0,0,0,0,0,0,0,0,0,0,0,0,0,0,0,0,0,0,0,0,0,0,0,0,0,0,0,0,0,0,0,0,0,0,0,0,0,0,0,0,0,0,0,0,0,0,0,0,0,0,0,0,0,0,0,0,0,0,0,0,0,0,0,0,0,0,0,0,0,0,0,0,0,0,0,0,0,0,0,0,0,0,0,0,0,0,0,0,0,0,0,0,0,0,0,0,0,0,0,0,0,0,0,0,0,0,0,0,0,0,0,0,0,0,0,0,0,0,0,0,0,0,0,0,0,0,0,0,0,0,0,0,0,0,0,0,0,0,0,0,0,0,0,0,0,0,0,0,0,0,0,0,0,0,0,0,0,0,0,0,0,0,0,0,0,0,0,0,0,0,0,0,0,0,0,0,0,0,0,0,0,0,0,0,0,0,0,0,0,0,0,0,0,0,0,0,0,0,0,0,0,0,0,0,0,0,0,0,0,0,0,0,0,0,0,0,0,0,0,0,0,0,0,0,0,0,0,0,0
WV0540100,2001,Parkersburg Police Department,West Virginia,32981,26,69,579,270,348,0,44,179,1,1,146,328,7,372,21,85,0,17,20,7,20,90,7,0,14,97,0,0,0,1,0,1,0,19,0,0,9,0,9,0,0,1,0,0,0,5,20,1,0,0,0,2,15,0,0,20,7,0,0,0,0,1,19,1,7,0,1,0,0,1,0,0,0,0,0,0,0,6,0,0,19,1,0,51,0,128,0,0,447,4,0,15,255,0,0,38,307,0,0,9,35,0,6,0,172,1,0,1,0,1,0,46,100,0,0,22,306,0,0,3,4,0,12,358,0,0,21,0,4,81,0,0,0,0,3,14,0,0,18,0,0,4,0,0,0,0,0,17,0,0,84,1,0,3,7,0,0,0,11,1,0,91,1,0,0,0,0,0,1,0,2,0,0,1,0,0,0,19,0,0,0,0,6,0,0,0,0,2,0,5,2,0,0,0,0,0,0,0,0,0,0,3,7,0,0,0,0,0,0,0,3,18,0,0,0,0,0,0,0,0,0,0,0,0,0,0,0,0,0,0,0,0,5,0,0,0,0,1,0,0,2,0,0,0,0,0,0,0,0,0,3,0,0,0,0,0,0,0,0,0,0,0,0,0,0,0,0,0,0,0,0,0,0,0,0,0,0,0,0,0,0,0,0,0,0,0,0,0,0,0,0,0,0,0,0,0,0,0,0,0,0,0,0,0,0,10,2,10,1,33,372,46,119,19,201,54,5,5,122,62,18,0,9,3,31,1,105,60,13,1,1,0,0,0,0,0,1,0,1,144,135,161,10,13,0,6,1,63,28,277,3,7,1,13,0,13,13,58,0,0,0,0,2,6,9,16,0,4,6,1,0,142,1,0,0,11,4,4,1,7,81,2,0,0,7,0,0,7,7,23,71,2,0,0,0,0,0,0,1,0,0,0,0,0,0,0,0,16,1,0,0,0,0,0,1,0,7,1,0,0,11,22,0,3,0,0,0,0,0,0,1,8,0,1,0,0,0,0,0,0,0,0,0,0,1,5,0,23,9,0,0,4,0,1,0,0,0,0,0,0,1,0,3,1,0,0,0,0,1,0,0,0,0,0,0,0,0,0,0,0,0,0,0,0,0,0,0,0,1,0,0,0,0,0,0,0,0,0,0,0,0,0,0,44,0,90,0,0,0,9,0,0,0,0,0,34,77,636,299,387,0,55,185,1,1,176,365,10,395,22,87,0,19,25,9,23,99,7,0,16,118,0,0,0,2,0,1,0,20,0,0,13,0,9,0,0,1,0,0,0,2,29,3,10,61,148,449,39,24,96,179,35,157,195,0,0,0,11,44,0,18,44,123,0,0,1,0,1,0,60,105,11,55,155,155,0,6,4,14,57,324,0,3,19,3,15,69,0,0,0,0,14,5,0,22,3,8,1,8,14,27,38,34,5,2,0,0,7,4,5,26,65,27,0,0,0,0,0,0,2,0,0,0,0,0,0,0,18,1,0,0,1,0,0,0,0,0,12,1,6,0,0,0,0,0,1,8,0,0,0,0,0,1,0,0,1,1,0,0,0,0,0,0,0,0,0,0,0,0,0,0,0,0,0,5,3,26,2,70,0,33,41,562,0,7,179,113,5,192,190,0,0,2,0,53,0,3,123,59,0,1,0,0,0,1,2,7,8,159,10,154,200,4,6,0,322,73,0,19,3,0,69,18,0,0,0,2,5,12,2,3,20,0,0,9,0,0,0,14,9,0,0,7,34,58,0,0,0,0,0,6,0,2,5,9,0,6,24,88,0,0,0,0,0,0,0,2,0,0,0,0,0,0,0,0,0,1,0,0,0,0,1,19,0,0,0,0,0,0,0,2,1,10,0,5,1,0,0,0,0,0,0,0,0,0,9,0,0,0,0,0,0,0,0,0,0,0,0,0,0,0,0,0,1,0,0,0,0,0,0,0,0,0,0,0,0,0,0,0,0,0,0,0,0,0,0,0,1,0,0,0,0,0,0,0,0,0,0,0,0,0,0,0,0,0,0,0,0,0,0,0,0,0,0,0,27,4,3,60,10,505,81,50,90,24,185,137,49,201,0,0,42,13,0,52,10,123,0,0,1,1,0,0,102,59,15,164,32,169,4,4,45,26,324,3,0,19,13,5,69,0,0,13,1,5,18,3,4,7,2,0,2,0,4,5,14,62,1,36,7,0,0,0,8,3,5,87,0,31,0,0,0,0,0,2,0,0,0,1,0,0,0,17,0,3,0,0,0,0,0,0,9,3,1,7,0,0,0,0,6,1,0,0,0,0,0,0,1,0,0,2,0,0,0,0,0,0,0,0,0,0,0,0,0,327,14,122,9,24,31,165,15,481,9,7,67,15,5,18,0,215,3,2,7,0,0,0,0,2,9,0,0,36,41,0,0,0,0,4,0,4,23,0,0,2,5,0,0,0,2,0,0,0,0,0,0,0,0,0,63,263,11,39,83,5,4,22,9,22,29,136,4,11,70,411,0,9,3,26,6,9,0,5,14,0,51,163,3,0,2,0,7,3,2,0,0,41,0,0,0,0,0,2,7,0,4,0,24,2,5,36,0,0,0,4,0,0,12,0,0,0,0,4,0,0,0,4,4,0,19,0,0,0,0,0,2,2,3,0,0,0,0,0,1,1,0,0,2,0,0,0,0,0,0,0,0,0,0,0,0,0,0,0,0,0,0,0,0,0,0,0,12,301,2,12,117,1,7,4,20,0,30,2,162,1,14,12,465,8,0,7,3,64,0,15,4,0,18,0,0,4,209,0,3,0,2,0,7,4,0,0,1,0,0,0,0,0,0,1,1,0,0,0,0,0,0,0,0,9,0,0,0,0,1,0,0,0,41,0,0,0,0,0,0,1,33,0,2,0,0,1,3,0,0,0,0,23,0,0,0,0,0,0,0,1,0,0,0,0,0,0,0,0,0,1,4,0,0,0,0,0,4,0,0,0,0,0,0,0,0,0,0,0,0,0,13,1,1,0,0,0,0,0,0,0,0,0,0,1,0,0,0,0,0,1,0,0,1,0,0,0,0,1,2,0,0,0,0,0,0,0,0,0,0,0,0,0,0,0,0,0,0,0,0,2,1,0,0,0,0,0,0,0,0,0,0,0,0,0,0,0,1,0,0,0,0,0,0,1,0,1,0,0,0,0,0,0,0,0,0,0,0,0,0,0,0,0,0,0,264,1,47,7,6,26,151,3,467,0,3,4,5,1,2,0,195,2,1,5,0,0,0,0,0,8,0,0,5,7,0,0,0,0,2,0,1,16,62,13,13,7,75,18,5,14,12,3,10,0,19,2,0,0,1,0,2,2,4,63,1,34,0,0,0,0,1,0,0,0,0,0,0,0,0,0,0,2,2,0,0,0,3,0,0,0,0,3,0,2,1,30,0,16,0,0,0,0,0,0,0,0,0,4,0,1,0,0,0,0,0,0,0,0,0,1,0,0,0,0,0,0,0,0,0,0,0,1,0,0,0,0,0,2,0,0,0,0,0,0,0,0,0,0,0,0,0,0,0,0,0,0,0,0,0,0,0,0,0,0,0,0,255,1,13,46,9,4,15,26,165,1,11,480,9,3,4,2,54,5,0,0,18,0,193,3,1,1,5,72,0,0,0,0,69,5,0,0,0,0,0,0,0,8,0,2,0,36,0,4,0,2,36,1,0,0,0,10,22,0,0,0,0,0,2,2,5,2,0,1,15,0,0,0,3,0,0,0,3,6,5,1,0,0,3,0,0,0,0,0,0,0,0,0,0,0,0,0,0,0,11,3,1,0,3,2,2,0,0,0,0,0,2,0,0,0,0,0,0,0,0,0,1,195,5,2,0,48,0,9,0,4,0,3,0,158,0,2,0,227,0,9,0,3,0,2,3,0,2,0,36,0,0,2,0,1,0,0,0,0,0,0,0,0,0,8,0,0,0,0,2,0,0,0,0,0,0,0,0,0,2,0,0,0,0,0,15,0,0,0,0,0,0,0,127,28,12,0,179,8,74,0,20,7,0,3,0,6,0,4,65,39,0,0,0,1,3,12,1,0,13,0,2,0,16,0,2,0,0,36,0,0,5,2,0,0,0,0,1,0,254,0,0,0,0,3,0,0,0,0,0,0,0,0,0,0,0,0,0,2,0,0,0,0,0,0,0,0,0,0,0,0,29,77,658,283,384,0,44,180,1,1,146,343,7,388,21,85,0,22,20,7,22,107,7,0,14,100,0,0,0,1,0,1,0,24,0,0,9,0,9,0,0,1,0,0,0,4,25,0,42,395,263,0,121,106,0,151,147,0,57,69,0,1,0,1,0,0,2,0,95,103,0,0,196,176,0,7,9,0,26,40,0,0,0,8,9,0,20,2,5,0,0,7,9,0,18,21,0,0,1,0,0,5,6,0,22,11,0,0,0,1,0,0,0,0,18,0,0,0,0,0,0,35,6,0,0,0,0,0,9,0,0,1,0,0,0,0,0,0,0,0,0,0,0,1,0,28,1,74,0,9,2,647,4,2,221,3,3,291,3,1,122,0,1,0,1,0,2,0,195,0,7,1,364,0,0,0,16,0,0,66,0,0,0,0,17,0,20,0,7,0,0,0,0,2,2,0,14,0,0,0,0,1,0,38,1,0,0,0,1,0,1,0,10,0,3,1,29,0,0,0,0,1,0,0,0,0,1,0,0,0,0,0,0,0,0,0,24,0,0,0,0,0,0,0,0,0,1,0,0,0,0,0,0,0,9,0,0,1,0,0,0,0,0,0,0,1,0,0,0,0,0,0,0,0,0,0,0,0,0,0,0,0,0,0,0,0,0,0,0,3,5,70,18,23,10,0,0,1,11,0,19,2,8,0,2,0,0,1,1,0,0,1,2,0,0,0,0,0,0,0,26,72,587,206,275,116,185,353,58,24,38,31,14,1,0,0,1,3,0,2,0,0,0,15,0,0,15,9,0,0,20,1,0,0,10,1,7,0,0,0,1,0,0,1,0,1,0,0,0,0,0,0,0,0,0,0,0,0,0,0,23,6,0,62,496,135,27,219,5,3,279,5,14,108,13,5,1,0,0,1,0,2,0,180,5,0,349,17,6,16,0,47,18,0,0,0,17,0,0,10,10,0,0,7,0,1,13,0,3,34,0,5,1,0,0,11,0,30,2,1,0,0,0,1,0,13,0,19,0,0,0,0,0,0,10,5,0,0,0,0,9,5,0,0,0,1,0,0,0,0,0,0,0,0,0,0,0,0,0,4,14,18,640,0,17,0,20,0,7,0,0,1,23,11,0,1,0,1,0,0,0,0,0,0,0,0,0,2,1,19,4,3,7,41,249,87,190,73,59,223,293,126,1,1,2,198,0,372,16,66,0,0,0,0,0,0,0,12,5,0,4,8,5,3,4,3,0,0,0,16,39,1,0,11,33,0,0,1,0,0,0,10,8,2,4,0,0,0,6,6,17,0,6,0,0,0,3,2,0,1,0,0,0,2,0,2,1,0,0,0,0,0,0,0,0,0,0,0,0,0,0,0,2,0,0,0,0,0,0,0,0,0,0,0,0,0,0,0,0,0,0,0,0,0,0,0,0,0,0,0,0,0,0,0,0,0,0,0,0,0,0,0,0,0,0,0,0,0,0,0,0,0,0,0,0,0,0,0,0,0,0,0,0,0,0,0,0,0,0,0,0,0,0,0,0,0,0,0,0,0,0,0,0,0,0,0,0,0,0,0,0,0,0,0,0,0,0,0,0,0,0,0,0,0,0,0,0,0,0,0,0,0,0,0,0,0,0,0,0,0,0,0,0,0,0,0,0,0,0,0,0,0,0,0,0,0,0,0,0,0,0,0,0,0,0,0,0,0,6,0,0,0,0,0,0,0,0,0,0,0,0,0,0,0,0,0,0,0,0,0,0,0,0,0,0,0,0,0,0,0,0,0,0,0,0,0,0,0,0,0,0,0,0,0,0,0,0,0,1,0,0,0,0,0,0,0,0,0,0,0,0,0,0,0,0,0,0,0,0,0,0,0,0,0,0,0,0,0,0,0,0,0,0,0,0,0,0,0,0,0,0,0,0,0,0,0,0,0,0,0,0,0,0,0,0,0,0,0,0,0,0,0,0,0,0,0,0,0,0,0,0,0,0,0,0,0,0,0,0,0,0,0,0,0,0,0,0,0,0,0,0,0,0,0,0,0,0,0,0,0,0,0,0,0,0,0,0,0,0,0,0,0,0,0,0,0,0,0,0,0,0,0,0,0,0,0,0,0,0,0,0,0,0,0,0,0,0,0,0,0,0,0,0,0,0,0,0,0,0,0,0,0,0,0,0,0,0,0,0,0,0,0,0,0,0,0,0,0,0,0,0,0,0,0,0,0,0,0,0,0,0,0,0,0,0,0,0,0,0,0,0,0,0,0,0,0,0,0,0,0,0,0,0,0,0,0,0,0,0,0,0,0,0,0,0,0,0,0,0,0,0,0,0,0,0,0,0,0,0,0,0,0,0,0,0,0,0,0,0,0,0,0,0,0,0,0,0,0,0,0,0,0,0,0,0,0,0,0,0,0,0,0,0,0,0,0,0,0,0,0,0,0,0,0,0,0,0,0,0,0,0,0,0,0,0,0,0,0,0,0,0,0,0,0,0,0,0,0,0,0,0,0,0,0,0,0,0,0,0,0,0,0,0,0,0,0,0,0,0,0,0,0,0,0,0,0,0,0,0,0,0,0,0,0,0,0,0,0,0,0,0,0,0,0,0,0,0,0,0,0,0,0,0,0,0,0,0,0,0,0,0,0,0,0,0,0,0,0,0,0,0,0,0,0,0,0,0,0,0,0,0,0,0,0,0,0,0,0,0,0,0,0,0,0,0,0,0,0,0,0,0,0,0,0,0,0,0,0,0,0,0,0,0,0,0,0,0,0,0,0,0,0,0,0,0,0,0,0,0,0,0,0,0,0,0,0,0,0,0,0,0,0,0,0,0,0,0,0,0,0,0,0,0,0,0,0,0,0,0,0,0,0,0,0,0,0,0,0,0,0,0,0,0,0,0,0,0,0,0,0,0,0,0,0,0,0,0,0,0,0,0,0,0,0,0,0,0,0,0,0,0,0,0,0,0,0,0,0,0,0,0,0,0,0,0,0,0,0,0,0,0,0,0,0,0,0,0,0,0,0,0,0,0,0,0,0,0,0,0,0,0,0,0,0,0,0,0,0,0,0,0,0,0,0,0,0,0,0,0,0,0,0,0,0,0,0,0,0,0,0,0,0,0,0,0,0,0,0,0,0,0,0,0,0,0,0,0,0,0,0,0,0,0,0,0,0,0,0,0,0,0,0,0,0,0,0,0,0,0,0,0,0,0,0,0,0,0,0,0,0,0,0,0,0,0,0,0,0,0,0,0,0,0,0,0,0,0,0,0,0,0,0,0,0,0,0,0,0,0,0,0,0,0,0,0,0,0,0,0,0,0,0,0,0,0,0,0,0,0,0,0,0,0,0,0,0,0,0,0,0,0,0,0,0,0,0,0,0,0,0,0,0,0,0,0,0,0,0,0,0,0,0,0,0,0,0,0,0,0,0,0,0,0,0,0,0,0,0,0,0,0,0,0,0,0,0,0,0,0,0,0,0,0,0,0,0,0,0,0,0,0,0,0,0,0,0,0,0,0,0,0,0,0,0,0,0,0,0,0,0,0,0,0,0,0,0,0,0,0,0,0,0,0,0,0,0,0,0,0,0,0,0,0,0,0,0,0,0,0,0,0,0,0,0,0,0,0,0,0,0,0,0,0,0,0,0,0,0,0,0,0,0,0,0,0,0,0,0,0,0,0,0,0,0,0,0,0,0,0,0,0,0,0,0,0,0,0,0,0,0,0,0,0,0,0,0,0,0,0,0,0,0,0,0,0,0,0,0,0,0,0,0,0,0,0,0,0,0,0,0,0,0,0,0,0,0,0,0,0,0,0,0,0,0,0,0,0,0,0,0,0,0,0,0,0,0,0,0,0,0,0,0,0,0,0,0,0,0,0,0,0,0,0,0,0,0,0,0,0,0,0,0,0,0,0,0,0,0,0,0,0,0,0,0,0,0,0,0,0,0,0,0,0,0,0,0,0,0,0,0,0,0,0,0,0,0,0,0,0,0,0,0,0,0,0,0,0,0,0,0,0,0,0,0,0,0,0,0,0,0,0,0,0,0,0,0,0,0,0,0,0,0,0,0,0,0,0,0,0,0,0,0,0,0,0,0,0,0,0,0,0,0,0,0,0,0,0,0,0,0,0,0,0,0,0,0,0,0,0,0,0,0,0,0,0,0,0,0,0,0,0,0,0,0,0,0,0,0,0,0,0,0,0,0,0,0,0,0,0,0,0,0,0,0,0,0,0,0,0,0,0,0,0,0,0,0,0,0,0,0,0,0,0,0,0,0,0,0,0,0,0,0,0,0,0,0,0,0,0,0,0,0,0,0,0,0,0,0,0,0,0,0,0,0,0,0,0,0,0,0,0,0,0,0,0,0,0,0,0,0,0,0,0,0,0,0,0,0,0,0,0,0,0,0,0,0,0,0,0,0,0,0,0,0,0,0,0,0,0,0,0,0,0,0,0,0,0,0,0,0,0,0,0,0,0,0,0,0,0,0,0,0,0,0,0,0,0,0,0,0,0,0,0,0,0,0,0,0,0,0,0,0,0,0,0,0,0,0,0,0,0,0,0,0,0,0,0,0,0,0,0,0,0,0,0,0,0,0,0,0,0,0,0,0,0,0,0,0,0,0,0,0,0,0,0,0,0,0,0,0,0,0,0,0,0,0,0,0,0,0,0,0,0,0,0,0,0,0,0,0,0,0,0,0,0,0,0,0,0,0,0,0,0,0,0,0,0,0,0,0,0,0,0,0,0,0,0,0,0,0,0,0,0,0,0,0,0,0,0,0,0,0,0,0,0,0,0,0,0,0,0,0,0,0,0,0,0,0,0,0,0,0,0,0,0,0,0,0,0,0,0,0,0,0,0,0,0,0,0,0,0,0,0,0,0,0,0,0,0,0,0,0,0,0,0,0,0,0,0,0,0,0,0,0,0,0,0,0,0,0,0,0,0,0,0,0,0,0,0,0,0,0,0,0,0,0,0,0,0,0,0,0,0,0,0,0,0,0,0,0,0,0,0,0,0,0,0,0,0,0,0,0,0,0,0,0,0,0,0,0,0,0,0,0,0,0,0,0,0,0,0,0,0,0,0,0,0,0,0,0,0,0,0,0,0,0,0,0,0,0,0,0,0,0,0,0,0,0,0,0,0,0,0,0,0,0,0,0,0,0,0,0,0,0,0,0,0,0,0,0,0,0,0,0,0,0,0,0,0,0,0,0,0,0,0,0,0,0,0,0,0,0,0,0,0,0,0,0,0,0,0,0,0,0,0,0,0,0,0,0,0,0,0,0,0,0,0,0,0,0,0,0,0,0,0,0,0,0,0,0,0,0,0,0,0,0,0,0,0,0,0,0,0,0,0,0,0,0,0,0,0,0,0,0,0,0,0,0,0,0,0,0,0,0,0,0,0,0,0,0,0,0,0,0,0,0,0,0,0,0,0,0,0,0,0,0,0,0,0,0,0,0,0,0,0,0,0,0,0,0,0,0,0,0,0,0,0,0,0,0,0,0,0,0,0,0,0,0,0,0,0,0,0,0,0,0,0,0,0,0,0,0,0,0,0,0,0,0,0,0,0,0,0,0,0,0,0,0,0,0,0,0,0,0,0,0,0,0,0,0,0,0,0,0,0,0,0,0,0,0,0,0,0,0,0,0,0,0,0,0,0,0,0,0,0,0,0,0,0,0,0,0,0,0,0,0,0,0,0,0,0,0,0,0,0,0,0,0,0,0,0,0,0,0,0,0,0,0,0,0,0,0,0,0,0,0,0,0,0,0,0,0,0,0,0,0,0,0,0,0,0,0,0,0,0,0,0,0,0,0,0,0,0,0,0,0,0,0,0,0,0,0,0,0,0,0,0,0,0,0,0,0,0,0,0,0,0,0,0,0,0,0,0,0,0,0,0,0,0,0,0,0,0,0,0,0,0,0,0,0,0,0,0,0,0,0,0,0,0,0,0,0,0,0,0,0,0,0,0,0,0,0,0,0,0,0,0,0,0,0,0,0,0,0
WV0540100,2000,Parkersburg Police Department,West Virginia,0,23,47,448,261,273,0,89,127,0,0,91,206,6,258,13,63,2,19,14,5,17,61,10,0,7,48,0,0,0,4,1,0,0,15,0,2,13,0,9,0,0,3,0,0,0,0,16,7,1,1,0,2,16,1,0,14,5,0,0,0,0,4,15,2,11,0,0,0,0,3,0,0,0,0,0,0,0,4,0,0,19,0,0,42,0,84,0,0,363,1,0,10,250,1,0,7,266,0,0,26,63,0,4,0,123,0,0,0,0,0,0,24,67,0,0,11,195,0,0,0,6,0,3,255,0,0,13,0,1,62,0,0,0,2,2,17,0,0,13,0,0,4,0,0,0,0,0,16,0,0,58,0,0,0,7,0,0,0,6,1,0,48,0,0,0,0,0,0,4,0,0,0,1,0,0,0,0,15,0,0,2,0,9,0,0,0,0,1,0,3,0,0,0,0,0,0,0,0,0,0,0,4,7,0,0,0,0,0,0,0,1,5,0,0,0,0,0,0,0,0,0,0,0,0,0,0,0,0,0,0,0,3,0,0,0,0,0,3,0,0,2,0,0,0,0,0,0,0,0,0,1,0,0,0,0,0,0,0,0,0,0,0,0,0,0,0,0,0,0,0,0,0,0,0,0,0,0,0,0,0,0,0,0,0,0,0,0,0,0,0,0,0,0,0,0,0,0,0,0,0,0,0,0,0,0,14,0,8,0,19,284,46,82,10,203,44,6,2,95,43,16,0,9,1,72,7,67,44,14,2,0,0,0,0,0,0,0,0,0,91,80,106,7,9,0,3,3,39,24,192,2,2,2,9,0,7,8,48,0,2,0,0,1,8,8,10,0,3,5,0,0,112,0,0,0,8,4,3,1,4,56,1,0,1,8,0,0,2,5,7,39,0,0,0,0,0,0,0,2,1,1,0,0,0,1,0,0,10,3,0,0,0,0,2,0,2,9,2,0,0,12,11,0,3,0,0,0,0,0,0,0,9,0,0,0,0,0,0,0,0,0,0,0,2,0,6,0,26,4,2,0,7,0,2,0,0,0,0,0,0,2,0,1,0,0,1,0,0,1,0,0,0,1,0,0,2,0,0,1,0,0,0,0,0,0,1,0,0,0,0,0,0,0,0,0,0,0,0,0,0,0,0,0,84,5,61,0,2,0,13,0,0,0,0,0,25,54,484,293,299,0,110,130,0,0,112,241,6,268,13,64,2,23,16,5,23,67,21,0,8,51,0,0,0,4,1,0,0,17,0,3,13,0,9,0,0,3,0,0,0,2,19,4,14,34,99,365,20,24,101,168,28,112,159,0,0,0,11,99,0,18,30,82,0,0,0,0,0,0,50,60,2,35,94,112,0,0,6,9,34,225,0,2,11,6,14,44,0,1,1,1,18,4,0,14,2,4,2,13,8,16,31,20,13,7,1,0,5,3,0,18,21,12,0,0,0,0,0,0,1,3,0,0,0,0,0,0,15,2,0,0,0,1,1,2,0,1,12,0,6,0,0,0,0,0,2,6,0,0,0,1,0,0,0,0,2,0,0,0,1,0,0,0,1,0,0,0,0,0,0,0,0,0,0,3,4,18,3,44,0,42,17,424,0,4,169,120,2,161,136,0,0,10,0,99,0,1,81,48,0,0,0,0,0,0,0,2,2,108,8,113,120,6,0,2,225,41,0,11,2,1,44,19,0,1,1,1,5,16,1,1,14,1,0,4,0,1,0,7,16,1,0,6,20,41,0,0,1,0,1,20,0,0,0,8,0,1,13,37,0,0,0,0,0,0,0,4,0,0,0,0,0,0,0,0,0,0,0,0,0,2,2,13,0,0,0,0,0,0,3,1,0,12,0,7,0,0,0,0,0,0,0,0,0,2,7,0,0,0,0,0,0,0,1,0,0,0,0,0,0,0,0,0,3,0,0,0,0,0,0,0,0,0,0,0,0,0,0,0,0,0,0,0,0,0,0,0,0,0,0,0,0,0,0,0,0,0,0,0,0,0,0,0,0,0,0,0,0,0,0,0,0,0,0,0,18,1,6,42,4,387,60,37,99,21,173,98,34,167,0,0,83,27,0,33,13,84,0,0,0,0,0,0,58,52,2,92,25,124,0,6,33,7,228,2,0,11,14,4,46,1,1,13,4,6,11,3,2,3,0,2,0,0,5,6,12,38,0,29,15,5,1,0,8,0,0,36,0,15,0,0,0,0,0,4,0,0,0,0,0,0,0,10,5,2,0,0,0,3,0,0,11,2,0,8,0,0,0,0,5,2,0,0,0,1,0,0,2,0,0,2,0,1,0,0,0,0,0,0,0,0,0,0,0,377,4,76,7,9,34,141,28,529,3,10,27,6,0,2,0,225,1,3,17,4,1,0,0,1,3,1,0,89,7,0,0,1,0,4,0,2,13,0,0,0,0,0,4,0,2,0,0,0,0,0,0,0,0,0,118,259,4,17,59,1,6,9,5,29,32,109,2,26,62,467,1,2,6,6,0,6,0,0,2,0,32,193,1,1,2,4,13,0,0,3,1,21,0,1,0,0,0,1,2,0,4,0,32,1,2,5,0,1,0,0,0,0,57,1,0,0,0,4,0,0,0,2,0,0,13,0,0,0,0,0,0,0,0,0,0,0,0,0,0,0,0,0,2,0,4,0,0,0,0,0,0,0,0,0,0,0,0,0,0,0,0,0,0,0,0,1,16,347,0,4,68,1,6,2,7,2,32,3,137,2,26,18,505,3,1,9,0,27,0,6,0,1,1,0,0,3,221,0,1,0,3,2,15,8,0,4,0,0,1,0,0,0,0,0,1,0,0,0,0,0,0,0,0,3,0,0,0,0,3,0,0,0,7,0,1,0,0,0,0,0,86,1,1,0,0,1,3,0,0,0,0,13,0,0,0,0,0,0,0,0,0,0,0,0,0,0,0,0,0,0,2,0,0,0,0,0,0,0,0,0,0,0,0,0,0,0,4,0,0,1,13,0,0,0,0,0,0,0,0,0,0,0,0,0,0,0,0,0,0,0,0,0,0,0,0,0,0,1,2,0,0,0,0,0,0,0,0,0,0,0,0,0,0,0,0,0,0,0,0,5,0,0,0,0,0,0,0,0,0,0,0,0,0,0,0,0,0,0,0,0,0,0,0,0,0,0,0,0,0,0,0,0,0,0,0,0,0,0,0,0,0,0,0,0,277,2,42,6,3,26,116,17,471,0,6,14,2,0,1,0,191,1,3,9,0,0,0,0,1,1,0,0,18,1,0,0,1,0,3,0,0,10,100,56,2,3,34,6,8,24,11,1,4,0,34,1,1,0,0,0,8,1,4,13,2,6,0,0,0,0,0,0,0,0,0,0,0,0,0,0,0,0,0,0,0,0,0,0,0,0,0,2,2,0,0,71,0,1,0,0,0,0,0,0,0,0,0,0,0,0,0,0,0,0,0,1,0,0,0,0,0,0,0,0,1,1,0,1,0,0,0,0,2,0,0,2,0,1,0,0,0,0,0,0,0,0,0,0,0,0,0,0,0,0,0,0,0,0,0,0,0,0,0,0,0,0,209,4,0,61,7,6,3,27,141,17,11,520,3,3,7,12,15,2,0,0,2,0,193,1,3,0,6,15,1,0,1,0,168,7,0,0,0,0,1,0,0,3,1,11,0,89,0,0,3,5,2,9,0,0,0,4,32,0,0,0,0,0,4,0,0,0,0,0,12,0,1,0,0,0,0,0,2,1,0,0,0,0,0,0,0,0,0,0,0,3,0,0,0,0,0,0,0,0,0,0,0,0,0,0,0,0,0,0,0,0,0,0,0,0,0,0,0,0,0,0,2,135,17,4,0,59,3,7,0,6,0,0,0,135,0,10,0,219,1,3,0,2,0,1,1,0,0,0,22,0,0,3,0,0,0,0,0,1,0,0,0,0,1,3,0,0,5,0,5,0,0,1,0,0,0,1,0,0,4,0,0,0,0,0,13,0,0,0,0,0,0,0,225,34,4,0,203,0,14,0,3,6,0,1,0,17,0,8,26,2,0,0,0,0,2,0,0,0,18,0,0,0,2,0,0,2,0,84,0,0,0,0,4,0,0,0,0,0,309,0,0,0,1,0,0,0,0,0,0,0,0,0,0,0,0,0,0,0,1,0,0,0,0,0,0,0,0,0,0,0,27,49,487,281,304,0,89,131,0,0,91,208,6,277,13,63,2,23,15,5,19,86,10,0,7,52,0,0,0,4,1,0,0,18,0,2,13,0,9,0,0,3,0,0,0,3,24,0,26,293,194,0,110,117,0,105,129,0,34,56,0,0,0,0,0,0,0,0,64,50,0,0,138,123,0,2,7,0,19,31,0,0,2,6,8,0,15,4,1,0,0,5,7,0,15,19,0,0,1,0,0,3,2,0,7,6,0,0,0,4,0,0,0,0,17,0,0,0,1,0,0,23,1,0,0,0,0,0,8,0,0,3,1,0,0,0,0,0,0,0,0,0,0,5,0,22,1,48,0,12,2,473,4,1,221,4,2,228,3,1,86,0,0,0,0,0,0,0,113,0,2,0,258,0,0,0,9,0,0,49,0,2,0,0,14,0,15,0,5,1,0,0,0,1,1,0,11,0,0,0,0,0,3,31,0,0,0,0,1,0,0,0,5,0,0,1,12,0,0,1,0,3,0,0,0,0,0,0,0,1,0,1,0,0,1,0,17,0,0,0,0,0,0,1,0,0,0,0,0,0,0,0,0,0,9,0,0,0,0,0,0,0,0,0,0,3,0,0,0,0,0,0,0,0,0,0,0,0,0,0,0,0,0,0,0,0,0,0,0,4,6,76,21,20,10,0,0,0,10,0,22,1,4,1,1,0,0,0,3,0,0,1,1,0,0,1,0,0,0,0,23,43,411,206,214,80,104,239,45,17,31,12,8,4,0,0,0,0,0,0,0,0,1,12,0,0,13,9,0,0,15,3,0,0,4,0,5,0,0,1,0,0,1,0,0,1,0,0,0,0,0,0,0,0,0,0,0,0,0,0,19,7,1,39,375,94,18,215,6,6,224,5,5,67,20,3,0,0,0,0,0,0,0,105,3,0,242,16,3,8,1,27,21,2,0,0,12,2,0,9,6,0,0,4,0,2,11,0,1,27,0,7,1,0,0,5,0,12,0,1,0,0,0,3,1,6,0,11,0,1,0,0,0,0,3,7,0,0,0,0,8,7,0,1,0,1,0,1,0,1,0,0,0,0,0,0,0,1,0,6,16,7,480,0,14,1,14,0,5,0,0,4,18,5,0,3,0,0,0,0,0,0,0,0,0,0,0,1,3,10,7,6,3,24,189,60,144,67,27,223,234,90,0,0,0,114,0,261,9,50,0,0,0,1,0,0,2,10,2,2,0,10,2,1,2,3,0,1,0,11,34,1,0,5,13,0,1,2,1,0,0,6,8,1,3,0,0,1,2,9,11,0,6,2,0,0,1,0,0,1,0,0,0,0,0,0,0,0,0,0,0,0,0,0,0,0,0,0,0,0,0,0,4,0,0,0,0,0,0,0,0,0,0,0,0,0,1,0,2,0,0,0,0,0,0,0,0,0,0,0,0,0,0,0,0,0,0,0,0,0,0,0,0,0,0,0,0,0,0,0,0,0,0,0,0,0,0,0,0,0,0,0,0,0,0,0,0,0,0,0,0,0,0,0,0,0,0,0,0,0,0,0,0,0,0,0,0,0,0,0,0,0,0,0,0,0,0,0,0,0,0,0,0,0,0,0,0,0,0,0,0,0,0,0,0,0,0,0,0,0,0,0,0,0,0,0,0,0,0,0,0,0,0,0,0,0,0,0,0,0,0,0,0,0,0,0,0,3,2,0,0,0,0,0,0,0,0,0,0,0,0,0,0,0,0,0,0,0,0,0,0,0,0,0,0,0,1,0,0,0,0,0,0,0,0,0,0,0,0,1,0,0,0,0,0,0,0,0,2,0,0,0,0,0,0,0,0,0,0,0,0,0,0,0,0,0,0,0,0,0,0,0,0,0,0,0,0,0,0,0,0,0,0,0,0,0,0,0,0,0,0,0,0,0,0,0,0,0,0,0,0,0,0,0,0,0,0,0,0,0,0,0,0,0,0,0,0,0,0,0,0,0,0,0,0,0,0,0,0,0,0,0,0,0,0,0,0,0,0,0,0,0,0,0,0,0,0,0,0,0,0,0,0,0,0,0,0,0,0,0,0,0,0,0,0,0,0,0,0,0,0,0,0,0,0,0,0,0,0,0,0,0,0,0,0,0,0,0,0,0,0,0,0,0,0,0,0,0,0,0,0,0,0,0,0,0,0,0,0,0,0,0,0,0,0,0,0,0,0,0,0,0,0,0,0,0,0,0,0,0,0,0,0,0,0,0,0,0,0,0,0,0,0,0,0,0,0,0,0,0,0,0,0,0,0,0,0,0,0,0,0,0,0,0,0,0,0,0,0,0,0,0,0,0,0,0,0,0,0,0,0,0,0,0,0,0,0,0,0,0,0,0,0,0,0,0,0,0,0,0,0,0,0,0,0,0,0,0,0,0,0,0,0,0,0,0,0,0,0,0,0,0,0,0,0,0,0,0,0,0,0,0,0,0,0,0,0,0,0,0,0,0,0,0,0,0,0,0,0,0,0,0,0,0,0,0,0,0,0,0,0,0,0,0,0,0,0,0,0,0,0,0,0,0,0,0,0,0,0,0,0,0,0,0,0,0,0,0,0,0,0,0,0,0,0,0,0,0,0,0,0,0,0,0,0,0,0,0,0,0,0,0,0,0,0,0,0,0,0,0,0,0,0,0,0,0,0,0,0,0,0,0,0,0,0,0,0,0,0,0,0,0,0,0,0,0,0,0,0,0,0,0,0,0,0,0,0,0,0,0,0,0,0,0,0,0,0,0,0,0,0,0,0,0,0,0,0,0,0,0,0,0,0,0,0,0,0,0,0,0,0,0,0,0,0,0,0,0,0,0,0,0,0,0,0,0,0,0,0,0,0,0,0,0,0,0,0,0,0,0,0,0,0,0,0,0,0,0,0,0,0,0,0,0,0,0,0,0,0,0,0,0,0,0,0,0,0,0,0,0,0,0,0,0,0,0,0,0,0,0,0,0,0,0,0,0,0,0,0,0,0,0,0,0,0,0,0,0,0,0,0,0,0,0,0,0,0,0,0,0,0,0,0,0,0,0,0,0,0,0,0,0,0,0,0,0,0,0,0,0,0,0,0,0,0,0,0,0,0,0,0,0,0,0,0,0,0,0,0,0,0,0,0,0,0,0,0,0,0,0,0,0,0,0,0,0,0,0,0,0,0,0,0,0,0,0,0,0,0,0,0,0,0,0,0,0,0,0,0,0,0,0,0,0,0,0,0,0,0,0,0,0,0,0,0,0,0,0,0,0,0,0,0,0,0,0,0,0,0,0,0,0,0,0,0,0,0,0,0,0,0,0,0,0,0,0,0,0,0,0,0,0,0,0,0,0,0,0,0,0,0,0,0,0,0,0,0,0,0,0,0,0,0,0,0,0,0,0,0,0,0,0,0,0,0,0,0,0,0,0,0,0,0,0,0,0,0,0,0,0,0,0,0,0,0,0,0,0,0,0,0,0,0,0,0,0,0,0,0,0,0,0,0,0,0,0,0,0,0,0,0,0,0,0,0,0,0,0,0,0,0,0,0,0,0,0,0,0,0,0,0,0,0,0,0,0,0,0,0,0,0,0,0,0,0,0,0,0,0,0,0,0,0,0,0,0,0,0,0,0,0,0,0,0,0,0,0,0,0,0,0,0,0,0,0,0,0,0,0,0,0,0,0,0,0,0,0,0,0,0,0,0,0,0,0,0,0,0,0,0,0,0,0,0,0,0,0,0,0,0,0,0,0,0,0,0,0,0,0,0,0,0,0,0,0,0,0,0,0,0,0,0,0,0,0,0,0,0,0,0,0,0,0,0,0,0,0,0,0,0,0,0,0,0,0,0,0,0,0,0,0,0,0,0,0,0,0,0,0,0,0,0,0,0,0,0,0,0,0,0,0,0,0,0,0,0,0,0,0,0,0,0,0,0,0,0,0,0,0,0,0,0,0,0,0,0,0,0,0,0,0,0,0,0,0,0,0,0,0,0,0,0,0,0,0,0,0,0,0,0,0,0,0,0,0,0,0,0,0,0,0,0,0,0,0,0,0,0,0,0,0,0,0,0,0,0,0,0,0,0,0,0,0,0,0,0,0,0,0,0,0,0,0,0,0,0,0,0,0,0,0,0,0,0,0,0,0,0,0,0,0,0,0,0,0,0,0,0,0,0,0,0,0,0,0,0,0,0,0,0,0,0,0,0,0,0,0,0,0,0,0,0,0,0,0,0,0,0,0,0,0,0,0,0,0,0,0,0,0,0,0,0,0,0,0,0,0,0,0,0,0,0,0,0,0,0,0,0,0,0,0,0,0,0,0,0,0,0,0,0,0,0,0,0,0,0,0,0,0,0,0,0,0,0,0,0,0,0,0,0,0,0,0,0,0,0,0,0,0,0,0,0,0,0,0,0,0,0,0,0,0,0,0,0,0,0,0,0,0,0,0,0,0,0,0,0,0,0,0,0,0,0,0,0,0,0,0,0,0,0,0,0,0,0,0,0,0,0,0,0,0,0,0,0,0,0,0,0,0,0,0,0,0,0,0,0,0,0,0,0,0,0,0,0,0,0,0,0,0,0,0,0,0,0,0,0,0,0,0,0,0,0,0,0,0,0,0,0,0,0,0,0,0,0,0,0,0,0,0,0,0,0,0,0,0,0,0,0,0,0,0,0,0,0,0,0,0,0,0,0,0,0,0,0,0,0,0,0,0,0,0,0,0,0,0,0,0,0,0,0,0,0,0,0,0,0,0,0,0,0,0,0,0,0,0,0,0,0,0,0,0,0,0,0,0,0,0,0,0,0,0,0,0,0,0,0,0,0,0,0,0,0,0,0,0,0,0,0,0,0,0,0,0,0,0,0,0,0,0,0,0,0,0,0,0,0,0,0,0,0,0,0,0,0,0,0,0,0,0,0,0,0,0,0,0,0,0,0,0,0,0,0,0,0,0,0,0,0,0,0,0,0,0,0,0,0,0,0,0,0,0,0,0,0,0,0,0,0,0,0,0,0,0,0,0,0,0,0,0,0,0,0,0,0,0,0,0,0,0,0,0,0,0,0,0,0,0,0,0,0,0,0,0,0,0,0,0,0,0,0,0,0,0,0,0,0,0,0,0,0,0,0,0,0,0,0,0,0,0,0,0,0,0,0,0,0,0,0,0,0,0,0,0,0,0,0,0,0,0,0,0,0,0,0,0,0,0,0,0,0,0,0,0,0,0,0,0,0,0,0,0,0,0,0,0,0,0,0,0,0,0,0,0,0,0,0,0,0,0,0,0,0,0,0,0,0,0,0,0,0,0,0,0,0,0,0,0,0,0,0,0,0,0,0,0,0,0,0,0,0,0,0,0,0,0,0,0,0,0,0,0,0,0,0,0,0,0,0,0,0,0,0,0,0,0,0,0,0,0,0,0,0,0,0,0,0,0,0,0,0,0,0,0,0,0,0,0,0,0,0,0,0,0,0,0,0,0,0,0,0,0,0,0,0,0,0,0,0,0,0,0,0,0,0,0,0,0,0,0,0,0,0,0,0,0,0,0,0,0,0,0,0,0,0,0,0,0,0,0,0,0,0,0,0,0,0,0,0,0,0,0,0,0,0,0,0,0,0,0,0,0,0,0,0,0,0,0,0,0,0,0,0,0,0,0,0,0,0,0,0,0,0,0,0,0,0,0,0,0,0,0,0,0,0,0,0,0,0,0,0,0,0,0,0,0,0,0,0,0,0,0,0,0,0,0,0,0,0,0,0,0,0,0,0,0,0,0,0,0,0,0,0,0,0,0,0,0,0,0,0,0,0,0,0,0,0,0,0,0,0,0,0,0,0,0,0,0,0,0,0,0,0,0,0,0,0,0,0,0,0,0,0,0,0,0,0,0,0,0,0,0,0,0,0,0,0,0,0,0,0,0,0,0,0,0,0,0,0,0,0,0,0,0,0,0,0,0,0,0,0,0,0,0,0,0,0,0,0,0,0,0,0,0,0,0,0,0,0,0,0,0,0,0,0
WV0540100,1999,Parkersburg Police Department,West Virginia,31641,43,53,524,228,283,0,92,133,0,0,180,216,7,209,42,96,1,8,22,7,15,78,7,0,5,51,0,0,0,9,0,1,0,26,0,0,19,0,9,0,0,1,0,0,0,10,28,5,0,1,0,2,6,0,0,22,7,0,0,0,0,9,26,4,13,0,2,0,0,1,0,0,0,0,0,0,0,1,0,0,42,0,0,52,0,40,0,0,484,0,0,6,221,0,1,1,282,0,0,10,82,0,0,1,131,1,0,0,0,0,0,1,179,0,0,3,213,0,0,0,7,0,0,209,0,0,42,0,1,95,0,0,0,1,0,8,0,0,19,0,2,7,0,0,0,0,0,14,0,0,78,0,0,0,6,0,0,0,5,0,0,50,0,0,0,0,0,0,9,0,0,0,0,1,0,0,0,25,0,0,0,0,17,0,0,0,0,1,0,0,0,0,0,0,0,0,0,0,0,1,0,2,9,0,0,0,0,0,0,0,1,1,0,0,0,0,0,0,0,0,0,0,0,0,0,0,0,0,0,0,0,1,1,0,0,0,0,1,0,0,0,0,0,0,0,0,0,0,0,0,0,0,0,0,0,0,0,0,0,0,0,0,0,0,0,0,0,0,0,0,0,0,0,0,0,0,0,0,0,0,0,0,0,0,0,0,0,0,0,0,0,0,0,0,0,0,0,0,0,0,0,0,0,0,0,15,5,22,0,23,340,39,110,13,160,48,3,11,97,61,12,0,8,6,70,7,64,56,12,0,0,0,0,0,0,0,0,0,0,180,88,107,10,5,0,6,1,40,13,153,2,5,7,29,0,15,11,70,0,1,0,0,1,3,3,17,2,2,7,0,0,106,0,0,0,8,0,6,1,6,69,1,0,0,7,0,0,2,3,6,42,2,0,0,0,0,0,0,5,1,2,1,0,0,0,0,0,18,5,0,0,0,0,0,4,1,10,4,0,0,13,15,0,2,0,0,0,0,0,0,1,7,1,1,0,0,0,0,0,0,0,0,0,2,1,6,0,22,6,0,2,7,1,1,0,0,1,0,1,0,1,0,1,0,0,0,0,0,1,0,0,0,0,0,0,1,0,0,1,0,0,0,0,0,0,0,0,0,0,0,0,0,0,0,0,0,0,0,0,0,0,0,0,91,1,78,0,0,0,19,0,0,0,0,0,52,60,582,260,305,0,112,139,0,0,223,239,9,211,43,100,1,8,27,7,16,83,7,0,5,61,0,0,0,9,0,1,0,26,0,0,19,0,9,0,0,1,0,0,0,4,48,0,12,42,136,420,26,17,92,151,27,107,171,0,0,0,14,98,0,19,34,86,0,0,0,0,0,0,88,131,4,30,105,104,2,1,6,4,12,195,0,7,36,4,22,74,0,1,0,1,6,1,1,24,2,6,0,7,9,24,29,30,2,4,1,0,1,1,3,19,28,14,0,0,0,0,0,0,1,8,0,0,0,0,0,0,22,2,0,0,0,1,0,0,0,2,17,0,6,0,0,0,0,0,1,8,0,0,0,0,0,2,0,0,1,1,0,0,0,0,0,0,0,0,0,0,0,0,0,0,0,0,0,2,1,49,1,54,1,42,22,517,0,6,150,104,1,169,135,0,0,6,1,105,0,3,83,53,0,0,0,0,0,0,0,10,3,210,7,101,131,6,3,0,195,16,0,37,6,0,73,27,0,0,1,1,0,7,2,3,22,0,1,6,0,0,0,9,7,0,0,1,30,52,0,0,0,0,1,6,0,0,2,3,0,6,13,42,0,0,0,0,0,1,0,8,0,0,0,0,0,0,0,0,0,1,0,0,0,0,0,26,0,0,0,0,0,0,0,1,0,18,0,5,0,0,0,0,0,0,0,0,0,1,7,0,0,0,0,0,0,0,0,0,1,0,0,0,0,0,0,0,1,0,0,0,0,0,0,0,0,0,0,0,0,0,0,0,0,0,0,0,0,0,0,0,0,0,0,0,0,0,0,0,0,0,0,0,0,0,0,0,0,0,0,0,0,0,0,0,0,0,0,0,35,14,3,44,5,475,60,47,84,19,157,100,27,178,0,0,80,30,2,45,5,89,0,0,0,0,0,0,122,92,9,88,28,123,0,6,12,5,194,5,0,38,15,9,76,1,0,6,2,0,16,4,7,5,1,1,3,0,5,2,9,45,3,35,4,0,3,0,2,0,3,47,1,13,0,0,0,0,0,8,0,1,0,1,0,0,0,21,2,3,0,0,0,0,0,0,17,2,0,11,0,0,0,0,8,1,0,0,0,0,0,0,1,0,0,0,0,0,0,0,0,0,0,0,0,0,0,0,0,455,1,46,6,5,21,151,11,595,4,4,1,0,0,0,0,209,0,0,18,8,0,0,0,0,1,0,0,102,0,0,0,1,0,2,0,0,4,0,0,0,0,0,0,0,0,0,0,0,0,0,0,0,0,0,108,347,1,14,32,1,5,4,7,14,23,128,1,10,93,502,2,2,4,1,0,0,0,0,0,0,35,174,0,0,0,1,17,0,1,2,6,0,0,0,0,0,0,0,1,0,0,0,36,0,0,0,0,0,0,0,0,0,66,1,0,0,0,2,0,0,0,0,1,0,3,0,0,0,0,0,0,0,0,0,0,0,0,0,0,0,0,0,0,0,0,0,0,0,0,0,0,0,0,0,0,0,0,0,0,0,0,0,0,0,0,1,28,413,0,1,41,0,6,0,5,0,21,5,144,1,10,30,561,4,0,4,0,1,0,0,0,0,0,0,0,5,201,0,0,0,0,2,16,4,0,8,0,0,0,0,0,0,0,1,1,0,0,0,0,0,0,0,0,1,0,0,0,0,9,0,0,0,0,0,0,0,0,0,0,0,93,1,0,0,0,0,2,0,0,0,0,3,0,0,0,0,0,0,0,0,1,0,0,0,0,0,0,0,0,0,0,0,0,0,0,0,0,0,0,0,0,0,0,0,0,0,0,0,0,1,13,0,0,0,0,0,0,0,0,0,0,0,0,0,0,0,0,0,0,0,0,0,0,0,0,0,0,3,0,0,0,0,0,0,0,0,0,0,0,0,0,0,0,0,0,0,0,0,0,3,0,0,0,0,0,0,0,0,0,0,0,0,0,0,0,0,1,0,0,0,0,0,0,0,0,0,0,0,0,0,0,0,0,0,0,0,0,0,0,0,0,0,0,0,409,1,31,6,3,19,130,6,553,0,2,1,0,0,0,0,187,0,0,16,0,0,0,0,0,1,0,0,42,0,0,0,1,0,2,0,0,4,46,41,0,0,14,2,2,20,5,1,0,0,21,0,1,0,0,0,2,0,2,0,0,0,0,0,0,0,0,0,0,0,0,0,0,0,0,0,0,0,0,0,0,0,0,0,0,0,0,0,0,0,0,59,0,0,0,0,0,0,0,0,0,0,0,0,1,0,1,0,0,0,1,0,0,0,0,0,0,0,0,0,0,0,0,0,0,0,0,0,0,0,0,1,0,0,0,0,0,0,0,0,0,0,0,0,0,0,0,0,0,0,0,0,0,0,0,0,0,0,0,0,0,0,235,1,0,46,6,5,0,19,149,11,0,584,0,4,0,1,0,0,0,0,0,0,178,0,0,0,8,0,2,0,0,0,220,2,4,0,0,0,0,0,0,1,0,10,0,102,2,0,6,0,0,11,0,0,0,0,31,0,0,0,0,0,2,0,0,0,0,0,4,0,1,0,0,0,0,0,0,0,0,0,0,0,0,0,0,0,0,0,0,0,0,0,0,0,0,0,0,0,0,0,0,0,0,0,0,0,0,0,0,0,0,0,0,0,0,0,0,0,0,0,0,167,19,1,0,46,0,5,1,5,0,0,0,141,1,9,0,281,4,0,0,3,1,0,0,0,0,0,31,0,0,0,0,3,0,0,0,0,0,0,0,0,0,1,0,0,2,0,0,0,0,0,0,0,0,1,0,0,2,0,0,0,0,0,4,0,0,0,0,0,0,0,269,21,0,0,178,0,0,0,0,9,0,0,0,15,0,0,1,0,0,0,0,0,0,0,0,0,2,4,0,0,0,0,0,0,0,100,0,0,0,0,8,0,0,0,0,0,310,0,0,0,0,0,0,0,0,0,0,0,0,0,0,0,0,0,0,0,0,0,0,0,0,0,0,0,0,0,0,0,49,58,578,246,298,0,92,134,0,0,180,219,7,213,42,97,1,9,22,7,16,96,7,0,5,53,0,0,0,10,0,1,0,27,0,0,19,0,10,0,0,1,0,0,0,8,41,0,32,360,218,0,89,96,0,96,118,0,31,56,0,0,0,0,0,0,0,0,82,54,0,0,79,116,0,13,18,0,28,51,0,1,0,2,4,0,22,1,6,0,0,4,7,0,16,22,0,0,1,0,0,2,2,0,7,6,0,0,0,7,3,0,1,0,23,0,0,0,0,0,0,26,4,0,0,0,0,0,10,0,0,1,0,0,0,0,0,0,0,0,0,0,0,3,0,46,2,56,0,16,2,560,4,1,180,6,0,208,4,0,83,0,0,0,0,0,0,0,134,0,3,0,191,0,0,0,31,0,1,78,0,1,0,0,6,2,20,1,6,0,0,0,0,2,0,0,11,0,0,0,0,2,0,36,0,0,0,0,1,0,0,0,4,0,0,0,13,0,0,0,0,10,0,0,0,0,0,1,0,1,0,0,0,0,0,0,27,0,0,0,0,0,0,0,0,0,0,0,0,0,0,0,0,1,9,0,0,0,0,0,0,0,0,0,0,1,0,0,0,0,0,0,0,0,0,0,0,0,0,0,0,0,0,0,0,0,0,0,0,17,11,142,30,30,16,0,0,0,17,0,21,4,11,0,1,3,0,1,5,0,0,1,1,0,3,2,0,0,0,0,32,47,436,155,184,71,119,173,68,25,33,12,27,7,1,1,0,0,0,0,1,0,0,10,0,0,5,10,0,0,19,0,0,0,3,0,7,0,0,0,0,0,1,0,0,1,0,0,0,0,0,0,0,0,0,0,0,0,0,0,40,5,4,43,464,96,18,179,3,3,200,8,6,71,13,3,0,0,0,0,0,0,0,129,3,0,184,7,4,29,1,58,20,1,0,0,5,1,0,13,8,1,1,6,0,1,6,0,5,31,0,7,1,0,0,4,0,11,0,2,0,0,7,3,0,4,1,21,0,0,0,0,0,1,4,11,0,1,0,0,10,5,0,1,0,0,0,0,0,0,0,0,0,0,0,0,0,0,0,6,37,12,566,0,6,0,22,0,7,0,0,10,27,6,0,0,0,0,1,0,0,0,0,0,0,0,0,2,5,28,12,2,2,32,219,74,182,80,23,183,213,87,0,0,0,136,1,195,31,79,1,0,0,0,0,0,2,4,0,3,1,13,3,2,3,2,1,0,1,11,38,1,0,4,13,0,2,3,2,3,0,10,13,2,2,0,0,0,6,6,12,1,4,1,0,0,3,0,0,1,0,0,0,1,0,0,0,0,0,0,0,0,0,0,1,0,0,0,0,0,0,0,2,0,0,0,0,0,0,0,0,0,0,0,0,0,0,0,0,0,0,0,0,0,0,0,0,0,0,0,0,0,0,0,0,0,0,0,0,0,0,0,0,0,0,0,0,0,0,0,0,0,0,0,0,0,0,0,0,0,0,0,0,0,0,0,0,0,0,0,0,0,0,0,0,0,0,0,0,0,0,0,0,0,0,0,0,0,0,0,0,0,0,0,0,0,0,0,0,0,0,0,0,0,0,0,0,0,0,0,0,0,0,0,0,0,0,0,0,0,0,0,0,0,0,0,0,0,0,0,0,0,0,0,0,0,0,0,0,0,0,0,0,0,0,0,0,8,3,0,0,0,0,0,0,0,0,0,0,0,0,0,0,0,0,0,0,0,0,0,0,0,0,0,0,0,0,0,0,0,0,0,0,0,0,0,0,0,0,0,0,0,0,0,0,0,0,0,0,0,0,0,0,0,0,0,0,0,0,0,0,0,0,0,0,0,0,0,0,0,0,0,0,0,0,0,0,0,0,0,0,0,0,0,0,0,0,0,0,0,0,0,0,0,0,0,0,0,0,0,0,0,0,0,0,0,0,0,0,0,0,0,0,0,0,0,0,0,0,0,0,0,0,0,0,0,0,0,0,0,0,0,0,0,0,0,0,0,0,0,0,0,0,0,0,0,0,0,0,0,0,0,0,0,0,0,0,0,0,0,0,0,0,0,0,0,0,0,0,0,0,0,0,0,0,0,0,0,0,0,0,0,0,0,0,0,0,0,0,0,0,0,0,0,0,0,0,0,0,0,0,0,0,0,0,0,0,0,0,0,0,0,0,0,0,0,0,0,0,0,0,0,0,0,0,0,0,0,0,0,0,0,0,0,0,0,0,0,0,0,0,0,0,0,0,0,0,0,0,0,0,0,0,0,0,0,0,0,0,0,0,0,0,0,0,0,0,0,0,0,0,0,0,0,0,0,0,0,0,0,0,0,0,0,0,0,0,0,0,0,0,0,0,0,0,0,0,0,0,0,0,0,0,0,0,0,0,0,0,0,0,0,0,0,0,0,0,0,0,0,0,0,0,0,0,0,0,0,0,0,0,0,0,0,0,0,0,0,0,0,0,0,0,0,0,0,0,0,0,0,0,0,0,0,0,0,0,0,0,0,0,0,0,0,0,0,0,0,0,0,0,0,0,0,0,0,0,0,0,0,0,0,0,0,0,0,0,0,0,0,0,0,0,0,0,0,0,0,0,0,0,0,0,0,0,0,0,0,0,0,0,0,0,0,0,0,0,0,0,0,0,0,0,0,0,0,0,0,0,0,0,0,0,0,0,0,0,0,0,0,0,0,0,0,0,0,0,0,0,0,0,0,0,0,0,0,0,0,0,0,0,0,0,0,0,0,0,0,0,0,0,0,0,0,0,0,0,0,0,0,0,0,0,0,0,0,0,0,0,0,0,0,0,0,0,0,0,0,0,0,0,0,0,0,0,0,0,0,0,0,0,0,0,0,0,0,0,0,0,0,0,0,0,0,0,0,0,0,0,0,0,0,0,0,0,0,0,0,0,0,0,0,0,0,0,0,0,0,0,0,0,0,0,0,0,0,0,0,0,0,0,0,0,0,0,0,0,0,0,0,0,0,0,0,0,0,0,0,0,0,0,0,0,0,0,0,0,0,0,0,0,0,0,0,0,0,0,0,0,0,0,0,0,0,0,0,0,0,0,0,0,0,0,0,0,0,0,0,0,0,0,0,0,0,0,0,0,0,0,0,0,0,0,0,0,0,0,0,0,0,0,0,0,0,0,0,0,0,0,0,0,0,0,0,0,0,0,0,0,0,0,0,0,0,0,0,0,0,0,0,0,0,0,0,0,0,0,0,0,0,0,0,0,0,0,0,0,0,0,0,0,0,0,0,0,0,0,0,0,0,0,0,0,0,0,0,0,0,0,0,0,0,0,0,0,0,0,0,0,0,0,0,0,0,0,0,0,0,0,0,0,0,0,0,0,0,0,0,0,0,0,0,0,0,0,0,0,0,0,0,0,0,0,0,0,0,0,0,0,0,0,0,0,0,0,0,0,0,0,0,0,0,0,0,0,0,0,0,0,0,0,0,0,0,0,0,0,0,0,0,0,0,0,0,0,0,0,0,0,0,0,0,0,0,0,0,0,0,0,0,0,0,0,0,0,0,0,0,0,0,0,0,0,0,0,0,0,0,0,0,0,0,0,0,0,0,0,0,0,0,0,0,0,0,0,0,0,0,0,0,0,0,0,0,0,0,0,0,0,0,0,0,0,0,0,0,0,0,0,0,0,0,0,0,0,0,0,0,0,0,0,0,0,0,0,0,0,0,0,0,0,0,0,0,0,0,0,0,0,0,0,0,0,0,0,0,0,0,0,0,0,0,0,0,0,0,0,0,0,0,0,0,0,0,0,0,0,0,0,0,0,0,0,0,0,0,0,0,0,0,0,0,0,0,0,0,0,0,0,0,0,0,0,0,0,0,0,0,0,0,0,0,0,0,0,0,0,0,0,0,0,0,0,0,0,0,0,0,0,0,0,0,0,0,0,0,0,0,0,0,0,0,0,0,0,0,0,0,0,0,0,0,0,0,0,0,0,0,0,0,0,0,0,0,0,0,0,0,0,0,0,0,0,0,0,0,0,0,0,0,0,0,0,0,0,0,0,0,0,0,0,0,0,0,0,0,0,0,0,0,0,0,0,0,0,0,0,0,0,0,0,0,0,0,0,0,0,0,0,0,0,0,0,0,0,0,0,0,0,0,0,0,0,0,0,0,0,0,0,0,0,0,0,0,0,0,0,0,0,0,0,0,0,0,0,0,0,0,0,0,0,0,0,0,0,0,0,0,0,0,0,0,0,0,0,0,0,0,0,0,0,0,0,0,0,0,0,0,0,0,0,0,0,0,0,0,0,0,0,0,0,0,0,0,0,0,0,0,0,0,0,0,0,0,0,0,0,0,0,0,0,0,0,0,0,0,0,0,0,0,0,0,0,0,0,0,0,0,0,0,0,0,0,0,0,0,0,0,0,0,0,0,0,0,0,0,0,0,0,0,0,0,0,0,0,0,0,0,0,0,0,0,0,0,0,0,0,0,0,0,0,0,0,0,0,0,0,0,0,0,0,0,0,0,0,0,0,0,0,0,0,0,0,0,0,0,0,0,0,0,0,0,0,0,0,0,0,0,0,0,0,0,0,0,0,0,0,0,0,0,0,0,0,0,0,0,0,0,0,0,0,0,0,0,0,0,0,0,0,0,0,0,0,0,0,0,0,0,0,0,0,0,0,0,0,0,0,0,0,0,0,0,0,0,0,0,0,0,0,0,0,0,0,0,0,0,0,0,0,0,0,0,0,0,0,0,0,0,0,0,0,0,0,0,0,0,0,0,0,0,0,0,0,0,0,0,0,0,0,0,0,0,0,0,0,0,0,0,0,0,0,0,0,0,0,0,0,0,0,0,0,0,0,0,0,0,0,0,0,0,0,0,0,0,0,0,0,0,0,0,0,0,0,0,0,0,0,0,0,0,0,0,0,0,0,0,0,0,0,0,0,0,0,0,0,0,0,0,0,0,0,0,0,0,0,0,0,0,0,0,0,0,0,0,0,0,0,0,0,0,0,0,0,0,0,0,0,0,0,0,0,0,0,0,0,0,0,0,0,0,0,0,0,0,0,0,0,0,0,0,0,0,0,0,0,0,0,0,0,0,0,0,0,0,0,0,0,0,0,0,0,0,0,0,0,0,0,0,0,0,0,0,0,0,0,0,0,0,0,0,0,0,0,0,0,0,0,0,0,0,0,0,0,0,0,0,0,0,0,0,0,0,0,0,0,0,0,0,0,0,0,0,0,0,0,0,0,0,0,0,0,0,0,0,0,0,0,0,0,0,0,0,0,0,0,0,0,0,0,0,0,0,0,0,0,0,0,0,0,0,0,0,0,0,0,0,0,0,0,0,0,0,0,0,0,0,0,0,0,0,0,0,0,0,0,0,0,0,0,0,0,0,0,0,0,0,0,0,0,0,0,0,0,0,0,0,0,0,0,0,0,0,0,0,0,0,0,0,0,0,0,0,0,0,0,0,0,0,0,0,0,0,0,0,0,0,0,0,0,0,0,0,0,0,0,0,0,0,0,0,0,0,0,0,0,0,0,0,0,0,0,0,0,0,0,0,0,0,0,0,0,0,0,0,0,0,0,0,0,0,0,0,0,0,0,0,0,0,0,0,0,0,0,0,0,0,0,0,0,0,0,0,0,0,0,0,0,0,0,0,0,0,0,0,0,0,0,0,0,0,0,0,0,0,0,0,0,0,0,0,0,0,0,0,0,0,0,0,0,0,0,0,0,0,0,0,0,0,0,0,0,0,0,0,0,0,0,0,0,0,0,0,0,0,0,0,0,0,0,0,0,0,0,0,0,0,0,0,0,0,0,0,0,0,0,0,0,0,0,0,0,0,0,0,0,0,0,0,0,0,0,0,0,0,0,0,0,0,0,0,0,0,0,0,0,0,0,0,0,0,0,0,0,0,0,0,0,0,0,0,0,0,0,0,0,0,0,0,0,0,0,0,0,0,0,0,0,0,0,0,0,0,0,0,0,0,0,0,0,0,0,0,0,0
