ORI,year,agency,state,population,stolen_automobiles,stolen_clothes_furs,stolen_consumable_goods,stolen_firearms,stolen_household_goods,stolen_jewelry_precious_metals,stolen_livestock,stolen_money,stolen_office_type_equipment,stolen_other,stolen_pending_inventory_of_property,stolen_radios_t_vs_vc_rs,stolen_special_category,stolen_alcohol,stolen_farm_equipment,stolen_other_motor_vehicles,stolen_tools_power_hand,stolen_vehicle_parts_accessories,stolen_merchandise,stolen_bicycles,stolen_computer_hardware_software,stolen_credit_debit_cards,stolen_negotiable_instruments,stolen_nonnegotiable_instruments,stolen_purses_handbags_wallets,stolen_recordings_audio_visual,stolen_recreational_vehicles,stolen_structures_single_occupancy_dwellings,stolen_trucks,stolen_watercraft,stolen_heavy_construction_industrial_equipment,stolen_structures_commercial_business,stolen_structures_other,stolen_drugs_narcotics,stolen_structures_storage,stolen_structures_other_dwellings,stolen_structures_public_community,stolen_drug_narcotic_equipment,stolen_gambling_equipment,stolen_aircraft,stolen_structures_industrial_manufacturing,stolen_buses,stolen_mean_value_automobiles,stolen_mean_value_clothes_furs,stolen_mean_value_consumable_goods,stolen_mean_value_firearms,stolen_mean_value_household_goods,stolen_mean_value_jewelry_precious_metals,stolen_mean_value_livestock,stolen_mean_value_money,stolen_mean_value_office_type_equipment,stolen_mean_value_other,stolen_mean_value_pending_inventory_of_property,stolen_mean_value_radios_t_vs_vc_rs,stolen_mean_value_special_category,stolen_mean_value_alcohol,stolen_mean_value_farm_equipment,stolen_mean_value_other_motor_vehicles,stolen_mean_value_tools_power_hand,stolen_mean_value_vehicle_parts_accessories,stolen_mean_value_merchandise,stolen_mean_value_bicycles,stolen_mean_value_computer_hardware_software,stolen_mean_value_credit_debit_cards,stolen_mean_value_negotiable_instruments,stolen_mean_value_nonnegotiable_instruments,stolen_mean_value_purses_handbags_wallets,stolen_mean_value_recordings_audio_visual,stolen_mean_value_recreational_vehicles,stolen_mean_value_structures_single_occupancy_dwellings,stolen_mean_value_trucks,stolen_mean_value_watercraft,stolen_mean_value_heavy_construction_industrial_equipment,stolen_mean_value_structures_commercial_business,stolen_mean_value_structures_other,stolen_mean_value_drugs_narcotics,stolen_mean_value_structures_storage,stolen_mean_value_structures_other_dwellings,stolen_mean_value_structures_public_community,stolen_mean_value_drug_narcotic_equipment,stolen_mean_value_gambling_equipment,stolen_mean_value_aircraft,stolen_mean_value_structures_industrial_manufacturing,stolen_mean_value_buses,stolen_median_value_automobiles,stolen_median_value_clothes_furs,stolen_median_value_consumable_goods,stolen_median_value_firearms,stolen_median_value_household_goods,stolen_median_value_jewelry_precious_metals,stolen_median_value_livestock,stolen_median_value_money,stolen_median_value_office_type_equipment,stolen_median_value_other,stolen_median_value_pending_inventory_of_property,stolen_median_value_radios_t_vs_vc_rs,stolen_median_value_special_category,stolen_median_value_alcohol,stolen_median_value_farm_equipment,stolen_median_value_other_motor_vehicles,stolen_median_value_tools_power_hand,stolen_median_value_vehicle_parts_accessories,stolen_median_value_merchandise,stolen_median_value_bicycles,stolen_median_value_computer_hardware_software,stolen_median_value_credit_debit_cards,stolen_median_value_negotiable_instruments,stolen_median_value_nonnegotiable_instruments,stolen_median_value_purses_handbags_wallets,stolen_median_value_recordings_audio_visual,stolen_median_value_recreational_vehicles,stolen_median_value_structures_single_occupancy_dwellings,stolen_median_value_trucks,stolen_median_value_watercraft,stolen_median_value_heavy_construction_industrial_equipment,stolen_median_value_structures_commercial_business,stolen_median_value_structures_other,stolen_median_value_drugs_narcotics,stolen_median_value_structures_storage,stolen_median_value_structures_other_dwellings,stolen_median_value_structures_public_community,stolen_median_value_drug_narcotic_equipment,stolen_median_value_gambling_equipment,stolen_median_value_aircraft,stolen_median_value_structures_industrial_manufacturing,stolen_median_value_buses,destroyed_automobiles,destroyed_clothes_furs,destroyed_consumable_goods,destroyed_household_goods,destroyed_livestock,destroyed_money,destroyed_office_type_equipment,destroyed_other,destroyed_radios_t_vs_vc_rs,destroyed_firearms,destroyed_jewelry_precious_metals,destroyed_pending_inventory_of_property,destroyed_buses,destroyed_structures_single_occupancy_dwellings,destroyed_structures_storage,destroyed_farm_equipment,destroyed_structures_other,destroyed_structures_other_dwellings,destroyed_structures_public_community,destroyed_bicycles,destroyed_merchandise,destroyed_other_motor_vehicles,destroyed_recreational_vehicles,destroyed_special_category,destroyed_structures_commercial_business,destroyed_vehicle_parts_accessories,destroyed_watercraft,destroyed_heavy_construction_industrial_equipment,destroyed_computer_hardware_software,destroyed_tools_power_hand,destroyed_trucks,destroyed_alcohol,destroyed_recordings_audio_visual,destroyed_structures_industrial_manufacturing,destroyed_aircraft,destroyed_negotiable_instruments,destroyed_drugs_narcotics,destroyed_nonnegotiable_instruments,destroyed_gambling_equipment,destroyed_purses_handbags_wallets,destroyed_credit_debit_cards,destroyed_drug_narcotic_equipment,destroyed_mean_value_automobiles,destroyed_mean_value_clothes_furs,destroyed_mean_value_consumable_goods,destroyed_mean_value_household_goods,destroyed_mean_value_livestock,destroyed_mean_value_money,destroyed_mean_value_office_type_equipment,destroyed_mean_value_other,destroyed_mean_value_radios_t_vs_vc_rs,destroyed_mean_value_firearms,destroyed_mean_value_jewelry_precious_metals,destroyed_mean_value_pending_inventory_of_property,destroyed_mean_value_buses,destroyed_mean_value_structures_single_occupancy_dwellings,destroyed_mean_value_structures_storage,destroyed_mean_value_farm_equipment,destroyed_mean_value_structures_other,destroyed_mean_value_structures_other_dwellings,destroyed_mean_value_structures_public_community,destroyed_mean_value_bicycles,destroyed_mean_value_merchandise,destroyed_mean_value_other_motor_vehicles,destroyed_mean_value_recreational_vehicles,destroyed_mean_value_special_category,destroyed_mean_value_structures_commercial_business,destroyed_mean_value_vehicle_parts_accessories,destroyed_mean_value_watercraft,destroyed_mean_value_heavy_construction_industrial_equipment,destroyed_mean_value_computer_hardware_software,destroyed_mean_value_tools_power_hand,destroyed_mean_value_trucks,destroyed_mean_value_alcohol,destroyed_mean_value_recordings_audio_visual,destroyed_mean_value_structures_industrial_manufacturing,destroyed_mean_value_aircraft,destroyed_mean_value_negotiable_instruments,destroyed_mean_value_drugs_narcotics,destroyed_mean_value_nonnegotiable_instruments,destroyed_mean_value_gambling_equipment,destroyed_mean_value_purses_handbags_wallets,destroyed_mean_value_credit_debit_cards,destroyed_mean_value_drug_narcotic_equipment,destroyed_median_value_automobiles,destroyed_median_value_clothes_furs,destroyed_median_value_consumable_goods,destroyed_median_value_household_goods,destroyed_median_value_livestock,destroyed_median_value_money,destroyed_median_value_office_type_equipment,destroyed_median_value_other,destroyed_median_value_radios_t_vs_vc_rs,destroyed_median_value_firearms,destroyed_median_value_jewelry_precious_metals,destroyed_median_value_pending_inventory_of_property,destroyed_median_value_buses,destroyed_median_value_structures_single_occupancy_dwellings,destroyed_median_value_structures_storage,destroyed_median_value_farm_equipment,destroyed_median_value_structures_other,destroyed_median_value_structures_other_dwellings,destroyed_median_value_structures_public_community,destroyed_median_value_bicycles,destroyed_median_value_merchandise,destroyed_median_value_other_motor_vehicles,destroyed_median_value_recreational_vehicles,destroyed_median_value_special_category,destroyed_median_value_structures_commercial_business,destroyed_median_value_vehicle_parts_accessories,destroyed_median_value_watercraft,destroyed_median_value_heavy_construction_industrial_equipment,destroyed_median_value_computer_hardware_software,destroyed_median_value_tools_power_hand,destroyed_median_value_trucks,destroyed_median_value_alcohol,destroyed_median_value_recordings_audio_visual,destroyed_median_value_structures_industrial_manufacturing,destroyed_median_value_aircraft,destroyed_median_value_negotiable_instruments,destroyed_median_value_drugs_narcotics,destroyed_median_value_nonnegotiable_instruments,destroyed_median_value_gambling_equipment,destroyed_median_value_purses_handbags_wallets,destroyed_median_value_credit_debit_cards,destroyed_median_value_drug_narcotic_equipment,recovered_automobiles,recovered_clothes_furs,recovered_consumable_goods,recovered_firearms,recovered_household_goods,recovered_jewelry_precious_metals,recovered_money,recovered_office_type_equipment,recovered_other,recovered_radios_t_vs_vc_rs,recovered_livestock,recovered_special_category,recovered_other_motor_vehicles,recovered_vehicle_parts_accessories,recovered_tools_power_hand,recovered_alcohol,recovered_bicycles,recovered_merchandise,recovered_recordings_audio_visual,recovered_recreational_vehicles,recovered_watercraft,recovered_credit_debit_cards,recovered_computer_hardware_software,recovered_heavy_construction_industrial_equipment,recovered_negotiable_instruments,recovered_nonnegotiable_instruments,recovered_purses_handbags_wallets,recovered_structures_storage,recovered_trucks,recovered_farm_equipment,recovered_structures_other_dwellings,recovered_drug_narcotic_equipment,recovered_drugs_narcotics,recovered_gambling_equipment,recovered_buses,recovered_aircraft,recovered_pending_inventory_of_property,recovered_structures_other,recovered_mean_value_automobiles,recovered_mean_value_clothes_furs,recovered_mean_value_consumable_goods,recovered_mean_value_firearms,recovered_mean_value_household_goods,recovered_mean_value_jewelry_precious_metals,recovered_mean_value_money,recovered_mean_value_office_type_equipment,recovered_mean_value_other,recovered_mean_value_radios_t_vs_vc_rs,recovered_mean_value_livestock,recovered_mean_value_special_category,recovered_mean_value_other_motor_vehicles,recovered_mean_value_vehicle_parts_accessories,recovered_mean_value_tools_power_hand,recovered_mean_value_alcohol,recovered_mean_value_bicycles,recovered_mean_value_merchandise,recovered_mean_value_recordings_audio_visual,recovered_mean_value_recreational_vehicles,recovered_mean_value_watercraft,recovered_mean_value_credit_debit_cards,recovered_mean_value_computer_hardware_software,recovered_mean_value_heavy_construction_industrial_equipment,recovered_mean_value_negotiable_instruments,recovered_mean_value_nonnegotiable_instruments,recovered_mean_value_purses_handbags_wallets,recovered_mean_value_structures_storage,recovered_mean_value_trucks,recovered_mean_value_farm_equipment,recovered_mean_value_structures_other_dwellings,recovered_mean_value_drug_narcotic_equipment,recovered_mean_value_drugs_narcotics,recovered_mean_value_gambling_equipment,recovered_mean_value_buses,recovered_mean_value_aircraft,recovered_mean_value_pending_inventory_of_property,recovered_mean_value_structures_other,recovered_median_value_automobiles,recovered_median_value_clothes_furs,recovered_median_value_consumable_goods,recovered_median_value_firearms,recovered_median_value_household_goods,recovered_median_value_jewelry_precious_metals,recovered_median_value_money,recovered_median_value_office_type_equipment,recovered_median_value_other,recovered_median_value_radios_t_vs_vc_rs,recovered_median_value_livestock,recovered_median_value_special_category,recovered_median_value_other_motor_vehicles,recovered_median_value_vehicle_parts_accessories,recovered_median_value_tools_power_hand,recovered_median_value_alcohol,recovered_median_value_bicycles,recovered_median_value_merchandise,recovered_median_value_recordings_audio_visual,recovered_median_value_recreational_vehicles,recovered_median_value_watercraft,recovered_median_value_credit_debit_cards,recovered_median_value_computer_hardware_software,recovered_median_value_heavy_construction_industrial_equipment,recovered_median_value_negotiable_instruments,recovered_median_value_nonnegotiable_instruments,recovered_median_value_purses_handbags_wallets,recovered_median_value_structures_storage,recovered_median_value_trucks,recovered_median_value_farm_equipment,recovered_median_value_structures_other_dwellings,recovered_median_value_drug_narcotic_equipment,recovered_median_value_drugs_narcotics,recovered_median_value_gambling_equipment,recovered_median_value_buses,recovered_median_value_aircraft,recovered_median_value_pending_inventory_of_property,recovered_median_value_structures_other,seized_consumable_goods,seized_drugs_narcotics,seized_firearms,seized_other,seized_radios_t_vs_vc_rs,seized_pending_inventory_of_property,seized_drug_narcotic_equipment,seized_gambling_equipment,seized_money,seized_negotiable_instruments,seized_alcohol,seized_vehicle_parts_accessories,seized_special_category,seized_nonnegotiable_instruments,seized_purses_handbags_wallets,seized_automobiles,seized_jewelry_precious_metals,seized_aircraft,seized_trucks,seized_clothes_furs,seized_farm_equipment,seized_office_type_equipment,seized_computer_hardware_software,seized_bicycles,seized_credit_debit_cards,seized_household_goods,seized_other_motor_vehicles,seized_tools_power_hand,seized_recordings_audio_visual,seized_structures_single_occupancy_dwellings,seized_mean_value_consumable_goods,seized_mean_value_drugs_narcotics,seized_mean_value_firearms,seized_mean_value_other,seized_mean_value_radios_t_vs_vc_rs,seized_mean_value_pending_inventory_of_property,seized_mean_value_drug_narcotic_equipment,seized_mean_value_gambling_equipment,seized_mean_value_money,seized_mean_value_negotiable_instruments,seized_mean_value_alcohol,seized_mean_value_vehicle_parts_accessories,seized_mean_value_special_category,seized_mean_value_nonnegotiable_instruments,seized_mean_value_purses_handbags_wallets,seized_mean_value_automobiles,seized_mean_value_jewelry_precious_metals,seized_mean_value_aircraft,seized_mean_value_trucks,seized_mean_value_clothes_furs,seized_mean_value_farm_equipment,seized_mean_value_office_type_equipment,seized_mean_value_computer_hardware_software,seized_mean_value_bicycles,seized_mean_value_credit_debit_cards,seized_mean_value_household_goods,seized_mean_value_other_motor_vehicles,seized_mean_value_tools_power_hand,seized_mean_value_recordings_audio_visual,seized_mean_value_structures_single_occupancy_dwellings,seized_median_value_consumable_goods,seized_median_value_drugs_narcotics,seized_median_value_firearms,seized_median_value_other,seized_median_value_radios_t_vs_vc_rs,seized_median_value_pending_inventory_of_property,seized_median_value_drug_narcotic_equipment,seized_median_value_gambling_equipment,seized_median_value_money,seized_median_value_negotiable_instruments,seized_median_value_alcohol,seized_median_value_vehicle_parts_accessories,seized_median_value_special_category,seized_median_value_nonnegotiable_instruments,seized_median_value_purses_handbags_wallets,seized_median_value_automobiles,seized_median_value_jewelry_precious_metals,seized_median_value_aircraft,seized_median_value_trucks,seized_median_value_clothes_furs,seized_median_value_farm_equipment,seized_median_value_office_type_equipment,seized_median_value_computer_hardware_software,seized_median_value_bicycles,seized_median_value_credit_debit_cards,seized_median_value_household_goods,seized_median_value_other_motor_vehicles,seized_median_value_tools_power_hand,seized_median_value_recordings_audio_visual,seized_median_value_structures_single_occupancy_dwellings,counterfeited_automobiles,counterfeited_money,counterfeited_other,counterfeited_pending_inventory_of_property,counterfeited_clothes_furs,counterfeited_consumable_goods,counterfeited_jewelry_precious_metals,counterfeited_office_type_equipment,counterfeited_radios_t_vs_vc_rs,counterfeited_negotiable_instruments,counterfeited_credit_debit_cards,counterfeited_nonnegotiable_instruments,counterfeited_structures_public_community,counterfeited_special_category,counterfeited_drugs_narcotics,counterfeited_farm_equipment,counterfeited_vehicle_parts_accessories,counterfeited_household_goods,counterfeited_recordings_audio_visual,counterfeited_tools_power_hand,counterfeited_alcohol,counterfeited_recreational_vehicles,counterfeited_structures_industrial_manufacturing,counterfeited_structures_single_occupancy_dwellings,counterfeited_drug_narcotic_equipment,counterfeited_merchandise,counterfeited_computer_hardware_software,counterfeited_firearms,counterfeited_mean_value_automobiles,counterfeited_mean_value_money,counterfeited_mean_value_other,counterfeited_mean_value_pending_inventory_of_property,counterfeited_mean_value_clothes_furs,counterfeited_mean_value_consumable_goods,counterfeited_mean_value_jewelry_precious_metals,counterfeited_mean_value_office_type_equipment,counterfeited_mean_value_radios_t_vs_vc_rs,counterfeited_mean_value_negotiable_instruments,counterfeited_mean_value_credit_debit_cards,counterfeited_mean_value_nonnegotiable_instruments,counterfeited_mean_value_structures_public_community,counterfeited_mean_value_special_category,counterfeited_mean_value_drugs_narcotics,counterfeited_mean_value_farm_equipment,counterfeited_mean_value_vehicle_parts_accessories,counterfeited_mean_value_household_goods,counterfeited_mean_value_recordings_audio_visual,counterfeited_mean_value_tools_power_hand,counterfeited_mean_value_alcohol,counterfeited_mean_value_recreational_vehicles,counterfeited_mean_value_structures_industrial_manufacturing,counterfeited_mean_value_structures_single_occupancy_dwellings,counterfeited_mean_value_drug_narcotic_equipment,counterfeited_mean_value_merchandise,counterfeited_mean_value_computer_hardware_software,counterfeited_mean_value_firearms,counterfeited_median_value_automobiles,counterfeited_median_value_money,counterfeited_median_value_other,counterfeited_median_value_pending_inventory_of_property,counterfeited_median_value_clothes_furs,counterfeited_median_value_consumable_goods,counterfeited_median_value_jewelry_precious_metals,counterfeited_median_value_office_type_equipment,counterfeited_median_value_radios_t_vs_vc_rs,counterfeited_median_value_negotiable_instruments,counterfeited_median_value_credit_debit_cards,counterfeited_median_value_nonnegotiable_instruments,counterfeited_median_value_structures_public_community,counterfeited_median_value_special_category,counterfeited_median_value_drugs_narcotics,counterfeited_median_value_farm_equipment,counterfeited_median_value_vehicle_parts_accessories,counterfeited_median_value_household_goods,counterfeited_median_value_recordings_audio_visual,counterfeited_median_value_tools_power_hand,counterfeited_median_value_alcohol,counterfeited_median_value_recreational_vehicles,counterfeited_median_value_structures_industrial_manufacturing,counterfeited_median_value_structures_single_occupancy_dwellings,counterfeited_median_value_drug_narcotic_equipment,counterfeited_median_value_merchandise,counterfeited_median_value_computer_hardware_software,counterfeited_median_value_firearms,burned_pending_inventory_of_property,burned_automobiles,burned_other,burned_structures_single_occupancy_dwellings,burned_household_goods,burned_special_category,burned_structures_other,burned_structures_other_dwellings,burned_structures_storage,burned_vehicle_parts_accessories,burned_structures_public_community,burned_bicycles,burned_structures_commercial_business,burned_clothes_furs,burned_farm_equipment,burned_buses,burned_trucks,burned_heavy_construction_industrial_equipment,burned_money,burned_watercraft,burned_computer_hardware_software,burned_consumable_goods,burned_other_motor_vehicles,burned_recreational_vehicles,burned_radios_t_vs_vc_rs,burned_structures_industrial_manufacturing,burned_tools_power_hand,burned_purses_handbags_wallets,burned_jewelry_precious_metals,burned_recordings_audio_visual,burned_credit_debit_cards,burned_firearms,burned_mean_value_pending_inventory_of_property,burned_mean_value_automobiles,burned_mean_value_other,burned_mean_value_structures_single_occupancy_dwellings,burned_mean_value_household_goods,burned_mean_value_special_category,burned_mean_value_structures_other,burned_mean_value_structures_other_dwellings,burned_mean_value_structures_storage,burned_mean_value_vehicle_parts_accessories,burned_mean_value_structures_public_community,burned_mean_value_bicycles,burned_mean_value_structures_commercial_business,burned_mean_value_clothes_furs,burned_mean_value_farm_equipment,burned_mean_value_buses,burned_mean_value_trucks,burned_mean_value_heavy_construction_industrial_equipment,burned_mean_value_money,burned_mean_value_watercraft,burned_mean_value_computer_hardware_software,burned_mean_value_consumable_goods,burned_mean_value_other_motor_vehicles,burned_mean_value_recreational_vehicles,burned_mean_value_radios_t_vs_vc_rs,burned_mean_value_structures_industrial_manufacturing,burned_mean_value_tools_power_hand,burned_mean_value_purses_handbags_wallets,burned_mean_value_jewelry_precious_metals,burned_mean_value_recordings_audio_visual,burned_mean_value_credit_debit_cards,burned_mean_value_firearms,burned_median_value_pending_inventory_of_property,burned_median_value_automobiles,burned_median_value_other,burned_median_value_structures_single_occupancy_dwellings,burned_median_value_household_goods,burned_median_value_special_category,burned_median_value_structures_other,burned_median_value_structures_other_dwellings,burned_median_value_structures_storage,burned_median_value_vehicle_parts_accessories,burned_median_value_structures_public_community,burned_median_value_bicycles,burned_median_value_structures_commercial_business,burned_median_value_clothes_furs,burned_median_value_farm_equipment,burned_median_value_buses,burned_median_value_trucks,burned_median_value_heavy_construction_industrial_equipment,burned_median_value_money,burned_median_value_watercraft,burned_median_value_computer_hardware_software,burned_median_value_consumable_goods,burned_median_value_other_motor_vehicles,burned_median_value_recreational_vehicles,burned_median_value_radios_t_vs_vc_rs,burned_median_value_structures_industrial_manufacturing,burned_median_value_tools_power_hand,burned_median_value_purses_handbags_wallets,burned_median_value_jewelry_precious_metals,burned_median_value_recordings_audio_visual,burned_median_value_credit_debit_cards,burned_median_value_firearms,drugs_unknown_type_drug,drugs_cocaine,drugs_marijuana,drugs_hashish,drugs_amphetamines_methamphetamines,drugs_other_hallucinogrens,drugs_other_stimulants,drugs_lsd,drugs_crack_cocaine,drugs_other_drugs,drugs_other_narcotics,drugs_barbiturates,drugs_heroin,drugs_morphine,drugs_other_depressants,drugs_pcp,seized_merchandise,seized_watercraft,seized_structures_other_dwellings,seized_recreational_vehicles,seized_structures_other,seized_mean_value_merchandise,seized_mean_value_watercraft,seized_mean_value_structures_other_dwellings,seized_mean_value_recreational_vehicles,seized_mean_value_structures_other,seized_median_value_merchandise,seized_median_value_watercraft,seized_median_value_structures_other_dwellings,seized_median_value_recreational_vehicles,seized_median_value_structures_other,recovered_structures_commercial_business,recovered_structures_industrial_manufacturing,recovered_structures_single_occupancy_dwellings,recovered_structures_public_community,recovered_mean_value_structures_commercial_business,recovered_mean_value_structures_industrial_manufacturing,recovered_mean_value_structures_single_occupancy_dwellings,recovered_mean_value_structures_public_community,recovered_median_value_structures_commercial_business,recovered_median_value_structures_industrial_manufacturing,recovered_median_value_structures_single_occupancy_dwellings,recovered_median_value_structures_public_community,counterfeited_livestock,counterfeited_gambling_equipment,counterfeited_purses_handbags_wallets,counterfeited_mean_value_livestock,counterfeited_mean_value_gambling_equipment,counterfeited_mean_value_purses_handbags_wallets,counterfeited_median_value_livestock,counterfeited_median_value_gambling_equipment,counterfeited_median_value_purses_handbags_wallets,burned_livestock,burned_office_type_equipment,burned_gambling_equipment,burned_drugs_narcotics,burned_mean_value_livestock,burned_mean_value_office_type_equipment,burned_mean_value_gambling_equipment,burned_mean_value_drugs_narcotics,burned_median_value_livestock,burned_median_value_office_type_equipment,burned_median_value_gambling_equipment,burned_median_value_drugs_narcotics,drugs_opium,counterfeited_trucks,counterfeited_heavy_construction_industrial_equipment,counterfeited_other_motor_vehicles,counterfeited_mean_value_trucks,counterfeited_mean_value_heavy_construction_industrial_equipment,counterfeited_mean_value_other_motor_vehicles,counterfeited_median_value_trucks,counterfeited_median_value_heavy_construction_industrial_equipment,counterfeited_median_value_other_motor_vehicles,burned_alcohol,burned_merchandise,burned_aircraft,burned_nonnegotiable_instruments,burned_mean_value_alcohol,burned_mean_value_merchandise,burned_mean_value_aircraft,burned_mean_value_nonnegotiable_instruments,burned_median_value_alcohol,burned_median_value_merchandise,burned_median_value_aircraft,burned_median_value_nonnegotiable_instruments,seized_heavy_construction_industrial_equipment,seized_mean_value_heavy_construction_industrial_equipment,seized_median_value_heavy_construction_industrial_equipment,burned_drug_narcotic_equipment,burned_mean_value_drug_narcotic_equipment,burned_median_value_drug_narcotic_equipment,seized_buses,seized_mean_value_buses,seized_median_value_buses,counterfeited_structures_commercial_business,counterfeited_aircraft,counterfeited_mean_value_structures_commercial_business,counterfeited_mean_value_aircraft,counterfeited_median_value_structures_commercial_business,counterfeited_median_value_aircraft,burned_negotiable_instruments,burned_mean_value_negotiable_instruments,burned_median_value_negotiable_instruments,counterfeited_structures_other_dwellings,counterfeited_mean_value_structures_other_dwellings,counterfeited_median_value_structures_other_dwellings,seized_livestock,seized_mean_value_livestock,seized_median_value_livestock,counterfeited_bicycles,counterfeited_mean_value_bicycles,counterfeited_median_value_bicycles,seized_structures_industrial_manufacturing,seized_mean_value_structures_industrial_manufacturing,seized_median_value_structures_industrial_manufacturing,counterfeited_buses,counterfeited_watercraft,counterfeited_structures_other,counterfeited_mean_value_buses,counterfeited_mean_value_watercraft,counterfeited_mean_value_structures_other,counterfeited_median_value_buses,counterfeited_median_value_watercraft,counterfeited_median_value_structures_other,seized_structures_public_community,seized_mean_value_structures_public_community,seized_median_value_structures_public_community,seized_structures_commercial_business,seized_structures_storage,seized_mean_value_structures_commercial_business,seized_mean_value_structures_storage,seized_median_value_structures_commercial_business,seized_median_value_structures_storage,counterfeited_structures_storage,counterfeited_mean_value_structures_storage,counterfeited_median_value_structures_storage,stolen_recreational_sports_equipment,stolen_portible_electronic_communications,stolen_lawn_yard_garden_equipment,stolen_musical_instruments,stolen_building_materials,stolen_logging_equipment,stolen_pets,stolen_photographic_optical_equipment,stolen_weapons_other,stolen_chemicals,stolen_documents_personal_or_business,stolen_fuel,stolen_identity_intangible,stolen_identity_documents,stolen_metals_non_precious,stolen_trailers,stolen_aircraft_parts_accessories,stolen_camping_hunting_fishing_equipment_supplies,stolen_law_enforcement_equipment,stolen_firearm_accessories,stolen_watercraft_equipment_parts_accessories,stolen_medical_medical_lab_equipment,stolen_collections_collectibles,stolen_artistic_supplies_accessories,stolen_mean_value_recreational_sports_equipment,stolen_mean_value_portible_electronic_communications,stolen_mean_value_lawn_yard_garden_equipment,stolen_mean_value_musical_instruments,stolen_mean_value_building_materials,stolen_mean_value_logging_equipment,stolen_mean_value_pets,stolen_mean_value_photographic_optical_equipment,stolen_mean_value_weapons_other,stolen_mean_value_chemicals,stolen_mean_value_documents_personal_or_business,stolen_mean_value_fuel,stolen_mean_value_identity_intangible,stolen_mean_value_identity_documents,stolen_mean_value_metals_non_precious,stolen_mean_value_trailers,stolen_mean_value_aircraft_parts_accessories,stolen_mean_value_camping_hunting_fishing_equipment_supplies,stolen_mean_value_law_enforcement_equipment,stolen_mean_value_firearm_accessories,stolen_mean_value_watercraft_equipment_parts_accessories,stolen_mean_value_medical_medical_lab_equipment,stolen_mean_value_collections_collectibles,stolen_mean_value_artistic_supplies_accessories,stolen_median_value_recreational_sports_equipment,stolen_median_value_portible_electronic_communications,stolen_median_value_lawn_yard_garden_equipment,stolen_median_value_musical_instruments,stolen_median_value_building_materials,stolen_median_value_logging_equipment,stolen_median_value_pets,stolen_median_value_photographic_optical_equipment,stolen_median_value_weapons_other,stolen_median_value_chemicals,stolen_median_value_documents_personal_or_business,stolen_median_value_fuel,stolen_median_value_identity_intangible,stolen_median_value_identity_documents,stolen_median_value_metals_non_precious,stolen_median_value_trailers,stolen_median_value_aircraft_parts_accessories,stolen_median_value_camping_hunting_fishing_equipment_supplies,stolen_median_value_law_enforcement_equipment,stolen_median_value_firearm_accessories,stolen_median_value_watercraft_equipment_parts_accessories,stolen_median_value_medical_medical_lab_equipment,stolen_median_value_collections_collectibles,stolen_median_value_artistic_supplies_accessories,counterfeited_identity_intangible,counterfeited_identity_documents,counterfeited_documents_personal_or_business,counterfeited_mean_value_identity_intangible,counterfeited_mean_value_identity_documents,counterfeited_mean_value_documents_personal_or_business,counterfeited_median_value_identity_intangible,counterfeited_median_value_identity_documents,counterfeited_median_value_documents_personal_or_business,destroyed_building_materials,destroyed_metals_non_precious,destroyed_photographic_optical_equipment,destroyed_mean_value_building_materials,destroyed_mean_value_metals_non_precious,destroyed_mean_value_photographic_optical_equipment,destroyed_median_value_building_materials,destroyed_median_value_metals_non_precious,destroyed_median_value_photographic_optical_equipment,seized_identity_intangible,seized_photographic_optical_equipment,seized_weapons_other,seized_mean_value_identity_intangible,seized_mean_value_photographic_optical_equipment,seized_mean_value_weapons_other,seized_median_value_identity_intangible,seized_median_value_photographic_optical_equipment,seized_median_value_weapons_other,recovered_recreational_sports_equipment,recovered_documents_personal_or_business,recovered_identity_documents,recovered_logging_equipment,recovered_metals_non_precious,recovered_pets,recovered_photographic_optical_equipment,recovered_building_materials,recovered_musical_instruments,recovered_camping_hunting_fishing_equipment_supplies,recovered_fuel,recovered_identity_intangible,recovered_weapons_other,recovered_trailers,recovered_collections_collectibles,recovered_mean_value_recreational_sports_equipment,recovered_mean_value_documents_personal_or_business,recovered_mean_value_identity_documents,recovered_mean_value_logging_equipment,recovered_mean_value_metals_non_precious,recovered_mean_value_pets,recovered_mean_value_photographic_optical_equipment,recovered_mean_value_building_materials,recovered_mean_value_musical_instruments,recovered_mean_value_camping_hunting_fishing_equipment_supplies,recovered_mean_value_fuel,recovered_mean_value_identity_intangible,recovered_mean_value_weapons_other,recovered_mean_value_trailers,recovered_mean_value_collections_collectibles,recovered_median_value_recreational_sports_equipment,recovered_median_value_documents_personal_or_business,recovered_median_value_identity_documents,recovered_median_value_logging_equipment,recovered_median_value_metals_non_precious,recovered_median_value_pets,recovered_median_value_photographic_optical_equipment,recovered_median_value_building_materials,recovered_median_value_musical_instruments,recovered_median_value_camping_hunting_fishing_equipment_supplies,recovered_median_value_fuel,recovered_median_value_identity_intangible,recovered_median_value_weapons_other,recovered_median_value_trailers,recovered_median_value_collections_collectibles,burned_recreational_sports_equipment,burned_mean_value_recreational_sports_equipment,burned_median_value_recreational_sports_equipment,stolen_crops,stolen_explosives,stolen_mean_value_crops,stolen_mean_value_explosives,stolen_median_value_crops,stolen_median_value_explosives,destroyed_lawn_yard_garden_equipment,destroyed_medical_medical_lab_equipment,destroyed_portible_electronic_communications,destroyed_trailers,destroyed_law_enforcement_equipment,destroyed_recreational_sports_equipment,destroyed_artistic_supplies_accessories,destroyed_collections_collectibles,destroyed_watercraft_equipment_parts_accessories,destroyed_crops,destroyed_camping_hunting_fishing_equipment_supplies,destroyed_musical_instruments,destroyed_identity_documents,destroyed_pets,destroyed_weapons_other,destroyed_chemicals,destroyed_firearm_accessories,destroyed_fuel,destroyed_aircraft_parts_accessories,destroyed_logging_equipment,destroyed_documents_personal_or_business,destroyed_mean_value_lawn_yard_garden_equipment,destroyed_mean_value_medical_medical_lab_equipment,destroyed_mean_value_portible_electronic_communications,destroyed_mean_value_trailers,destroyed_mean_value_law_enforcement_equipment,destroyed_mean_value_recreational_sports_equipment,destroyed_mean_value_artistic_supplies_accessories,destroyed_mean_value_collections_collectibles,destroyed_mean_value_watercraft_equipment_parts_accessories,destroyed_mean_value_crops,destroyed_mean_value_camping_hunting_fishing_equipment_supplies,destroyed_mean_value_musical_instruments,destroyed_mean_value_identity_documents,destroyed_mean_value_pets,destroyed_mean_value_weapons_other,destroyed_mean_value_chemicals,destroyed_mean_value_firearm_accessories,destroyed_mean_value_fuel,destroyed_mean_value_aircraft_parts_accessories,destroyed_mean_value_logging_equipment,destroyed_mean_value_documents_personal_or_business,destroyed_median_value_lawn_yard_garden_equipment,destroyed_median_value_medical_medical_lab_equipment,destroyed_median_value_portible_electronic_communications,destroyed_median_value_trailers,destroyed_median_value_law_enforcement_equipment,destroyed_median_value_recreational_sports_equipment,destroyed_median_value_artistic_supplies_accessories,destroyed_median_value_collections_collectibles,destroyed_median_value_watercraft_equipment_parts_accessories,destroyed_median_value_crops,destroyed_median_value_camping_hunting_fishing_equipment_supplies,destroyed_median_value_musical_instruments,destroyed_median_value_identity_documents,destroyed_median_value_pets,destroyed_median_value_weapons_other,destroyed_median_value_chemicals,destroyed_median_value_firearm_accessories,destroyed_median_value_fuel,destroyed_median_value_aircraft_parts_accessories,destroyed_median_value_logging_equipment,destroyed_median_value_documents_personal_or_business,seized_chemicals,seized_documents_personal_or_business,seized_identity_documents,seized_recreational_sports_equipment,seized_portible_electronic_communications,seized_explosives,seized_firearm_accessories,seized_law_enforcement_equipment,seized_collections_collectibles,seized_trailers,seized_mean_value_chemicals,seized_mean_value_documents_personal_or_business,seized_mean_value_identity_documents,seized_mean_value_recreational_sports_equipment,seized_mean_value_portible_electronic_communications,seized_mean_value_explosives,seized_mean_value_firearm_accessories,seized_mean_value_law_enforcement_equipment,seized_mean_value_collections_collectibles,seized_mean_value_trailers,seized_median_value_chemicals,seized_median_value_documents_personal_or_business,seized_median_value_identity_documents,seized_median_value_recreational_sports_equipment,seized_median_value_portible_electronic_communications,seized_median_value_explosives,seized_median_value_firearm_accessories,seized_median_value_law_enforcement_equipment,seized_median_value_collections_collectibles,seized_median_value_trailers,counterfeited_collections_collectibles,counterfeited_medical_medical_lab_equipment,counterfeited_fuel,counterfeited_mean_value_collections_collectibles,counterfeited_mean_value_medical_medical_lab_equipment,counterfeited_mean_value_fuel,counterfeited_median_value_collections_collectibles,counterfeited_median_value_medical_medical_lab_equipment,counterfeited_median_value_fuel,recovered_chemicals,recovered_crops,recovered_portible_electronic_communications,recovered_explosives,recovered_lawn_yard_garden_equipment,recovered_firearm_accessories,recovered_law_enforcement_equipment,recovered_medical_medical_lab_equipment,recovered_artistic_supplies_accessories,recovered_watercraft_equipment_parts_accessories,recovered_aircraft_parts_accessories,recovered_mean_value_chemicals,recovered_mean_value_crops,recovered_mean_value_portible_electronic_communications,recovered_mean_value_explosives,recovered_mean_value_lawn_yard_garden_equipment,recovered_mean_value_firearm_accessories,recovered_mean_value_law_enforcement_equipment,recovered_mean_value_medical_medical_lab_equipment,recovered_mean_value_artistic_supplies_accessories,recovered_mean_value_watercraft_equipment_parts_accessories,recovered_mean_value_aircraft_parts_accessories,recovered_median_value_chemicals,recovered_median_value_crops,recovered_median_value_portible_electronic_communications,recovered_median_value_explosives,recovered_median_value_lawn_yard_garden_equipment,recovered_median_value_firearm_accessories,recovered_median_value_law_enforcement_equipment,recovered_median_value_medical_medical_lab_equipment,recovered_median_value_artistic_supplies_accessories,recovered_median_value_watercraft_equipment_parts_accessories,recovered_median_value_aircraft_parts_accessories,burned_building_materials,burned_crops,burned_lawn_yard_garden_equipment,burned_metals_non_precious,burned_camping_hunting_fishing_equipment_supplies,burned_photographic_optical_equipment,burned_trailers,burned_pets,burned_mean_value_building_materials,burned_mean_value_crops,burned_mean_value_lawn_yard_garden_equipment,burned_mean_value_metals_non_precious,burned_mean_value_camping_hunting_fishing_equipment_supplies,burned_mean_value_photographic_optical_equipment,burned_mean_value_trailers,burned_mean_value_pets,burned_median_value_building_materials,burned_median_value_crops,burned_median_value_lawn_yard_garden_equipment,burned_median_value_metals_non_precious,burned_median_value_camping_hunting_fishing_equipment_supplies,burned_median_value_photographic_optical_equipment,burned_median_value_trailers,burned_median_value_pets,counterfeited_crops,counterfeited_metals_non_precious,counterfeited_logging_equipment,counterfeited_photographic_optical_equipment,counterfeited_recreational_sports_equipment,counterfeited_trailers,counterfeited_musical_instruments,counterfeited_portible_electronic_communications,counterfeited_artistic_supplies_accessories,counterfeited_mean_value_crops,counterfeited_mean_value_metals_non_precious,counterfeited_mean_value_logging_equipment,counterfeited_mean_value_photographic_optical_equipment,counterfeited_mean_value_recreational_sports_equipment,counterfeited_mean_value_trailers,counterfeited_mean_value_musical_instruments,counterfeited_mean_value_portible_electronic_communications,counterfeited_mean_value_artistic_supplies_accessories,counterfeited_median_value_crops,counterfeited_median_value_metals_non_precious,counterfeited_median_value_logging_equipment,counterfeited_median_value_photographic_optical_equipment,counterfeited_median_value_recreational_sports_equipment,counterfeited_median_value_trailers,counterfeited_median_value_musical_instruments,counterfeited_median_value_portible_electronic_communications,counterfeited_median_value_artistic_supplies_accessories,destroyed_identity_intangible,destroyed_explosives,destroyed_mean_value_identity_intangible,destroyed_mean_value_explosives,destroyed_median_value_identity_intangible,destroyed_median_value_explosives,seized_camping_hunting_fishing_equipment_supplies,seized_lawn_yard_garden_equipment,seized_fuel,seized_medical_medical_lab_equipment,seized_artistic_supplies_accessories,seized_metals_non_precious,seized_musical_instruments,seized_watercraft_equipment_parts_accessories,seized_mean_value_camping_hunting_fishing_equipment_supplies,seized_mean_value_lawn_yard_garden_equipment,seized_mean_value_fuel,seized_mean_value_medical_medical_lab_equipment,seized_mean_value_artistic_supplies_accessories,seized_mean_value_metals_non_precious,seized_mean_value_musical_instruments,seized_mean_value_watercraft_equipment_parts_accessories,seized_median_value_camping_hunting_fishing_equipment_supplies,seized_median_value_lawn_yard_garden_equipment,seized_median_value_fuel,seized_median_value_medical_medical_lab_equipment,seized_median_value_artistic_supplies_accessories,seized_median_value_metals_non_precious,seized_median_value_musical_instruments,seized_median_value_watercraft_equipment_parts_accessories,burned_fuel,burned_explosives,burned_collections_collectibles,burned_logging_equipment,burned_medical_medical_lab_equipment,burned_identity_documents,burned_musical_instruments,burned_firearm_accessories,burned_weapons_other,burned_documents_personal_or_business,burned_artistic_supplies_accessories,burned_mean_value_fuel,burned_mean_value_explosives,burned_mean_value_collections_collectibles,burned_mean_value_logging_equipment,burned_mean_value_medical_medical_lab_equipment,burned_mean_value_identity_documents,burned_mean_value_musical_instruments,burned_mean_value_firearm_accessories,burned_mean_value_weapons_other,burned_mean_value_documents_personal_or_business,burned_mean_value_artistic_supplies_accessories,burned_median_value_fuel,burned_median_value_explosives,burned_median_value_collections_collectibles,burned_median_value_logging_equipment,burned_median_value_medical_medical_lab_equipment,burned_median_value_identity_documents,burned_median_value_musical_instruments,burned_median_value_firearm_accessories,burned_median_value_weapons_other,burned_median_value_documents_personal_or_business,burned_median_value_artistic_supplies_accessories,seized_pets,seized_crops,seized_building_materials,seized_mean_value_pets,seized_mean_value_crops,seized_mean_value_building_materials,seized_median_value_pets,seized_median_value_crops,seized_median_value_building_materials,counterfeited_aircraft_parts_accessories,counterfeited_lawn_yard_garden_equipment,counterfeited_chemicals,counterfeited_mean_value_aircraft_parts_accessories,counterfeited_mean_value_lawn_yard_garden_equipment,counterfeited_mean_value_chemicals,counterfeited_median_value_aircraft_parts_accessories,counterfeited_median_value_lawn_yard_garden_equipment,counterfeited_median_value_chemicals,burned_portible_electronic_communications,burned_chemicals,burned_watercraft_equipment_parts_accessories,burned_mean_value_portible_electronic_communications,burned_mean_value_chemicals,burned_mean_value_watercraft_equipment_parts_accessories,burned_median_value_portible_electronic_communications,burned_median_value_chemicals,burned_median_value_watercraft_equipment_parts_accessories,seized_aircraft_parts_accessories,seized_logging_equipment,seized_mean_value_aircraft_parts_accessories,seized_mean_value_logging_equipment,seized_median_value_aircraft_parts_accessories,seized_median_value_logging_equipment,counterfeited_building_materials,counterfeited_explosives,counterfeited_weapons_other,counterfeited_camping_hunting_fishing_equipment_supplies,counterfeited_law_enforcement_equipment,counterfeited_mean_value_building_materials,counterfeited_mean_value_explosives,counterfeited_mean_value_weapons_other,counterfeited_mean_value_camping_hunting_fishing_equipment_supplies,counterfeited_mean_value_law_enforcement_equipment,counterfeited_median_value_building_materials,counterfeited_median_value_explosives,counterfeited_median_value_weapons_other,counterfeited_median_value_camping_hunting_fishing_equipment_supplies,counterfeited_median_value_law_enforcement_equipment,counterfeited_firearm_accessories,counterfeited_mean_value_firearm_accessories,counterfeited_median_value_firearm_accessories,burned_law_enforcement_equipment,burned_mean_value_law_enforcement_equipment,burned_median_value_law_enforcement_equipment,counterfeited_watercraft_equipment_parts_accessories,counterfeited_mean_value_watercraft_equipment_parts_accessories,counterfeited_median_value_watercraft_equipment_parts_accessories,burned_identity_intangible,burned_mean_value_identity_intangible,burned_median_value_identity_intangible,counterfeited_pets,counterfeited_mean_value_pets,counterfeited_median_value_pets,burned_aircraft_parts_accessories,burned_mean_value_aircraft_parts_accessories,burned_median_value_aircraft_parts_accessories,drugs_z,drugs_t
IA0530200,2022,Monticello Police Dept.,Iowa,4071,2,0,2,0,1,1,0,8,0,7,0,0,0,2,0,0,3,0,1,3,2,1,1,0,1,0,0,0,0,0,0,0,0,1,0,0,0,1,0,0,0,0,500,0,105,0,15,3181,0,13087,0,154,0,0,0,46,0,0,788,0,124,183,594,0,100,0,300,0,0,0,0,0,0,0,0,16053,0,0,0,55,0,0,0,0,500,0,105,0,15,3181,0,2100,0,124,0,0,0,46,0,0,950,0,124,200,594,0,100,0,300,0,0,0,0,0,0,0,0,16053,0,0,0,55,0,0,0,0,4,0,0,0,0,0,0,5,0,0,0,0,0,0,1,0,4,0,0,0,0,0,0,0,1,4,0,0,0,1,0,0,0,0,1,0,0,0,0,0,0,0,535,0,0,0,0,0,0,1152,0,0,0,0,0,0,100349,0,692,0,0,0,0,0,0,0,1200,650,0,0,0,40,0,0,0,0,98597,0,0,0,0,0,0,0,450,0,0,0,0,0,0,500,0,0,0,0,0,0,100349,0,575,0,0,0,0,0,0,0,1200,450,0,0,0,40,0,0,0,0,98597,0,0,0,0,0,0,0,0,0,0,0,0,0,0,0,0,0,0,0,0,0,0,0,0,0,0,0,0,0,0,0,0,0,0,0,0,0,0,0,0,0,0,0,0,0,0,0,0,0,0,0,0,0,0,0,0,0,0,0,0,0,0,0,0,0,0,0,0,0,0,0,0,0,0,0,0,0,0,0,0,0,0,0,0,0,0,0,0,0,0,0,0,0,0,0,0,0,0,0,0,0,0,0,0,0,0,0,0,0,0,0,0,0,0,0,0,0,0,0,0,0,0,5,0,0,0,0,1,0,0,0,0,0,0,0,0,0,0,0,0,0,0,0,0,0,0,0,0,0,0,0,0,0,0,0,0,0,15,0,0,0,0,0,0,0,0,0,0,0,0,0,0,0,0,0,0,0,0,0,0,0,0,0,0,0,0,0,15,0,0,0,0,0,0,0,0,0,0,0,0,0,0,0,0,0,0,0,0,0,0,0,0,0,0,0,0,0,0,0,0,0,0,0,0,0,0,0,0,0,0,0,0,0,0,0,0,0,0,0,0,0,0,0,0,0,0,0,0,0,0,0,0,0,0,0,0,0,0,0,0,0,0,0,0,0,0,0,0,0,0,0,0,0,0,0,0,0,0,0,0,0,0,0,0,0,0,0,0,0,0,0,0,0,0,0,0,0,0,0,0,0,0,0,0,0,0,0,0,0,0,0,0,0,0,0,0,0,0,0,0,0,0,0,0,0,0,0,0,0,0,0,0,0,0,0,0,0,0,0,0,0,0,0,0,0,0,0,0,0,0,0,0,0,0,0,0,0,0,0,0,0,0,0,0,0,0,0,0,0,0,0,0,0,0,0,0,0,0,0,0,0,0,0,0,0,0,0,0,0,0,0,0,0,7,0,2,0,0,0,0,0,0,0,0,0,0,0,0,0,0,0,0,0,0,0,0,0,0,0,0,0,0,0,0,0,0,0,0,0,0,0,0,0,0,0,0,0,0,0,0,0,0,0,0,0,0,0,0,0,0,0,0,0,0,0,0,0,0,0,0,0,0,0,0,0,0,0,0,0,0,0,0,0,0,0,0,0,0,0,0,0,0,0,0,0,0,0,0,0,0,0,0,0,0,0,0,0,0,0,0,0,0,0,0,0,0,0,0,0,0,0,0,0,0,0,0,0,0,0,0,0,0,0,0,0,0,0,0,0,0,1,0,0,0,0,0,0,0,0,3,0,1,1,3,0,0,0,0,0,1,1,0,0,0,175,0,0,0,0,0,0,0,0,51,0,0,50,2662,0,0,0,0,0,500,460,0,0,0,175,0,0,0,0,0,0,0,0,52,0,0,50,2500,0,0,0,0,0,500,460,0,0,1,1,0,0,0,0,0,0,0,0,0,0,0,0,0,0,0,0,0,0,0,0,0,0,0,0,0,0,0,0,0,0,0,0,0,0,0,0,0,0,0,0,0,0,0,0,0,0,0,0,0,0,0,0,0,0,0,0,0,0,0,0,0,0,0,0,0,0,0,0,0,0,0,0,0,0,0,0,0,0,1,0,0,0,0,0,0,0,0,0,1,0,0,0,0,0,0,0,0,0,0,24,0,0,0,0,0,0,0,0,0,100,0,0,0,0,0,0,0,0,0,0,24,0,0,0,0,0,0,0,0,0,100,0,0,0,0,0,0,0,0,0,0,0,0,0,0,0,0,0,0,0,0,0,0,0,0,0,0,0,0,0,0,0,0,0,0,0,0,0,0,0,0,0,0,0,0,0,0,0,0,0,0,0,0,0,0,0,0,0,0,0,0,0,0,0,0,0,0,0,0,0,0,0,0,0,0,0,0,0,0,0,0,0,0,0,0,0,0,0,0,0,0,0,0,0,0,0,0,0,0,0,0,0,0,0,0,0,0,0,0,0,0,0,0,0,0,0,0,0,0,0,0,0,0,0,0,0,0,0,0,0,0,0,0,0,0,0,0,0,0,0,0,0,0,0,0,0,0,0,0,0,0,0,0,0,0,0,0,0,0,0,0,0,0,0,0,0,0,0,0,0,0,0,0,0,0,0,0,0,0,0,0,0,0,0,0,0,0,0,0,0,0,0,0,0,0,0,0,0,0,0,0,0,0,0,0,0,0,0,0,0,0,0,0,0,0,0,0,0,0,0,0,0,0,0,0,0,0,0,0,0,0,0,0,0,0,0,0,0,0,0,0,0,0,0,0,0,0,0,0,0,0,0,0,0,0,0,0,0,0,0,0,0,0,0,0
IA0530200,2021,Monticello Police Dept.,Iowa,3882,4,2,1,0,2,1,0,6,0,17,0,0,0,0,0,0,5,2,5,1,2,1,4,0,1,0,0,0,0,0,0,0,0,0,0,0,0,0,0,0,0,0,8952,204,2,0,370,111,0,10543,0,447,0,0,0,0,0,0,1257,482,1581,648,278,0,102,0,8,0,0,0,0,0,0,0,0,0,0,0,0,0,0,0,0,0,8334,204,2,0,370,111,0,975,0,59,0,0,0,0,0,0,741,482,82,648,278,0,104,0,8,0,0,0,0,0,0,0,0,0,0,0,0,0,0,0,0,0,2,0,0,0,0,0,0,5,1,0,0,0,0,3,0,0,2,0,1,0,0,1,1,0,2,1,0,0,0,0,1,0,0,0,0,0,0,0,0,0,0,0,255,0,0,0,0,0,0,109,370,0,0,0,0,274,0,0,236,0,93,0,0,1296,120,0,1202,93,0,0,0,0,463,0,0,0,0,0,0,0,0,0,0,0,255,0,0,0,0,0,0,93,370,0,0,0,0,360,0,0,236,0,93,0,0,1296,120,0,1202,93,0,0,0,0,463,0,0,0,0,0,0,0,0,0,0,0,0,0,0,0,0,0,0,0,0,0,0,0,0,0,0,0,0,0,0,0,0,0,0,0,0,0,0,0,0,0,0,0,0,0,0,0,0,0,0,0,0,0,0,0,0,0,0,0,0,0,0,0,0,0,0,0,0,0,0,0,0,0,0,0,0,0,0,0,0,0,0,0,0,0,0,0,0,0,0,0,0,0,0,0,0,0,0,0,0,0,0,0,0,0,0,0,0,0,0,0,0,0,0,0,0,0,0,0,0,0,0,0,0,0,0,4,0,1,0,0,7,0,0,0,0,0,0,0,0,0,0,0,0,0,0,0,0,0,0,0,0,0,0,0,0,0,0,0,0,0,26,0,0,0,0,0,0,0,0,0,0,0,0,0,0,0,0,0,0,0,0,0,0,0,0,0,0,0,0,0,19,0,0,0,0,0,0,0,0,0,0,0,0,0,0,0,0,0,0,0,0,0,0,0,0,1,0,0,0,0,0,0,0,0,0,0,0,0,0,0,0,0,0,0,0,0,0,0,0,0,0,0,0,5556,0,0,0,0,0,0,0,0,0,0,0,0,0,0,0,0,0,0,0,0,0,0,0,0,0,0,0,5556,0,0,0,0,0,0,0,0,0,0,0,0,0,0,0,0,0,0,0,0,0,0,0,0,0,0,0,0,0,0,0,0,0,0,0,0,0,0,0,0,0,0,0,0,0,0,0,0,0,0,0,0,0,0,0,0,0,0,0,0,0,0,0,0,0,0,0,0,0,0,0,0,0,0,0,0,0,0,0,0,0,0,0,0,0,0,0,0,0,0,0,0,0,0,0,0,0,0,0,0,0,0,0,0,0,0,0,0,0,0,0,0,0,0,0,0,0,0,0,0,0,0,0,0,0,0,0,0,6,0,0,0,0,0,0,0,0,0,0,0,0,0,0,0,0,0,0,0,0,0,0,0,0,0,0,0,0,0,0,0,0,0,0,0,0,0,0,0,0,0,0,0,0,0,0,0,0,0,0,0,0,0,0,0,0,0,10,0,0,0,0,0,0,0,0,0,0,0,0,0,0,0,0,0,0,0,0,0,0,0,0,0,0,0,0,0,0,0,0,0,0,0,0,0,0,0,0,0,0,0,0,0,0,0,0,0,0,0,0,0,0,0,0,0,0,0,0,0,0,0,0,0,0,0,0,0,0,0,0,1,1,0,0,0,0,0,0,0,0,0,0,0,0,0,0,0,0,0,0,0,0,0,0,718,74,0,0,0,0,0,0,0,0,0,0,0,0,0,0,0,0,0,0,0,0,0,0,718,74,0,0,0,0,0,0,0,0,0,0,0,0,0,0,0,0,0,0,0,0,0,0,0,3,0,0,0,0,0,0,0,0,0,0,0,0,0,0,0,0,0,0,0,0,0,0,0,0,0,0,0,0,0,0,0,0,0,0,0,0,0,0,0,0,0,0,0,0,0,0,0,0,0,0,0,0,0,0,0,0,0,0,0,0,0,0,0,0,0,0,0,0,0,0,0,0,0,0,0,0,0,0,0,0,0,0,0,0,0,0,0,0,0,0,0,0,0,0,0,0,0,0,0,0,0,0,0,0,0,0,0,0,0,0,0,0,0,0,0,0,0,0,0,0,0,0,0,0,0,0,0,0,0,0,0,0,0,0,0,0,0,0,0,0,0,0,0,0,0,0,0,0,0,0,0,0,0,0,0,0,0,0,0,0,0,0,0,0,0,0,0,0,0,0,0,0,0,0,0,0,0,0,0,0,0,0,0,0,0,0,0,0,0,0,0,0,0,0,0,0,0,0,0,0,0,0,0,0,0,0,0,0,0,0,0,0,0,0,0,0,0,0,0,0,0,0,0,0,0,0,0,0,0,0,0,0,0,0,0,0,0,0,0,0,0,0,0,0,0,0,0,0,0,0,0,0,0,0,0,0,0,0,0,0,0,0,0,0,0,0,0,0,0,0,0,0,0,0,0,0,0,0,0,0,0,0,0,0,0,0,0,0,0,0,0,0,0,0,0,0,0,0,0,0,0,0,0,0,0,0,0,0,0,0,0,0,0,0,0,0,0,0,0,0,0,0,0,0,0,0,0,0,0,0,0,0,0,0,0,0,0,0,0,0,0,0,0,0,0,0,0,0,0,0,0,0,0,0,0,0,0,0,0,0,0,0,0,0,0,0,0,0,0,0,0,0,0,0,0,0,0,0,0,0,0,0,0,0,0,0,0,0,0,0,0,0,0,0,0,0
IA0530200,2020,Monticello Police Dept.,Iowa,3891,7,0,3,0,3,0,0,5,0,18,0,2,0,2,1,0,5,0,3,7,2,2,5,0,0,1,1,0,0,0,0,0,0,0,0,0,0,0,0,0,0,0,2855,0,38,0,315,0,0,496,0,208,0,177,0,6,1106,0,1396,0,53,262,49,0,1904,0,0,265,1738,0,0,0,0,0,0,0,0,0,0,0,0,0,0,0,2654,0,37,0,354,0,0,354,0,93,0,177,0,6,1106,0,813,0,61,168,49,0,885,0,0,265,1738,0,0,0,0,0,0,0,0,0,0,0,0,0,0,0,7,0,0,0,0,0,0,4,1,0,0,0,0,1,0,0,2,0,0,0,1,0,0,0,0,2,0,0,0,0,1,0,0,0,0,0,0,0,0,0,0,0,702,0,0,0,0,0,0,151,44,0,0,0,0,88,0,0,133,0,0,0,22,0,0,0,0,181,0,0,0,0,0,0,0,0,0,0,0,0,0,0,0,0,442,0,0,0,0,0,0,132,44,0,0,0,0,88,0,0,133,0,0,0,22,0,0,0,0,181,0,0,0,0,0,0,0,0,0,0,0,0,0,0,0,0,0,0,0,0,0,0,0,0,0,0,0,0,0,0,0,0,0,0,0,0,0,0,0,0,0,0,0,0,0,0,0,0,0,0,0,0,0,0,0,0,0,0,0,0,0,0,0,0,0,0,0,0,0,0,0,0,0,0,0,0,0,0,0,0,0,0,0,0,0,0,0,0,0,0,0,0,0,0,0,0,0,0,0,0,0,0,0,0,0,0,0,0,0,0,0,0,0,0,0,0,0,0,0,0,0,0,0,0,0,0,0,0,0,0,0,3,0,0,0,0,2,0,0,1,0,0,0,0,0,0,0,0,0,0,0,0,0,0,0,0,0,0,0,0,0,0,0,0,0,0,18,0,0,0,0,0,0,0,0,0,0,0,0,0,0,0,0,0,0,0,0,0,0,0,0,0,0,0,0,0,18,0,0,0,0,0,0,0,0,0,0,0,0,0,0,0,0,0,0,0,0,0,0,0,0,2,0,0,0,0,0,0,0,2,0,0,0,0,0,0,0,0,0,0,0,0,0,0,0,0,0,0,0,823,0,0,0,0,0,0,0,885,0,0,0,0,0,0,0,0,0,0,0,0,0,0,0,0,0,0,0,823,0,0,0,0,0,0,0,885,0,0,0,0,0,0,0,0,0,0,0,0,0,0,0,0,0,0,0,0,0,0,0,0,0,0,0,0,0,0,0,0,0,0,0,0,0,0,0,0,0,0,0,0,0,0,0,0,0,0,0,0,0,0,0,0,0,0,0,0,0,0,0,0,0,0,0,0,0,0,0,0,0,0,0,0,0,0,0,0,0,0,0,0,0,0,0,0,0,0,0,0,0,0,0,0,0,0,0,0,0,0,0,0,0,0,0,0,0,0,0,0,0,0,0,0,1,0,1,0,0,0,0,1,0,0,0,0,0,0,0,0,0,0,0,0,0,0,0,0,0,0,0,0,0,0,0,0,0,0,0,0,0,0,0,0,0,0,0,0,0,0,0,0,0,0,0,0,0,0,0,0,0,0,0,0,0,0,0,0,0,0,0,0,0,0,0,0,0,0,0,0,0,0,0,0,0,0,0,0,0,0,0,0,0,0,0,0,0,0,0,0,0,0,0,0,0,0,0,0,0,0,0,0,0,0,0,0,0,0,0,0,0,0,0,0,0,0,0,0,0,0,0,0,0,0,0,0,0,0,0,0,0,0,0,0,0,0,0,0,0,0,0,0,0,0,0,0,0,0,0,0,0,0,0,0,0,0,0,0,0,0,0,0,0,0,0,0,0,0,0,0,0,0,0,0,0,0,0,0,0,0,0,0,0,0,0,0,0,0,0,0,0,0,0,0,0,0,0,0,0,0,0,0,0,0,0,0,0,0,0,0,0,0,0,0,0,0,0,0,0,0,0,0,0,0,0,0,0,0,0,0,0,0,0,0,0,0,0,0,0,0,0,0,0,0,0,0,0,0,0,0,0,0,0,0,0,0,0,0,0,0,0,0,0,0,0,0,0,0,0,0,0,0,0,0,0,0,0,0,0,0,0,0,0,0,0,0,0,0,0,0,0,0,0,0,0,0,0,0,0,0,0,0,0,0,0,0,0,0,0,0,0,0,0,0,0,0,0,0,0,0,0,0,0,0,0,0,0,0,0,0,0,0,0,0,0,0,0,0,0,0,0,0,0,0,0,0,0,0,0,0,0,0,0,0,0,0,0,0,0,0,0,0,0,0,0,0,0,0,0,0,0,0,0,0,0,0,0,0,0,0,0,0,0,0,0,0,0,0,0,0,0,0,0,0,0,0,0,0,0,0,0,0,0,0,0,0,0,0,0,0,0,0,0,0,0,0,0,0,0,0,0,0,0,0,0,0,0,0,0,0,0,0,0,0,0,0,0,0,0,0,0,0,0,0,0,0,0,0,0,0,0,0,0,0,0,0,0,0,0,0,0,0,0,0,0,0,0,0,0,0,0,0,0,0,0,0,0,0,0,0,0,0,0,0,0,0,0,0,0,0,0,0,0,0,0,0,0,0,0,0,0,0,0,0,0,0,0,0,0,0,0,0,0,0,0,0,0,0,0,0,0,0,0,0,0,0,0,0,0,0,0,0,0,0,0,0,0,0,0,0,0,0,0,0,0,0,0,0,0,0,0,0,0,0,0,0,0,0,0,0,0,0,0,0,0,0,0,0,0,0,0,0,0,0,0,0,0,0,0,0,0,0,0,0,0,0,0,0,0,0,0,0,0,0,0,0,0,0,0
IA0530200,2019,Monticello Police Dept.,Iowa,3898,3,5,5,3,2,1,0,15,0,22,0,1,0,2,0,0,5,0,6,1,4,3,2,0,1,0,1,0,0,0,1,0,0,0,0,0,0,0,0,0,0,0,7426,262,149,1194,52,28,0,287,0,346,0,245,0,52,0,0,274,0,3410,61,338,0,80,0,9,0,4368,0,0,0,113,0,0,0,0,0,0,0,0,0,0,0,7426,44,69,1136,52,28,0,175,0,175,0,245,0,52,0,0,127,0,29,61,175,0,80,0,9,0,4368,0,0,0,113,0,0,0,0,0,0,0,0,0,0,0,1,0,0,0,0,0,0,14,0,0,0,0,0,8,0,0,0,0,1,0,0,0,0,0,0,0,0,0,0,0,0,0,0,0,0,0,0,0,0,0,0,0,218,0,0,0,0,0,0,256,0,0,0,0,0,116,0,0,0,0,26,0,0,0,0,0,0,0,0,0,0,0,0,0,0,0,0,0,0,0,0,0,0,0,218,0,0,0,0,0,0,179,0,0,0,0,0,87,0,0,0,0,26,0,0,0,0,0,0,0,0,0,0,0,0,0,0,0,0,0,0,0,0,0,0,0,0,0,0,0,0,0,0,0,1,0,0,0,0,0,0,0,0,0,0,0,0,0,0,0,0,0,0,0,0,0,0,0,0,0,0,0,0,0,0,0,0,0,0,0,0,0,0,0,0,0,0,0,0,0,0,0,0,0,0,0,0,0,0,0,0,0,0,0,0,0,0,0,0,0,0,0,0,0,0,0,0,0,0,0,0,0,0,0,0,0,0,0,0,0,0,0,0,0,0,0,0,0,0,0,0,0,0,0,0,0,0,0,0,0,0,14,0,1,0,0,11,0,0,0,0,0,0,0,0,0,0,0,0,1,0,0,0,0,0,0,0,0,0,0,0,0,0,0,0,0,17,0,0,0,0,0,0,0,0,0,0,0,0,22,0,0,0,0,0,0,0,0,0,0,0,0,0,0,0,0,17,0,0,0,0,0,0,0,0,0,0,0,0,22,0,0,0,0,0,0,0,0,0,0,0,0,0,0,0,0,0,0,0,0,0,0,0,0,0,0,0,0,0,0,0,0,0,0,0,0,0,0,0,0,0,0,0,0,0,0,0,0,0,0,0,0,0,0,0,0,0,0,0,0,0,0,0,0,0,0,0,0,0,0,0,0,0,0,0,0,0,0,0,0,0,0,0,0,0,0,0,0,0,0,0,0,0,0,0,0,0,0,0,0,0,0,0,0,0,0,0,0,0,0,0,0,0,0,0,0,0,0,0,0,0,0,0,0,0,0,0,0,0,0,0,0,0,0,0,0,0,0,0,0,0,0,0,0,0,0,0,0,0,0,0,0,0,0,0,0,0,0,0,0,0,0,0,0,0,0,0,0,0,0,0,0,0,0,0,0,0,0,0,0,0,0,0,0,0,0,0,0,0,0,0,0,19,0,7,0,0,0,0,0,0,0,0,0,0,0,0,0,0,0,0,0,0,0,0,0,0,0,0,0,0,0,0,0,0,0,0,0,0,0,0,0,0,0,0,0,0,0,0,0,0,0,0,0,0,0,0,0,0,0,0,0,0,0,0,0,0,0,0,0,0,0,0,0,0,0,0,0,0,0,0,0,0,0,0,0,0,0,0,0,0,0,0,0,0,0,0,0,0,0,0,0,0,0,0,0,0,0,0,0,0,0,0,0,0,0,0,0,0,0,0,0,0,0,0,0,0,0,0,0,0,0,0,0,0,0,0,0,0,0,0,0,0,0,0,0,0,0,0,0,0,0,0,0,0,0,0,0,0,0,0,0,0,0,0,0,0,0,0,0,0,0,0,0,0,0,0,0,0,0,0,0,0,0,0,0,0,0,0,0,0,0,0,0,0,0,0,0,0,0,0,0,0,0,0,0,0,0,0,0,0,0,0,0,0,0,0,0,0,0,0,0,0,0,0,0,0,0,0,0,0,0,0,0,0,0,0,0,0,0,0,0,0,0,0,0,0,0,0,0,0,0,0,0,0,0,0,0,0,0,0,0,0,0,0,0,0,0,0,0,0,0,0,0,0,0,0,0,0,0,0,0,0,0,0,0,0,0,0,0,0,0,0,0,0,0,0,0,0,0,0,0,0,0,0,0,0,0,0,0,0,0,0,0,0,0,0,0,0,0,0,0,0,0,0,0,0,0,0,0,0,0,0,0,0,0,0,0,0,0,0,0,0,0,0,0,0,0,0,0,0,0,0,0,0,0,0,0,0,0,0,0,0,0,0,0,0,0,0,0,0,0,0,0,0,0,0,0,0,0,0,0,0,0,0,0,0,0,0,0,0,0,0,0,0,0,0,0,0,0,0,0,0,0,0,0,0,0,0,0,0,0,0,0,0,0,0,0,0,0,0,0,0,0,0,0,0,0,0,0,0,0,0,0,0,0,0,0,0,0,0,0,0,0,0,0,0,0,0,0,0,0,0,0,0,0,0,0,0,0,0,0,0,0,0,0,0,0,0,0,0,0,0,0,0,0,0,0,0,0,0,0,0,0,0,0,0,0,0,0,0,0,0,0,0,0,0,0,0,0,0,0,0,0,0,0,0,0,0,0,0,0,0,0,0,0,0,0,0,0,0,0,0,0,0,0,0,0,0,0,0,0,0,0,0,0,0,0,0,0,0,0,0,0,0,0,0,0,0,0,0,0,0,0,0,0,0,0,0,0,0,0,0,0,0,0,0,0,0,0,0,0,0,0,0,0,0,0,0,0,0,0,0,0,0,0,0,0,0,0,0,0,0,0,0,0,0,0,0,0,0,0,0,0,0,0,0
IA0530200,2018,Monticello Police Dept.,Iowa,3882,0,0,5,0,2,0,0,12,1,18,0,0,0,1,0,1,2,2,4,1,1,0,3,0,1,1,0,0,0,0,1,0,0,2,0,0,0,1,0,0,0,0,0,0,29,0,1176,0,0,427,34,429,0,0,0,2,0,103,408,2270,1545,172,944,0,51,0,86,129,0,0,0,0,2489,0,0,26,0,0,0,0,0,0,0,0,0,0,21,0,1176,0,0,86,34,86,0,0,0,2,0,103,408,2270,1198,172,944,0,51,0,86,129,0,0,0,0,2489,0,0,26,0,0,0,0,0,0,0,0,5,0,0,1,0,0,0,6,0,0,0,0,0,0,0,0,1,1,0,0,0,0,0,0,2,7,0,0,0,0,0,0,0,0,0,0,0,0,0,0,0,0,604,0,0,43,0,0,0,1628,0,0,0,0,0,0,0,0,515,257,0,0,0,0,0,0,1832,166,0,0,0,0,0,0,0,0,0,0,0,0,0,0,0,0,172,0,0,43,0,0,0,1073,0,0,0,0,0,0,0,0,515,257,0,0,0,0,0,0,1832,161,0,0,0,0,0,0,0,0,0,0,0,0,0,0,0,0,0,0,0,0,0,0,0,0,0,0,0,0,0,0,0,0,0,1,0,0,0,0,0,0,0,0,0,0,0,0,0,0,0,0,0,0,0,0,0,0,0,0,0,0,0,0,0,0,0,0,0,0,0,0,0,391,0,0,0,0,0,0,0,0,0,0,0,0,0,0,0,0,0,0,0,0,0,0,0,0,0,0,0,0,0,0,0,0,0,0,0,0,0,391,0,0,0,0,0,0,0,0,0,0,0,0,0,0,0,0,0,0,0,0,0,3,0,0,0,0,7,0,0,0,0,0,0,0,0,0,0,0,0,0,0,0,0,0,0,0,0,0,0,0,0,0,0,0,0,0,11,0,0,0,0,0,0,0,0,0,0,0,0,0,0,0,0,0,0,0,0,0,0,0,0,0,0,0,0,0,11,0,0,0,0,0,0,0,0,0,0,0,0,0,0,0,0,0,0,0,0,0,0,0,0,0,0,0,0,0,0,0,0,3,0,1,0,0,1,0,0,0,0,0,0,0,0,0,0,0,0,0,0,0,0,0,0,0,0,0,0,1974,0,0,0,0,0,0,0,0,0,0,0,0,0,0,0,0,0,0,0,0,0,0,0,0,0,0,0,1974,0,0,0,0,0,0,0,0,0,0,0,0,0,0,0,0,0,0,0,0,0,0,0,0,0,0,1,0,0,0,0,0,0,0,0,0,0,0,0,0,0,0,0,0,0,0,0,0,0,0,0,0,0,0,0,0,0,0,2066,0,0,0,0,0,0,0,0,0,0,0,0,0,0,0,0,0,0,0,0,0,0,0,0,0,0,0,0,0,0,0,2066,0,0,0,0,0,0,0,0,0,0,0,0,0,0,0,0,0,0,0,0,0,0,0,0,0,4,0,2,0,0,0,0,0,0,0,0,0,0,0,0,0,0,0,0,0,0,0,0,0,0,0,0,0,0,0,0,0,0,0,0,0,0,0,0,0,0,0,0,0,0,0,0,0,0,0,0,0,0,0,0,0,0,0,0,0,0,0,0,0,0,0,0,0,0,0,0,0,0,0,0,0,0,0,0,0,0,0,0,0,0,0,0,0,0,0,0,0,0,0,0,0,0,0,0,0,0,0,0,0,0,0,0,0,0,0,0,0,0,0,0,0,0,0,0,0,0,0,0,0,0,0,0,0,0,0,0,0,0,0,0,0,0,0,0,0,0,0,0,0,0,0,0,0,0,0,0,0,0,0,0,0,0,0,0,0,0,0,0,0,0,0,0,0,0,0,0,0,0,0,0,0,0,0,0,0,0,0,0,0,0,0,0,0,0,0,0,0,0,0,0,0,0,0,0,0,0,0,0,0,0,0,0,0,0,0,0,0,0,0,0,0,0,0,0,0,0,0,0,0,0,0,0,0,0,0,0,0,0,0,0,0,0,0,0,0,0,0,0,0,0,0,0,0,0,0,0,0,0,0,0,0,0,0,0,0,0,0,0,0,0,0,0,0,0,0,0,0,0,0,0,0,0,0,0,0,0,0,0,0,0,0,0,0,0,0,0,0,0,0,0,0,0,0,0,0,0,0,0,0,0,0,0,0,0,0,0,0,0,0,0,0,0,0,0,0,0,0,0,0,0,0,0,0,0,0,0,0,0,0,0,0,0,0,0,0,0,0,0,0,0,0,0,0,0,0,0,0,0,0,0,0,0,0,0,0,0,0,0,0,0,0,0,0,0,0,0,0,0,0,0,0,0,0,0,0,0,0,0,0,0,0,0,0,0,0,0,0,0,0,0,0,0,0,0,0,0,0,0,0,0,0,0,0,0,0,0,0,0,0,0,0,0,0,0,0,0,0,0,0,0,0,0,0,0,0,0,0,0,0,0,0,0,0,0,0,0,0,0,0,0,0,0,0,0,0,0,0,0,0,0,0,0,0,0,0,0,0,0,0,0,0,0,0,0,0,0,0,0,0,0,0,0,0,0,0,0,0,0,0,0,0,0,0,0,0,0,0,0,0,0,0,0,0,0,0,0,0,0,0,0,0,0,0,0,0,0,0,0,0,0,0,0,0,0,0,0,0,0,0,0,0,0,0,0,0,0,0,0,0,0,0,0,0,0,0,0,0,0,0,0,0,0,0,0,0,0,0,0,0,0,0,0,0,0,0,0,0,0,0,0,0,0,0,0,0,0,0,0,0,0,0,0,0,0,0,0,0,0,0,0,0,0,0,0,0,0,0,0,0,0,0,0,0,0,0,0,0,0,0,0
IA0530200,2017,Monticello Police Dept.,Iowa,3843,6,1,13,1,0,1,0,12,0,16,0,4,0,1,1,1,7,1,2,8,2,1,3,0,1,0,2,0,0,0,0,0,0,1,0,0,0,1,0,0,0,0,8866,34,50,335,0,63,0,254,0,202,0,134,0,54,314,4188,630,17,218,468,537,0,832,0,8,0,1969,0,0,0,0,0,0,20,0,0,0,126,0,0,0,0,6283,34,24,335,0,63,0,117,0,168,0,132,0,54,314,4188,628,17,218,147,537,0,545,0,8,0,1969,0,0,0,0,0,0,20,0,0,0,126,0,0,0,0,2,1,0,1,0,0,0,4,0,0,0,0,0,0,1,0,0,0,0,0,0,0,0,0,1,5,0,0,0,1,0,0,0,0,0,0,0,0,0,0,0,0,643,426,0,34,0,0,0,97,0,0,0,0,0,0,13,0,0,0,0,0,0,0,0,0,419,168,0,0,0,268,0,0,0,0,0,0,0,0,0,0,0,0,643,426,0,34,0,0,0,101,0,0,0,0,0,0,13,0,0,0,0,0,0,0,0,0,419,130,0,0,0,268,0,0,0,0,0,0,0,0,0,0,0,0,0,0,0,0,0,0,0,0,0,0,0,0,0,0,0,0,0,0,0,0,0,0,0,0,0,0,0,0,0,0,0,0,0,0,0,0,0,0,0,0,0,0,0,0,0,0,0,0,0,0,0,0,0,0,0,0,0,0,0,0,0,0,0,0,0,0,0,0,0,0,0,0,0,0,0,0,0,0,0,0,0,0,0,0,0,0,0,0,0,0,0,0,0,0,0,0,0,0,0,0,0,0,0,0,0,0,0,0,0,0,0,0,0,0,0,10,0,0,0,0,10,0,0,0,0,0,0,0,0,0,0,0,0,0,0,0,0,0,0,0,0,0,0,0,0,0,0,0,0,0,43,0,0,0,0,0,0,0,0,0,0,0,0,0,0,0,0,0,0,0,0,0,0,0,0,0,0,0,0,0,34,0,0,0,0,0,0,0,0,0,0,0,0,0,0,0,0,0,0,0,0,0,0,0,0,1,0,0,0,0,0,0,0,1,0,0,0,0,0,0,0,0,0,0,0,0,0,0,0,0,0,0,0,8,0,0,0,0,0,0,0,1801,0,0,0,0,0,0,0,0,0,0,0,0,0,0,0,0,0,0,0,8,0,0,0,0,0,0,0,1801,0,0,0,0,0,0,0,0,0,0,0,0,0,0,0,0,0,0,0,0,0,0,0,0,0,0,0,0,0,0,0,0,0,0,0,0,0,0,0,0,0,0,0,0,0,0,0,0,0,0,0,0,0,0,0,0,0,0,0,0,0,0,0,0,0,0,0,0,0,0,0,0,0,0,0,0,0,0,0,0,0,0,0,0,0,0,0,0,0,0,0,0,0,0,0,0,0,0,0,0,0,0,0,0,0,0,0,0,0,0,0,0,0,0,0,0,12,0,4,0,0,0,0,1,0,0,0,0,0,0,0,0,0,0,0,0,0,0,0,0,0,0,0,0,0,0,0,0,0,0,0,0,0,0,0,0,0,0,0,0,0,0,0,0,0,0,0,0,0,0,0,0,0,0,0,0,0,0,0,0,0,0,0,0,0,0,0,0,0,0,0,0,0,0,0,0,0,0,0,0,0,0,0,0,0,0,0,0,0,0,0,0,0,0,0,0,0,0,0,0,0,0,0,0,0,0,0,0,0,0,0,0,0,0,0,0,0,0,0,0,0,0,0,0,0,0,0,0,0,0,0,0,0,0,0,0,0,0,0,0,0,0,0,0,0,0,0,0,0,0,0,0,0,0,0,0,0,0,0,0,0,0,0,0,0,0,0,0,0,0,0,0,0,0,0,0,0,0,0,0,0,0,0,0,0,0,0,0,0,0,0,0,0,0,0,0,0,0,0,0,0,0,0,0,0,0,0,0,0,0,0,0,0,0,0,0,0,0,0,0,0,0,0,0,0,0,0,0,0,0,0,0,0,0,0,0,0,0,0,0,0,0,0,0,0,0,0,0,0,0,0,0,0,0,0,0,0,0,0,0,0,0,0,0,0,0,0,0,0,0,0,0,0,0,0,0,0,0,0,0,0,0,0,0,0,0,0,0,0,0,0,0,0,0,0,0,0,0,0,0,0,0,0,0,0,0,0,0,0,0,0,0,0,0,0,0,0,0,0,0,0,0,0,0,0,0,0,0,0,0,0,0,0,0,0,0,0,0,0,0,0,0,0,0,0,0,0,0,0,0,0,0,0,0,0,0,0,0,0,0,0,0,0,0,0,0,0,0,0,0,0,0,0,0,0,0,0,0,0,0,0,0,0,0,0,0,0,0,0,0,0,0,0,0,0,0,0,0,0,0,0,0,0,0,0,0,0,0,0,0,0,0,0,0,0,0,0,0,0,0,0,0,0,0,0,0,0,0,0,0,0,0,0,0,0,0,0,0,0,0,0,0,0,0,0,0,0,0,0,0,0,0,0,0,0,0,0,0,0,0,0,0,0,0,0,0,0,0,0,0,0,0,0,0,0,0,0,0,0,0,0,0,0,0,0,0,0,0,0,0,0,0,0,0,0,0,0,0,0,0,0,0,0,0,0,0,0,0,0,0,0,0,0,0,0,0,0,0,0,0,0,0,0,0,0,0,0,0,0,0,0,0,0,0,0,0,0,0,0,0,0,0,0,0,0,0,0,0,0,0,0,0,0,0,0,0,0,0,0,0,0,0,0,0,0,0,0,0,0,0,0,0,0,0,0,0,0,0,0,0,0,0,0,0,0,0,0,0,0,0,0,0,0,0,0,0,0,0,0,0,0
IA0530200,2016,Monticello Police Dept.,Iowa,3832,4,2,11,2,4,2,0,24,0,23,0,2,0,0,0,0,5,3,3,4,1,2,2,2,1,2,2,0,0,0,0,0,0,1,0,0,0,0,1,0,0,0,6357,29,20,574,195,32,0,1006,0,143,0,37,0,0,0,0,525,66,287,80,164,0,606,0,8,14,1845,0,0,0,0,0,0,21,0,0,0,0,0,0,0,0,6562,29,22,574,125,32,0,70,0,82,0,37,0,0,0,0,344,62,32,49,164,0,606,0,8,14,1845,0,0,0,0,0,0,21,0,0,0,0,0,0,0,0,6,0,0,0,0,0,1,11,0,0,0,0,0,2,1,0,3,1,1,0,0,1,0,0,1,3,0,0,0,0,1,0,0,0,0,0,0,0,0,0,0,0,562,0,0,0,0,0,459,187,0,0,0,0,0,246,123,0,116,41,246,0,0,164,0,0,123,408,0,0,0,0,41,0,0,0,0,0,0,0,0,0,0,0,123,0,0,0,0,0,459,164,0,0,0,0,0,246,123,0,164,41,246,0,0,164,0,0,123,240,0,0,0,0,41,0,0,0,0,0,0,0,0,0,0,0,0,0,0,0,0,0,0,0,0,0,0,0,0,0,0,0,0,1,0,0,0,0,0,0,0,0,0,0,0,0,0,0,0,0,0,0,0,0,0,0,0,0,0,0,0,0,0,0,0,0,0,0,0,0,0,32,0,0,0,0,0,0,0,0,0,0,0,0,0,0,0,0,0,0,0,0,0,0,0,0,0,0,0,0,0,0,0,0,0,0,0,0,0,32,0,0,0,0,0,0,0,0,0,0,0,0,0,0,0,0,0,0,0,0,0,13,0,0,0,0,19,0,0,0,0,0,0,0,0,0,0,0,0,0,0,0,0,0,0,0,0,0,0,0,0,0,0,0,0,0,29,0,0,0,0,0,0,0,0,0,0,0,0,0,0,0,0,0,0,0,0,0,0,0,0,0,0,0,0,0,16,0,0,0,0,0,0,0,0,0,0,0,0,0,0,0,0,0,0,0,0,0,0,0,0,1,0,0,0,0,0,0,0,7,0,0,0,0,0,0,0,0,0,0,0,0,0,0,0,0,0,0,0,66,0,0,0,0,0,0,0,278,0,0,0,0,0,0,0,0,0,0,0,0,0,0,0,0,0,0,0,66,0,0,0,0,0,0,0,16,0,0,0,0,0,0,0,0,0,0,0,0,0,0,0,0,0,0,0,0,0,0,0,0,0,0,0,0,0,0,0,0,0,0,0,0,0,0,0,0,0,0,0,0,0,0,0,0,0,0,0,0,0,0,0,0,0,0,0,0,0,0,0,0,0,0,0,0,0,0,0,0,0,0,0,0,0,0,0,0,0,0,0,0,0,0,0,0,0,0,0,0,0,0,0,0,0,0,0,0,0,0,0,0,0,0,0,0,0,0,0,0,0,0,0,0,8,0,4,0,0,0,0,0,1,0,0,0,0,0,0,0,0,0,0,0,0,0,0,0,0,0,0,0,0,0,0,0,0,0,0,0,0,0,0,0,0,0,0,0,0,0,0,0,0,0,0,0,0,0,0,0,0,0,0,0,0,0,0,0,0,0,0,0,0,0,0,0,0,0,0,0,0,0,0,0,0,0,0,0,0,0,0,0,0,0,0,0,0,0,0,0,0,0,0,0,0,0,0,0,0,0,0,0,0,0,0,0,0,0,0,0,0,0,0,0,0,0,0,0,0,0,0,0,0,0,0,0,0,0,0,0,0,0,0,0,0,0,0,0,0,0,0,0,0,0,0,0,0,0,0,0,0,0,0,0,0,0,0,0,0,0,0,0,0,0,0,0,0,0,0,0,0,0,0,0,0,0,0,0,0,0,0,0,0,0,0,0,0,0,0,0,0,0,0,0,0,0,0,0,0,0,0,0,0,0,0,0,0,0,0,0,0,0,0,0,0,0,0,0,0,0,0,0,0,0,0,0,0,0,0,0,0,0,0,0,0,0,0,0,0,0,0,0,0,0,0,0,0,0,0,0,0,0,0,0,0,0,0,0,0,0,0,0,0,0,0,0,0,0,0,0,0,0,0,0,0,0,0,0,0,0,0,0,0,0,0,0,0,0,0,0,0,0,0,0,0,0,0,0,0,0,0,0,0,0,0,0,0,0,0,0,0,0,0,0,0,0,0,0,0,0,0,0,0,0,0,0,0,0,0,0,0,0,0,0,0,0,0,0,0,0,0,0,0,0,0,0,0,0,0,0,0,0,0,0,0,0,0,0,0,0,0,0,0,0,0,0,0,0,0,0,0,0,0,0,0,0,0,0,0,0,0,0,0,0,0,0,0,0,0,0,0,0,0,0,0,0,0,0,0,0,0,0,0,0,0,0,0,0,0,0,0,0,0,0,0,0,0,0,0,0,0,0,0,0,0,0,0,0,0,0,0,0,0,0,0,0,0,0,0,0,0,0,0,0,0,0,0,0,0,0,0,0,0,0,0,0,0,0,0,0,0,0,0,0,0,0,0,0,0,0,0,0,0,0,0,0,0,0,0,0,0,0,0,0,0,0,0,0,0,0,0,0,0,0,0,0,0,0,0,0,0,0,0,0,0,0,0,0,0,0,0,0,0,0,0,0,0,0,0,0,0,0,0,0,0,0,0,0,0,0,0,0,0,0,0,0,0,0,0,0,0,0,0,0,0,0,0,0,0,0,0,0,0,0,0,0,0,0,0,0,0,0,0,0,0,0,0,0,0,0,0,0,0,0,0,0,0,0,0,0,0,0,0,0,0,0,0,0,0,0,0,0,0,0,0,0,0,0,0
IA0530200,2015,Monticello Police Dept.,Iowa,3813,2,0,4,0,4,0,0,4,0,7,0,0,0,4,1,0,5,2,2,0,4,3,0,1,1,0,0,0,0,0,1,0,0,0,0,0,0,0,0,0,0,0,4050,0,16,0,101,0,0,303,0,117,0,0,0,47,364,0,296,255,0,0,552,0,0,0,40,0,0,0,0,0,1458,0,0,0,0,0,0,0,0,0,0,0,4050,0,12,0,81,0,0,124,0,121,0,0,0,26,364,0,308,255,0,0,486,0,0,0,40,0,0,0,0,0,1458,0,0,0,0,0,0,0,0,0,0,0,2,0,0,1,0,0,0,2,0,0,0,0,0,0,0,0,0,1,0,0,0,0,1,0,2,4,0,0,0,0,0,0,0,0,0,0,0,0,1,0,0,0,1114,0,0,81,0,0,0,81,0,0,0,0,0,0,0,0,0,283,0,0,0,0,8,0,243,518,0,0,0,0,0,0,0,0,0,0,0,0,0,0,0,0,1114,0,0,81,0,0,0,81,0,0,0,0,0,0,0,0,0,283,0,0,0,0,8,0,243,486,0,0,0,0,0,0,0,0,0,0,0,0,0,0,0,0,0,0,0,0,0,0,0,0,0,0,0,0,0,0,0,0,0,0,0,0,0,0,0,0,0,0,0,0,0,0,0,0,0,0,0,0,0,0,0,0,0,0,0,0,0,0,0,0,0,0,0,0,0,0,0,0,0,0,0,0,0,0,0,0,0,0,0,0,0,0,0,0,0,0,0,0,0,0,0,0,0,0,0,0,0,0,0,0,0,0,0,0,0,0,0,0,0,0,0,0,0,0,0,0,0,0,0,0,0,0,0,0,0,0,0,5,0,0,0,0,11,0,0,0,0,0,0,0,0,0,0,0,0,0,0,0,0,0,0,0,0,0,0,0,0,0,0,0,0,0,21,0,0,0,0,0,0,0,0,0,0,0,0,0,0,0,0,0,0,0,0,0,0,0,0,0,0,0,0,0,18,0,0,0,0,0,0,0,0,0,0,0,0,0,0,0,0,0,0,0,0,0,0,0,0,0,0,0,0,0,0,0,0,1,0,0,0,0,0,0,0,0,0,0,0,0,0,0,0,0,0,0,0,0,0,0,0,0,0,0,0,959,0,0,0,0,0,0,0,0,0,0,0,0,0,0,0,0,0,0,0,0,0,0,0,0,0,0,0,959,0,0,0,0,0,0,0,0,0,0,0,0,0,0,0,0,0,0,0,0,0,0,0,0,0,0,0,0,0,0,0,0,0,0,0,0,0,0,0,0,0,0,0,0,0,0,0,0,0,0,0,0,0,0,0,0,0,0,0,0,0,0,0,0,0,0,0,0,0,0,0,0,0,0,0,0,0,0,0,0,0,0,0,0,0,0,0,0,0,0,0,0,0,0,0,0,0,0,0,0,0,0,0,0,0,0,0,0,0,0,0,0,0,0,0,0,5,0,0,0,0,0,0,0,0,0,0,0,0,0,0,0,0,0,0,0,0,0,0,0,0,0,0,0,0,0,0,0,0,0,0,0,0,0,0,0,0,0,0,0,0,0,0,0,0,0,0,0,0,0,0,0,0,0,0,0,0,0,0,0,0,0,0,0,0,0,0,0,0,0,0,0,0,0,0,0,0,0,0,0,0,0,0,0,0,0,0,0,0,0,0,0,0,0,0,0,0,0,0,0,0,0,0,0,0,0,0,0,0,0,0,0,0,0,0,0,0,0,0,0,0,0,0,0,0,0,0,0,0,0,0,0,0,0,0,0,0,0,0,0,0,0,0,0,0,0,0,0,0,0,0,0,0,0,0,0,0,0,0,0,0,0,0,0,0,0,0,0,0,0,0,0,0,0,0,0,0,0,0,0,0,0,0,0,0,0,0,0,0,0,0,0,0,0,0,0,0,0,0,0,0,0,0,0,0,0,0,0,0,0,0,0,0,0,0,0,0,0,0,0,0,0,0,0,0,0,0,0,0,0,0,0,0,0,0,0,0,0,0,0,0,0,0,0,0,0,0,0,0,0,0,0,0,0,0,0,0,0,0,0,0,0,0,0,0,0,0,0,0,0,0,0,0,0,0,0,0,0,0,0,0,0,0,0,0,0,0,0,0,0,0,0,0,0,0,0,0,0,0,0,0,0,0,0,0,0,0,0,0,0,0,0,0,0,0,0,0,0,0,0,0,0,0,0,0,0,0,0,0,0,0,0,0,0,0,0,0,0,0,0,0,0,0,0,0,0,0,0,0,0,0,0,0,0,0,0,0,0,0,0,0,0,0,0,0,0,0,0,0,0,0,0,0,0,0,0,0,0,0,0,0,0,0,0,0,0,0,0,0,0,0,0,0,0,0,0,0,0,0,0,0,0,0,0,0,0,0,0,0,0,0,0,0,0,0,0,0,0,0,0,0,0,0,0,0,0,0,0,0,0,0,0,0,0,0,0,0,0,0,0,0,0,0,0,0,0,0,0,0,0,0,0,0,0,0,0,0,0,0,0,0,0,0,0,0,0,0,0,0,0,0,0,0,0,0,0,0,0,0,0,0,0,0,0,0,0,0,0,0,0,0,0,0,0,0,0,0,0,0,0,0,0,0,0,0,0,0,0,0,0,0,0,0,0,0,0,0,0,0,0,0,0,0,0,0,0,0,0,0,0,0,0,0,0,0,0,0,0,0,0,0,0,0,0,0,0,0,0,0,0,0,0,0,0,0,0,0,0,0,0,0,0,0,0,0,0,0,0,0,0,0,0,0,0,0,0,0,0,0,0,0,0,0,0,0,0,0,0,0,0,0,0,0,0,0,0,0,0,0,0,0
IA0530200,2014,Monticello Police Dept.,Iowa,3816,3,3,4,0,1,2,0,12,0,10,0,1,0,0,1,0,6,1,1,1,0,0,0,0,2,0,0,0,1,0,0,0,0,4,0,0,0,0,0,0,0,0,7550,191,166,0,61,1820,0,1011,0,221,0,16,0,0,226,0,971,210,18,105,0,0,0,0,125,0,0,0,6472,0,0,0,0,613,0,0,0,0,0,0,0,0,9708,227,87,0,61,1820,0,175,0,106,0,16,0,0,226,0,191,210,18,105,0,0,0,0,125,0,0,0,6472,0,0,0,0,74,0,0,0,0,0,0,0,0,1,0,0,1,0,0,0,1,0,0,0,0,0,0,0,0,3,2,0,0,0,0,0,0,3,1,0,1,0,0,0,0,0,0,0,0,0,0,0,0,0,0,121,0,0,485,0,0,0,202,0,0,0,0,0,0,0,0,61,971,0,0,0,0,0,0,229,162,0,404,0,0,0,0,0,0,0,0,0,0,0,0,0,0,121,0,0,485,0,0,0,202,0,0,0,0,0,0,0,0,61,971,0,0,0,0,0,0,243,162,0,404,0,0,0,0,0,0,0,0,0,0,0,0,0,0,0,0,0,0,0,0,0,0,0,0,0,0,0,0,0,0,0,0,0,0,0,0,0,0,0,0,0,0,0,0,0,0,0,0,0,0,0,0,0,0,0,0,0,0,0,0,0,0,0,0,0,0,0,0,0,0,0,0,0,0,0,0,0,0,0,0,0,0,0,0,0,0,0,0,0,0,0,0,0,0,0,0,0,0,0,0,0,0,0,0,0,0,0,0,0,0,0,0,0,0,0,0,0,0,0,0,0,0,0,0,0,0,0,0,0,10,0,0,0,0,16,0,0,0,0,0,0,0,0,0,0,0,0,0,0,0,0,0,0,0,0,0,0,0,0,0,0,0,0,0,15,0,0,0,0,0,0,0,0,0,0,0,0,0,0,0,0,0,0,0,0,0,0,0,0,0,0,0,0,0,15,0,0,0,0,0,0,0,0,0,0,0,0,0,0,0,0,0,0,0,0,0,0,0,0,0,0,0,0,0,0,0,0,0,0,0,0,0,0,0,0,0,0,0,0,0,0,0,0,0,0,0,0,0,0,0,0,0,0,0,0,0,0,0,0,0,0,0,0,0,0,0,0,0,0,0,0,0,0,0,0,0,0,0,0,0,0,0,0,0,0,0,0,0,0,0,0,0,0,0,0,0,0,0,0,0,0,0,0,0,0,0,0,0,0,0,0,0,0,0,0,0,0,0,0,0,0,0,0,0,0,0,0,0,0,0,0,0,0,0,0,0,0,0,0,0,0,0,0,0,0,0,0,0,0,0,0,0,0,0,0,0,0,0,0,0,0,0,0,0,0,0,0,0,0,0,0,0,0,0,0,0,0,0,0,0,0,0,0,0,0,0,0,0,0,0,0,0,0,0,0,0,0,0,0,0,6,0,4,0,0,0,0,0,0,0,0,0,0,0,0,0,0,0,0,0,0,0,0,0,0,0,0,0,0,0,0,0,0,0,0,0,0,0,0,0,0,0,0,0,0,0,0,0,0,0,0,0,0,0,0,0,0,0,0,0,0,0,0,0,0,0,0,0,0,0,0,0,0,0,0,0,0,0,0,0,0,0,0,0,0,0,0,0,0,0,0,0,0,0,0,0,0,0,0,0,0,0,0,0,0,0,0,0,0,0,0,0,0,0,0,0,0,0,0,0,0,0,0,0,0,0,0,0,0,0,0,0,0,0,0,0,0,0,0,0,0,0,0,0,0,0,0,0,0,0,0,0,0,0,0,0,0,0,0,0,0,0,0,0,0,0,0,0,0,0,0,0,0,0,0,0,0,0,0,0,0,0,0,0,0,0,0,0,0,0,0,0,0,0,0,0,0,0,0,0,0,0,0,0,0,0,0,0,0,0,0,0,0,0,0,0,0,0,0,0,0,0,0,0,0,0,0,0,0,0,0,0,0,0,0,0,0,0,0,0,0,0,0,0,0,0,0,0,0,0,0,0,0,0,0,0,0,0,0,0,0,0,0,0,0,0,0,0,0,0,0,0,0,0,0,0,0,0,0,0,0,0,0,0,0,0,0,0,0,0,0,0,0,0,0,0,0,0,0,0,0,0,0,0,0,0,0,0,0,0,0,0,0,0,0,0,0,0,0,0,0,0,0,0,0,0,0,0,0,0,0,0,0,0,0,0,0,0,0,0,0,0,0,0,0,0,0,0,0,0,0,0,0,0,0,0,0,0,0,0,0,0,0,0,0,0,0,0,0,0,0,0,0,0,0,0,0,0,0,0,0,0,0,0,0,0,0,0,0,0,0,0,0,0,0,0,0,0,0,0,0,0,0,0,0,0,0,0,0,0,0,0,0,0,0,0,0,0,0,0,0,0,0,0,0,0,0,0,0,0,0,0,0,0,0,0,0,0,0,0,0,0,0,0,0,0,0,0,0,0,0,0,0,0,0,0,0,0,0,0,0,0,0,0,0,0,0,0,0,0,0,0,0,0,0,0,0,0,0,0,0,0,0,0,0,0,0,0,0,0,0,0,0,0,0,0,0,0,0,0,0,0,0,0,0,0,0,0,0,0,0,0,0,0,0,0,0,0,0,0,0,0,0,0,0,0,0,0,0,0,0,0,0,0,0,0,0,0,0,0,0,0,0,0,0,0,0,0,0,0,0,0,0,0,0,0,0,0,0,0,0,0,0,0,0,0,0,0,0,0,0,0,0,0,0,0,0,0,0,0,0,0,0,0,0,0,0,0,0,0,0,0,0,0,0,0,0,0,0,0,0,0,0,0,0
IA0530200,2013,Monticello Police Dept.,Iowa,3795,2,1,4,2,2,1,0,5,1,8,0,3,0,0,0,0,3,2,1,2,1,0,2,2,0,0,0,0,0,0,0,0,0,0,0,0,0,0,0,0,0,0,8956,159,40,478,334,2786,0,170,796,1109,0,320,0,0,0,0,468,375,40,107,12,0,57,0,0,0,0,0,0,0,0,0,0,0,0,0,0,0,0,0,0,0,8956,159,26,478,334,2786,0,159,796,107,0,239,0,0,0,0,599,375,40,107,12,0,57,0,0,0,0,0,0,0,0,0,0,0,0,0,0,0,0,0,0,0,2,0,0,0,0,0,0,3,0,0,0,0,0,2,0,0,0,0,0,0,0,0,0,0,2,1,0,0,0,0,0,0,0,0,0,0,0,0,0,0,0,0,195,0,0,0,0,0,0,239,0,0,0,0,0,338,0,0,0,0,0,0,0,0,0,0,458,76,0,0,0,0,0,0,0,0,0,0,0,0,0,0,0,0,195,0,0,0,0,0,0,199,0,0,0,0,0,338,0,0,0,0,0,0,0,0,0,0,458,76,0,0,0,0,0,0,0,0,0,0,0,0,0,0,0,0,0,0,0,0,0,0,0,0,0,0,0,0,0,0,0,0,0,0,0,0,0,0,0,0,0,0,0,0,0,0,0,0,0,0,0,0,0,0,0,0,0,0,0,0,0,0,0,0,0,0,0,0,0,0,0,0,0,0,0,0,0,0,0,0,0,0,0,0,0,0,0,0,0,0,0,0,0,0,0,0,0,0,0,0,0,0,0,0,0,0,0,0,0,0,0,0,0,0,0,0,0,0,0,0,0,0,0,0,0,0,0,0,0,0,0,7,0,0,0,0,8,0,0,0,0,0,0,0,0,0,0,0,0,0,0,0,0,0,0,0,0,0,0,0,0,0,0,0,0,0,32,0,0,0,0,0,0,0,0,0,0,0,0,0,0,0,0,0,0,0,0,0,0,0,0,0,0,0,0,0,27,0,0,0,0,0,0,0,0,0,0,0,0,0,0,0,0,0,0,0,0,0,0,0,0,0,0,0,0,0,0,0,0,0,1,0,0,0,1,0,0,0,0,0,0,0,0,0,0,0,0,0,0,0,0,0,0,0,0,0,0,0,0,0,0,0,33,0,0,0,0,0,0,0,0,0,0,0,0,0,0,0,0,0,0,0,0,0,0,0,0,0,0,0,33,0,0,0,0,0,0,0,0,0,0,0,0,0,0,0,0,0,0,0,0,0,0,0,0,0,0,0,0,0,0,0,0,0,0,0,0,0,0,0,0,0,0,0,0,0,0,0,0,0,0,0,0,0,0,0,0,0,0,0,0,0,0,0,0,0,0,0,0,0,0,0,0,0,0,0,0,0,0,0,0,0,0,0,0,0,0,0,0,0,0,0,0,0,0,0,0,0,0,0,0,0,0,0,0,0,0,0,0,0,0,0,6,0,1,0,0,0,0,0,0,0,0,0,0,0,0,0,0,0,0,0,0,0,0,0,0,0,0,0,0,0,0,0,0,0,0,0,0,0,0,0,0,0,0,0,0,0,0,0,0,0,0,0,0,0,0,0,0,0,0,0,0,0,0,0,0,0,0,0,0,0,0,0,0,0,0,0,0,0,0,0,0,0,0,0,0,0,0,0,0,0,0,0,0,0,0,0,0,0,0,0,0,0,0,0,0,0,0,0,0,0,0,0,0,0,0,0,0,0,0,0,0,0,0,0,0,0,0,0,0,0,0,0,0,0,0,0,0,0,0,0,0,0,0,0,0,0,0,0,0,0,0,0,0,0,0,0,0,0,0,0,0,0,0,0,0,0,0,0,0,0,0,0,0,0,0,0,0,0,0,0,0,0,0,0,0,0,0,0,0,0,0,0,0,0,0,0,0,0,0,0,0,0,0,0,0,0,0,0,0,0,0,0,0,0,0,0,0,0,0,0,0,0,0,0,0,0,0,0,0,0,0,0,0,0,0,0,0,0,0,0,0,0,0,0,0,0,0,0,0,0,0,0,0,0,0,0,0,0,0,0,0,0,0,0,0,0,0,0,0,0,0,0,0,0,0,0,0,0,0,0,0,0,0,0,0,0,0,0,0,0,0,0,0,0,0,0,0,0,0,0,0,0,0,0,0,0,0,0,0,0,0,0,0,0,0,0,0,0,0,0,0,0,0,0,0,0,0,0,0,0,0,0,0,0,0,0,0,0,0,0,0,0,0,0,0,0,0,0,0,0,0,0,0,0,0,0,0,0,0,0,0,0,0,0,0,0,0,0,0,0,0,0,0,0,0,0,0,0,0,0,0,0,0,0,0,0,0,0,0,0,0,0,0,0,0,0,0,0,0,0,0,0,0,0,0,0,0,0,0,0,0,0,0,0,0,0,0,0,0,0,0,0,0,0,0,0,0,0,0,0,0,0,0,0,0,0,0,0,0,0,0,0,0,0,0,0,0,0,0,0,0,0,0,0,0,0,0,0,0,0,0,0,0,0,0,0,0,0,0,0,0,0,0,0,0,0,0,0,0,0,0,0,0,0,0,0,0,0,0,0,0,0,0,0,0,0,0,0,0,0,0,0,0,0,0,0,0,0,0,0,0,0,0,0,0,0,0,0,0,0,0,0,0,0,0,0,0,0,0,0,0,0,0,0,0,0,0,0,0,0,0,0,0,0,0,0,0,0,0,0,0,0,0,0,0,0,0,0,0,0,0,0,0,0,0,0,0,0,0,0,0,0,0,0,0,0,0,0,0,0,0,0,0,0,0,0,0,0,0,0,0,0,0,0,0,0,0,0,0,0,0,0,0,0,0
IA0530200,2012,Monticello Police Dept.,Iowa,,,,,,,,,,,,,,,,,,,,,,,,,,,,,,,,,,,,,,,,,,,,,,,,,,,,,,,,,,,,,,,,,,,,,,,,,,,,,,,,,,,,,,,,,,,,,,,,,,,,,,,,,,,,,,,,,,,,,,,,,,,,,,,,,,,,,,,,,,,,,,,,,,,,,,,,,,,,,,,,,,,,,,,,,,,,,,,,,,,,,,,,,,,,,,,,,,,,,,,,,,,,,,,,,,,,,,,,,,,,,,,,,,,,,,,,,,,,,,,,,,,,,,,,,,,,,,,,,,,,,,,,,,,,,,,,,,,,,,,,,,,,,,,,,,,,,,,,,,,,,,,,,,,,,,,,,,,,,,,,,,,,,,,,,,,,,,,,,,,,,,,,,,,,,,,,,,,,,,,,,,,,,,,,,,,,,,,,,,,,,,,,,,,,,,,,,,,,,,,,,,,,,,,,,,,,,,,,,,,,,,,,,,,,,,,,,,,,,,,,,,,,,,,,,,,,,,,,,,,,,,,,,,,,,,,,,,,,,,,,,,,,,,,,,,,,,,,,,,,,,,,,,,,,,,,,,,,,,,,,,,,,,,,,,,,,,,,,,,,,,,,,,,,,,,,,,,,,,,,,,,,,,,,,,,,,,,,,,,,,,,,,,,,,,,,,,,,,,,,,,,,,,,,,,,,,,,,,,,,,,,,,,,,,,,,,,,,,,,,,,,,,,,,,,,,,,,,,,,,,,,,,,,,,,,,,,,,,,,,,,,,,,,,,,,,,,,,,,,,,,,,,,,,,,,,,,,,,,,,,,,,,,,,,,,,,,,,,,,,,,,,,,,,,,,,,,,,,,,,,,,,,,,,,,,,,,,,,,,,,,,,,,,,,,,,,,,,,,,,,,,,,,,,,,,,,,,,,,,,,,,,,,,,,,,,,,,,,,,,,,,,,,,,,,,,,,,,,,,,,,,,,,,,,,,,,,,,,,,,,,,,,,,,,,,,,,,,,,,,,,,,,,,,,,,,,,,,,,,,,,,,,,,,,,,,,,,,,,,,,,,,,,,,,,,,,,,,,,,,,,,,,,,,,,,,,,,,,,,,,,,,,,,,,,,,,,,,,,,,,,,,,,,,,,,,,,,,,,,,,,,,,,,,,,,,,,,,,,,,,,,,,,,,,,,,,,,,,,,,,,,,,,,,,,,,,,,,,,,,,,,,,,,,,,,,,,,,,,,,,,,,,,,,,,,,,,,,,,,,,,,,,,,,,,,,,,,,,,,,,,,,,,,,,,,,,,,,,,,,,,,,,,,,,,,,,,,,,,,,,,,,,,,,,,,,,,,,,,,,,,,,,,,,,,,,,,,,,,,,,,,,,,,,,,,,,,,,,,,,,,,,,
IA0530200,2011,Monticello Police Dept.,Iowa,3816,1,0,8,2,0,0,0,8,0,13,0,1,0,0,0,0,5,2,1,2,3,0,0,0,0,0,0,0,0,0,1,0,0,4,0,0,0,0,0,0,0,0,1153,0,137,253,0,0,0,72,0,356,0,77,0,0,0,0,446,65,28,221,205,0,0,0,0,0,0,0,0,0,725,0,0,37,0,0,0,0,0,0,0,0,1153,0,23,253,0,0,0,60,0,277,0,77,0,0,0,0,238,65,28,221,231,0,0,0,0,0,0,0,0,0,725,0,0,33,0,0,0,0,0,0,0,0,5,0,0,0,0,0,0,1,0,0,0,0,0,0,0,0,1,0,0,0,0,0,0,0,3,0,0,0,0,0,0,0,0,0,0,0,0,0,0,0,0,0,903,0,0,0,0,0,0,77,0,0,0,0,0,0,0,0,77,0,0,0,0,0,0,0,580,0,0,0,0,0,0,0,0,0,0,0,0,0,0,0,0,0,307,0,0,0,0,0,0,77,0,0,0,0,0,0,0,0,77,0,0,0,0,0,0,0,673,0,0,0,0,0,0,0,0,0,0,0,0,0,0,0,0,0,1,0,0,0,0,0,0,0,1,0,0,0,0,0,0,0,0,0,0,0,0,0,0,0,0,0,0,0,0,0,0,0,0,0,0,0,0,0,1153,0,0,0,0,0,0,0,231,0,0,0,0,0,0,0,0,0,0,0,0,0,0,0,0,0,0,0,0,0,0,0,0,0,0,0,0,0,1153,0,0,0,0,0,0,0,231,0,0,0,0,0,0,0,0,0,0,0,0,0,0,0,0,0,0,0,0,0,0,0,0,0,0,0,0,0,0,21,0,0,0,0,21,0,0,0,0,0,0,0,0,0,0,0,0,0,0,0,0,0,0,0,0,0,0,0,0,0,0,0,0,0,0,0,0,0,0,0,0,0,0,0,0,0,0,0,0,0,0,0,0,0,0,0,0,0,0,0,0,0,0,0,0,0,0,0,0,0,0,0,0,0,0,0,0,0,0,0,0,0,0,0,0,0,0,0,0,0,0,0,0,0,0,0,0,0,0,0,0,0,0,0,0,0,0,0,0,0,0,0,0,0,0,0,0,0,0,0,0,0,0,0,0,0,0,0,0,0,0,0,0,0,0,0,0,0,0,0,0,0,0,0,0,0,0,0,0,0,0,0,0,0,0,0,0,0,0,0,0,0,0,0,0,0,0,0,0,0,0,0,0,0,0,0,0,0,0,0,0,0,0,0,0,0,0,0,0,0,0,0,0,0,0,0,0,0,0,0,0,0,0,0,0,0,0,0,0,0,0,0,0,0,0,0,0,0,0,0,0,0,0,0,0,0,0,0,0,0,0,0,0,0,0,0,0,0,0,0,0,0,0,0,0,0,0,0,0,0,0,0,0,0,0,0,0,0,0,0,0,0,0,0,0,0,0,0,0,0,16,0,7,0,0,0,0,0,1,0,0,0,0,0,0,0,0,0,0,0,0,0,0,0,0,0,0,0,0,0,0,0,0,0,0,0,0,0,0,0,0,0,0,0,0,0,0,0,0,0,0,0,0,0,0,0,0,0,0,0,0,0,0,0,0,0,0,0,0,0,0,0,0,0,0,0,0,0,0,0,0,0,0,0,0,0,0,0,0,0,0,0,0,0,0,0,0,0,0,0,0,0,0,0,0,0,0,0,0,0,0,0,0,0,0,0,0,0,0,0,0,0,0,0,0,0,0,0,0,0,0,0,0,0,0,0,0,0,0,0,0,0,0,0,0,0,0,0,0,0,0,0,0,0,0,0,0,0,0,0,0,0,0,0,0,0,0,0,0,0,0,0,0,0,0,0,0,0,0,0,0,0,0,0,0,0,0,0,0,0,0,0,0,0,0,0,0,0,0,0,0,0,0,0,0,0,0,0,0,0,0,0,0,0,0,0,0,0,0,0,0,0,0,0,0,0,0,0,0,0,0,0,0,0,0,0,0,0,0,0,0,0,0,0,0,0,0,0,0,0,0,0,0,0,0,0,0,0,0,0,0,0,0,0,0,0,0,0,0,0,0,0,0,0,0,0,0,0,0,0,0,0,0,0,0,0,0,0,0,0,0,0,0,0,0,0,0,0,0,0,0,0,0,0,0,0,0,0,0,0,0,0,0,0,0,0,0,0,0,0,0,0,0,0,0,0,0,0,0,0,0,0,0,0,0,0,0,0,0,0,0,0,0,0,0,0,0,0,0,0,0,0,0,0,0,0,0,0,0,0,0,0,0,0,0,0,0,0,0,0,0,0,0,0,0,0,0,0,0,0,0,0,0,0,0,0,0,0,0,0,0,0,0,0,0,0,0,0,0,0,0,0,0,0,0,0,0,0,0,0,0,0,0,0,0,0,0,0,0,0,0,0,0,0,0,0,0,0,0,0,0,0,0,0,0,0,0,0,0,0,0,0,0,0,0,0,0,0,0,0,0,0,0,0,0,0,0,0,0,0,0,0,0,0,0,0,0,0,0,0,0,0,0,0,0,0,0,0,0,0,0,0,0,0,0,0,0,0,0,0,0,0,0,0,0,0,0,0,0,0,0,0,0,0,0,0,0,0,0,0,0,0,0,0,0,0,0,0,0,0,0,0,0,0,0,0,0,0,0,0,0,0,0,0,0,0,0,0,0,0,0,0,0,0,0,0,0,0,0,0,0,0,0,0,0,0,0,0,0,0,0,0,0,0,0,0,0,0,0,0,0,0,0,0,0,0,0,0,0,0,0,0,0,0,0,0,0,0,0,0,0,0,0,0,0,0,0,0,0,0,0,0,0,0,0
IA0530200,2010,Monticello Police Dept.,Iowa,3742,3,1,3,1,0,0,0,12,0,14,0,4,0,0,1,1,0,2,1,0,2,1,0,0,0,0,1,0,0,1,0,0,0,1,0,0,0,0,0,0,0,0,2857,4,41,75,0,0,0,545,0,206,0,204,0,0,7080,820,0,93,291,0,279,0,0,0,0,0,1491,0,0,358,0,0,0,4,0,0,0,0,0,0,0,0,3726,4,25,75,0,0,0,306,0,149,0,86,0,0,7080,820,0,93,291,0,279,0,0,0,0,0,1491,0,0,358,0,0,0,4,0,0,0,0,0,0,0,0,8,0,0,0,0,0,0,0,0,0,0,0,0,0,0,0,0,0,0,0,0,0,1,0,3,0,0,1,0,0,0,0,0,0,0,0,0,0,0,0,0,0,340,0,0,0,0,0,0,0,0,0,0,0,0,0,0,0,0,0,0,0,0,0,447,0,273,0,0,6987,0,0,0,0,0,0,0,0,0,0,0,0,0,0,224,0,0,0,0,0,0,0,0,0,0,0,0,0,0,0,0,0,0,0,0,0,447,0,149,0,0,6987,0,0,0,0,0,0,0,0,0,0,0,0,0,0,3,0,0,0,0,0,0,0,0,0,0,0,0,0,0,0,0,0,0,0,0,0,0,0,0,0,0,0,0,0,0,0,0,0,0,0,0,0,2857,0,0,0,0,0,0,0,0,0,0,0,0,0,0,0,0,0,0,0,0,0,0,0,0,0,0,0,0,0,0,0,0,0,0,0,0,0,3726,0,0,0,0,0,0,0,0,0,0,0,0,0,0,0,0,0,0,0,0,0,0,0,0,0,0,0,0,0,0,0,0,0,0,0,0,0,0,15,0,0,0,0,18,0,0,0,0,0,0,0,0,0,0,0,0,0,0,0,0,0,0,0,0,0,0,0,0,0,0,0,0,0,0,0,0,0,0,0,0,0,0,0,0,0,0,0,0,0,0,0,0,0,0,0,0,0,0,0,0,0,0,0,0,0,0,0,0,0,0,0,0,0,0,0,0,0,0,0,0,0,0,0,0,0,0,0,0,0,0,0,0,0,0,0,0,0,0,0,0,0,0,0,0,0,0,0,0,0,0,0,0,0,0,0,0,0,0,0,0,0,0,0,0,0,0,0,0,0,0,0,0,0,0,0,0,0,0,0,0,0,0,0,0,0,0,0,0,0,0,0,0,0,0,0,0,0,0,0,0,0,0,0,0,0,0,0,0,0,0,0,0,0,0,0,0,0,0,0,0,0,0,0,1,0,0,0,0,0,0,0,0,0,0,0,0,0,0,0,0,0,0,0,0,0,0,0,0,0,0,0,0,0,0,0,0,0,0,0,0,0,0,0,0,0,0,0,0,0,0,0,0,0,0,0,0,0,0,0,0,0,0,0,0,0,0,0,0,0,0,0,0,0,0,0,0,0,0,0,0,0,0,0,0,0,0,0,0,0,10,0,4,0,0,0,0,2,0,0,0,0,0,0,0,0,0,0,0,0,0,0,0,0,0,0,0,0,0,0,0,0,0,0,0,0,0,0,0,0,0,0,0,0,0,0,0,0,0,0,0,0,0,0,0,0,0,0,0,0,0,0,0,0,0,0,0,0,0,0,0,0,0,0,0,0,0,0,0,0,0,0,0,0,0,0,0,0,0,0,0,0,0,0,0,0,0,0,0,0,0,0,0,0,0,0,0,0,0,0,0,0,0,0,0,0,0,0,0,0,0,0,0,0,0,0,0,0,0,0,0,0,0,0,0,0,0,0,0,0,0,0,0,0,0,0,0,0,0,0,0,0,0,0,0,0,0,0,0,0,0,0,0,0,0,0,0,0,0,0,0,0,0,0,0,0,0,0,0,0,0,0,0,0,0,0,0,0,0,0,0,0,0,0,0,0,0,0,0,0,0,0,0,0,0,0,0,0,0,0,0,0,0,0,0,0,0,0,0,0,0,0,0,0,0,0,0,0,0,0,0,0,0,0,0,0,0,0,0,0,0,0,0,0,0,0,0,0,0,0,0,0,0,0,0,0,0,0,0,0,0,0,0,0,0,0,0,0,0,0,0,0,0,0,0,0,0,0,0,0,0,0,0,0,0,0,0,0,0,0,0,0,0,0,0,0,0,0,0,0,0,0,0,0,0,0,0,0,0,0,0,0,0,0,0,0,0,0,0,0,0,0,0,0,0,0,0,0,0,0,0,0,0,0,0,0,0,0,0,0,0,0,0,0,0,0,0,0,0,0,0,0,0,0,0,0,0,0,0,0,0,0,0,0,0,0,0,0,0,0,0,0,0,0,0,0,0,0,0,0,0,0,0,0,0,0,0,0,0,0,0,0,0,0,0,0,0,0,0,0,0,0,0,0,0,0,0,0,0,0,0,0,0,0,0,0,0,0,0,0,0,0,0,0,0,0,0,0,0,0,0,0,0,0,0,0,0,0,0,0,0,0,0,0,0,0,0,0,0,0,0,0,0,0,0,0,0,0,0,0,0,0,0,0,0,0,0,0,0,0,0,0,0,0,0,0,0,0,0,0,0,0,0,0,0,0,0,0,0,0,0,0,0,0,0,0,0,0,0,0,0,0,0,0,0,0,0,0,0,0,0,0,0,0,0,0,0,0,0,0,0,0,0,0,0,0,0,0,0,0,0,0,0,0,0,0,0,0,0,0,0,0,0,0,0,0,0,0,0,0,0,0,0,0,0,0,0,0,0,0,0,0,0,0,0,0,0,0,0,0,0,0,0,0,0,0,0,0,0,0,0,0,0,0,0,0,0,0,0,0,0,0,0,0,0,0,0,0,0,0,0,0,0,0,0
IA0530200,2009,Monticello Police Dept.,Iowa,3652,4,1,8,1,0,0,0,6,0,22,0,1,0,1,1,0,4,1,1,2,1,1,1,0,1,1,1,0,1,0,1,0,0,3,0,0,0,0,0,0,0,0,7400,59,28,587,0,0,0,619,0,267,0,88,0,11,5720,0,1173,880,15,64,1027,0,458,0,73,73,733,0,367,0,319,0,0,134,0,0,0,0,0,0,0,0,2566,59,24,587,0,0,0,220,0,156,0,88,0,11,5720,0,568,880,15,64,1027,0,458,0,73,73,733,0,367,0,319,0,0,103,0,0,0,0,0,0,0,0,9,0,0,0,0,0,0,0,0,0,0,0,0,2,0,0,1,0,1,1,0,0,0,0,4,6,0,0,0,0,1,0,0,0,0,0,0,0,0,0,0,0,543,0,0,0,0,0,0,0,0,0,0,0,0,275,0,0,660,0,183,73,0,0,0,0,1242,128,0,0,0,0,367,0,0,0,0,0,0,0,0,0,0,0,147,0,0,0,0,0,0,0,0,0,0,0,0,275,0,0,660,0,183,73,0,0,0,0,917,116,0,0,0,0,367,0,0,0,0,0,0,0,0,0,0,0,4,0,0,0,0,0,0,0,0,0,0,0,0,0,0,0,0,0,0,0,0,0,0,0,0,0,0,0,0,0,0,0,0,0,0,0,0,0,7400,0,0,0,0,0,0,0,0,0,0,0,0,0,0,0,0,0,0,0,0,0,0,0,0,0,0,0,0,0,0,0,0,0,0,0,0,0,2566,0,0,0,0,0,0,0,0,0,0,0,0,0,0,0,0,0,0,0,0,0,0,0,0,0,0,0,0,0,0,0,0,0,0,0,0,0,0,12,0,0,0,0,18,0,0,0,0,0,0,0,0,0,0,0,0,0,0,0,0,0,0,0,0,0,0,0,0,0,0,0,0,0,0,0,0,0,0,0,0,0,0,0,0,0,0,0,0,0,0,0,0,0,0,0,0,0,0,0,0,0,0,0,0,0,0,0,0,0,0,0,0,0,0,0,0,0,0,0,0,0,0,0,0,0,0,0,0,0,0,0,0,0,0,0,0,1,1,0,0,0,0,0,0,0,0,0,0,0,0,0,0,0,0,0,0,0,0,0,0,0,0,0,0,312,0,0,0,0,0,0,0,0,0,0,0,0,0,0,0,0,0,0,0,0,0,0,0,0,0,0,0,312,0,0,0,0,0,0,0,0,0,0,0,0,0,0,0,0,0,0,0,0,0,0,0,0,0,0,0,0,0,0,0,0,0,0,0,0,0,0,0,0,0,0,0,0,0,0,0,0,0,0,0,0,0,0,0,0,0,0,0,0,0,0,0,0,0,0,0,0,0,0,0,0,0,0,0,0,0,0,0,0,0,0,0,0,0,0,0,0,0,0,0,0,0,0,0,0,0,0,0,0,0,0,0,0,0,0,0,0,0,0,0,0,0,0,1,0,9,0,1,0,0,0,0,0,1,0,0,0,0,0,0,0,0,0,0,0,0,0,0,0,0,0,0,0,0,0,0,0,0,0,0,0,0,0,0,0,0,0,0,0,0,0,0,0,0,0,0,0,0,0,0,0,0,0,0,0,0,0,0,0,0,0,0,0,0,0,0,0,0,0,0,0,0,0,0,0,0,0,0,0,0,0,0,0,0,0,0,0,0,0,0,0,0,0,0,0,0,0,0,0,0,0,0,0,0,0,0,0,0,0,0,0,0,0,0,0,0,0,0,0,0,0,0,0,0,0,0,0,0,0,0,0,0,0,0,0,0,0,0,0,0,0,0,0,0,0,0,0,0,0,0,0,0,0,0,0,0,0,0,0,0,0,0,0,0,0,0,0,0,0,0,0,0,0,0,0,0,0,0,0,0,0,0,0,0,0,0,0,0,0,0,0,0,0,0,0,0,0,0,0,0,0,0,0,0,0,0,0,0,0,0,0,0,0,0,0,0,0,0,0,0,0,0,0,0,0,0,0,0,0,0,0,0,0,0,0,0,0,0,0,0,0,0,0,0,0,0,0,0,0,0,0,0,0,0,0,0,0,0,0,0,0,0,0,0,0,0,0,0,0,0,0,0,0,0,0,0,0,0,0,0,0,0,0,0,0,0,0,0,0,0,0,0,0,0,0,0,0,0,0,0,0,0,0,0,0,0,0,0,0,0,0,0,0,0,0,0,0,0,0,0,0,0,0,0,0,0,0,0,0,0,0,0,0,0,0,0,0,0,0,0,0,0,0,0,0,0,0,0,0,0,0,0,0,0,0,0,0,0,0,0,0,0,0,0,0,0,0,0,0,0,0,0,0,0,0,0,0,0,0,0,0,0,0,0,0,0,0,0,0,0,0,0,0,0,0,0,0,0,0,0,0,0,0,0,0,0,0,0,0,0,0,0,0,0,0,0,0,0,0,0,0,0,0,0,0,0,0,0,0,0,0,0,0,0,0,0,0,0,0,0,0,0,0,0,0,0,0,0,0,0,0,0,0,0,0,0,0,0,0,0,0,0,0,0,0,0,0,0,0,0,0,0,0,0,0,0,0,0,0,0,0,0,0,0,0,0,0,0,0,0,0,0,0,0,0,0,0,0,0,0,0,0,0,0,0,0,0,0,0,0,0,0,0,0,0,0,0,0,0,0,0,0,0,0,0,0,0,0,0,0,0,0,0,0,0,0,0,0,0,0,0,0,0,0,0,0,0,0,0,0,0,0,0,0,0,0,0,0,0,0,0,0,0,0,0,0,0,0,0,0,0,0,0,0,0,0,0,0,0,0,0,0,0,0,0,0,0,0,0,0,0,0,0,0,0,0,0,0,0,0
IA0530200,2008,Monticello Police Dept.,Iowa,3719,5,1,9,1,0,0,0,3,0,7,0,0,0,1,0,0,1,2,0,2,2,0,1,0,0,1,0,0,0,0,0,0,0,0,0,0,0,0,0,0,0,0,2648,33,26,74,0,0,0,47647,0,396,0,0,0,92,0,0,184,1887,0,68,780,0,2023,0,0,44,0,0,0,0,0,0,0,0,0,0,0,0,0,0,0,0,2207,33,15,74,0,0,0,118,0,221,0,0,0,92,0,0,184,1887,0,68,780,0,2023,0,0,44,0,0,0,0,0,0,0,0,0,0,0,0,0,0,0,0,6,0,0,0,0,0,0,3,0,0,0,0,0,3,0,0,2,0,1,0,0,0,0,0,2,0,0,0,0,0,0,0,0,1,0,0,0,0,0,0,0,0,368,0,0,0,0,0,0,147,0,0,0,0,0,221,0,0,441,0,241,0,0,0,0,0,1471,0,0,0,0,0,0,0,0,883,0,0,0,0,0,0,0,0,257,0,0,0,0,0,0,184,0,0,0,0,0,184,0,0,441,0,241,0,0,0,0,0,1471,0,0,0,0,0,0,0,0,883,0,0,0,0,0,0,0,0,3,0,0,0,0,0,0,0,0,0,0,0,0,0,0,0,0,0,0,0,0,0,0,0,0,0,0,0,0,0,0,0,0,0,0,0,0,0,3310,0,0,0,0,0,0,0,0,0,0,0,0,0,0,0,0,0,0,0,0,0,0,0,0,0,0,0,0,0,0,0,0,0,0,0,0,0,2207,0,0,0,0,0,0,0,0,0,0,0,0,0,0,0,0,0,0,0,0,0,0,0,0,0,0,0,0,0,0,0,0,0,0,0,0,0,0,16,0,0,0,0,19,0,0,0,0,0,0,0,0,0,0,0,0,0,0,0,0,0,0,0,0,0,0,0,0,0,0,0,0,0,0,0,0,0,0,0,0,0,0,0,0,0,0,0,0,0,0,0,0,0,0,0,0,0,0,0,0,0,0,0,0,0,0,0,0,0,0,0,0,0,0,0,0,0,0,0,0,0,0,0,0,0,0,0,0,0,0,0,0,0,0,0,0,0,0,0,0,0,0,0,0,0,0,0,0,0,0,0,0,0,0,0,0,0,0,0,0,0,0,0,0,0,0,0,0,0,0,0,0,0,0,0,0,0,0,0,0,0,0,0,0,0,0,0,0,0,0,0,0,0,0,0,0,0,0,0,0,0,0,0,0,0,0,0,0,0,0,0,0,0,0,0,0,0,0,0,0,0,0,0,0,0,0,0,0,0,0,0,0,0,0,0,0,0,0,0,0,0,0,0,0,0,0,0,0,0,0,0,0,0,0,0,0,0,0,0,0,0,0,0,0,0,0,0,0,0,0,0,0,0,0,0,0,0,0,0,0,0,0,0,0,0,0,0,0,0,0,0,0,0,0,0,0,0,0,0,0,0,0,0,0,0,0,0,0,0,15,0,0,0,0,0,0,0,1,0,0,0,0,0,0,0,0,0,0,0,0,0,0,0,0,0,0,0,0,0,0,0,0,0,0,0,0,0,0,0,0,0,0,0,0,0,0,0,0,0,0,0,0,0,0,0,0,0,0,0,0,0,0,0,0,0,0,0,0,0,0,0,0,0,0,0,0,0,0,0,0,0,0,0,0,0,0,0,0,0,0,0,0,0,0,0,0,0,0,0,0,0,0,0,0,0,0,0,0,0,0,0,0,0,0,0,0,0,0,0,0,0,0,0,0,0,0,0,0,0,0,0,0,0,0,0,0,0,0,0,0,0,0,0,0,0,0,0,0,0,0,0,0,0,0,0,0,0,0,0,0,0,0,0,0,0,0,0,0,0,0,0,0,0,0,0,0,0,0,0,0,0,0,0,0,0,0,0,0,0,0,0,0,0,0,0,0,0,0,0,0,0,0,0,0,0,0,0,0,0,0,0,0,0,0,0,0,0,0,0,0,0,0,0,0,0,0,0,0,0,0,0,0,0,0,0,0,0,0,0,0,0,0,0,0,0,0,0,0,0,0,0,0,0,0,0,0,0,0,0,0,0,0,0,0,0,0,0,0,0,0,0,0,0,0,0,0,0,0,0,0,0,0,0,0,0,0,0,0,0,0,0,0,0,0,0,0,0,0,0,0,0,0,0,0,0,0,0,0,0,0,0,0,0,0,0,0,0,0,0,0,0,0,0,0,0,0,0,0,0,0,0,0,0,0,0,0,0,0,0,0,0,0,0,0,0,0,0,0,0,0,0,0,0,0,0,0,0,0,0,0,0,0,0,0,0,0,0,0,0,0,0,0,0,0,0,0,0,0,0,0,0,0,0,0,0,0,0,0,0,0,0,0,0,0,0,0,0,0,0,0,0,0,0,0,0,0,0,0,0,0,0,0,0,0,0,0,0,0,0,0,0,0,0,0,0,0,0,0,0,0,0,0,0,0,0,0,0,0,0,0,0,0,0,0,0,0,0,0,0,0,0,0,0,0,0,0,0,0,0,0,0,0,0,0,0,0,0,0,0,0,0,0,0,0,0,0,0,0,0,0,0,0,0,0,0,0,0,0,0,0,0,0,0,0,0,0,0,0,0,0,0,0,0,0,0,0,0,0,0,0,0,0,0,0,0,0,0,0,0,0,0,0,0,0,0,0,0,0,0,0,0,0,0,0,0,0,0,0,0,0,0,0,0,0,0,0,0,0,0,0,0,0,0,0,0,0,0,0,0,0,0,0,0,0,0,0,0,0,0,0,0,0,0,0,0,0,0,0,0,0,0,0,0,0,0,0,0,0,0,0,0,0,0,0,0,0,0,0,0,0,0,0,0,0
IA0530200,2007,Monticello Police Dept.,Iowa,3738,0,0,8,0,0,0,0,7,0,8,0,3,0,1,0,0,1,2,0,4,0,1,1,0,2,1,0,0,0,0,0,0,0,2,0,0,0,0,0,0,0,0,0,0,20,0,0,0,0,408,0,377,0,184,0,11,0,0,142,124,0,64,0,0,106,0,11,13,0,0,0,0,0,0,0,106,0,0,0,0,0,0,0,0,0,0,21,0,0,0,0,425,0,71,0,198,0,11,0,0,142,124,0,71,0,0,106,0,11,13,0,0,0,0,0,0,0,106,0,0,0,0,0,0,0,0,5,0,0,0,0,0,0,3,0,0,0,0,0,1,0,0,1,1,1,0,0,0,0,0,2,2,0,0,0,0,0,0,0,1,0,0,0,0,0,0,0,0,389,0,0,0,0,0,0,307,0,0,0,0,0,638,0,0,354,1417,142,0,0,0,0,0,585,124,0,0,0,0,0,0,0,35,0,0,0,0,0,0,0,0,283,0,0,0,0,0,0,71,0,0,0,0,0,638,0,0,354,1417,142,0,0,0,0,0,585,124,0,0,0,0,0,0,0,35,0,0,0,0,0,0,0,0,0,0,0,0,0,0,0,0,0,0,0,0,0,0,0,0,0,0,0,0,0,0,0,0,0,0,0,0,0,0,0,0,0,0,0,0,0,0,0,0,0,0,0,0,0,0,0,0,0,0,0,0,0,0,0,0,0,0,0,0,0,0,0,0,0,0,0,0,0,0,0,0,0,0,0,0,0,0,0,0,0,0,0,0,0,0,0,0,0,0,0,0,0,0,0,0,0,0,0,0,0,0,0,0,0,0,0,0,0,0,0,0,0,0,0,10,0,0,0,0,12,0,0,0,0,0,0,0,0,0,0,0,0,0,0,0,0,0,0,0,0,0,0,0,0,0,0,0,0,0,0,0,0,0,0,0,0,0,0,0,0,0,0,0,0,0,0,0,0,0,0,0,0,0,0,0,0,0,0,0,0,0,0,0,0,0,0,0,0,0,0,0,0,0,0,0,0,0,0,0,0,0,0,0,0,0,0,0,0,0,0,0,0,0,0,0,0,0,0,0,0,0,0,0,0,0,0,0,0,0,0,0,0,0,0,0,0,0,0,0,0,0,0,0,0,0,0,0,0,0,0,0,0,0,0,0,0,0,0,0,0,0,0,0,0,0,0,0,0,0,0,0,0,0,0,0,0,0,0,0,0,0,0,0,0,0,0,0,0,0,0,0,0,0,0,0,0,0,0,0,0,0,0,0,0,0,0,0,0,0,0,0,0,0,0,0,0,0,0,0,0,0,0,0,0,0,0,0,0,0,0,0,0,0,0,0,0,0,0,0,0,0,0,0,0,0,0,0,0,0,0,0,0,0,0,0,0,0,0,0,0,0,0,0,0,0,0,0,0,0,0,0,0,0,0,0,0,0,0,0,0,0,0,0,0,0,9,0,1,0,0,0,0,0,0,0,0,0,0,0,0,0,0,0,0,0,0,0,0,0,0,0,0,0,0,0,0,0,0,0,0,0,0,0,0,0,0,0,0,0,0,0,0,0,0,0,0,0,0,0,0,0,0,0,0,0,0,0,0,0,0,0,0,0,0,0,0,0,0,0,0,0,0,0,0,0,0,0,0,0,0,0,0,0,0,0,0,0,0,0,0,0,0,0,0,0,0,0,0,0,0,0,0,0,0,0,0,0,0,0,0,0,0,0,0,0,0,0,0,0,0,0,0,0,0,0,0,0,0,0,0,0,0,0,0,0,0,0,0,0,0,0,0,0,0,0,0,0,0,0,0,0,0,0,0,0,0,0,0,0,0,0,0,0,0,0,0,0,0,0,0,0,0,0,0,0,0,0,0,0,0,0,0,0,0,0,0,0,0,0,0,0,0,0,0,0,0,0,0,0,0,0,0,0,0,0,0,0,0,0,0,0,0,0,0,0,0,0,0,0,0,0,0,0,0,0,0,0,0,0,0,0,0,0,0,0,0,0,0,0,0,0,0,0,0,0,0,0,0,0,0,0,0,0,0,0,0,0,0,0,0,0,0,0,0,0,0,0,0,0,0,0,0,0,0,0,0,0,0,0,0,0,0,0,0,0,0,0,0,0,0,0,0,0,0,0,0,0,0,0,0,0,0,0,0,0,0,0,0,0,0,0,0,0,0,0,0,0,0,0,0,0,0,0,0,0,0,0,0,0,0,0,0,0,0,0,0,0,0,0,0,0,0,0,0,0,0,0,0,0,0,0,0,0,0,0,0,0,0,0,0,0,0,0,0,0,0,0,0,0,0,0,0,0,0,0,0,0,0,0,0,0,0,0,0,0,0,0,0,0,0,0,0,0,0,0,0,0,0,0,0,0,0,0,0,0,0,0,0,0,0,0,0,0,0,0,0,0,0,0,0,0,0,0,0,0,0,0,0,0,0,0,0,0,0,0,0,0,0,0,0,0,0,0,0,0,0,0,0,0,0,0,0,0,0,0,0,0,0,0,0,0,0,0,0,0,0,0,0,0,0,0,0,0,0,0,0,0,0,0,0,0,0,0,0,0,0,0,0,0,0,0,0,0,0,0,0,0,0,0,0,0,0,0,0,0,0,0,0,0,0,0,0,0,0,0,0,0,0,0,0,0,0,0,0,0,0,0,0,0,0,0,0,0,0,0,0,0,0,0,0,0,0,0,0,0,0,0,0,0,0,0,0,0,0,0,0,0,0,0,0,0,0,0,0,0,0,0,0,0,0,0,0,0,0,0,0,0,0,0,0,0,0,0,0,0,0,0,0,0,0,0,0,0,0,0,0,0,0,0,0
IA0530200,2006,Monticello Police Dept.,Iowa,3721,3,1,8,0,0,1,0,3,0,3,0,1,0,1,0,0,0,2,0,0,0,0,0,0,0,1,0,0,0,0,1,0,0,0,0,0,0,0,0,0,0,0,1492,701,13,0,0,69,0,481,0,87,0,207,0,8,0,0,0,138,0,0,0,0,0,0,0,220,0,0,0,0,4426,0,0,0,0,0,0,0,0,0,0,0,1378,701,15,0,0,69,0,308,0,31,0,207,0,8,0,0,0,138,0,0,0,0,0,0,0,220,0,0,0,0,4426,0,0,0,0,0,0,0,0,0,0,0,1,0,0,0,0,0,1,6,0,0,0,0,0,4,0,0,0,0,1,0,0,0,0,0,10,0,0,0,1,0,0,0,0,0,0,0,0,0,0,0,0,0,344,0,0,0,0,0,689,416,0,0,0,0,0,1273,0,0,0,0,103,0,0,0,0,0,91,0,0,0,103,0,0,0,0,0,0,0,0,0,0,0,0,0,344,0,0,0,0,0,689,103,0,0,0,0,0,344,0,0,0,0,103,0,0,0,0,0,86,0,0,0,103,0,0,0,0,0,0,0,0,0,0,0,0,0,3,0,0,0,0,0,0,0,0,0,0,0,0,0,0,0,0,0,1,0,0,0,0,0,0,0,0,0,0,0,0,0,0,0,0,0,0,0,1492,0,0,0,0,0,0,0,0,0,0,0,0,0,0,0,0,0,220,0,0,0,0,0,0,0,0,0,0,0,0,0,0,0,0,0,0,0,1378,0,0,0,0,0,0,0,0,0,0,0,0,0,0,0,0,0,220,0,0,0,0,0,0,0,0,0,0,0,0,0,0,0,0,0,0,0,0,15,0,0,0,0,27,0,0,0,0,0,0,0,0,0,0,0,0,0,0,0,0,0,0,0,0,0,0,0,0,0,0,0,0,0,0,0,0,0,0,0,0,0,0,0,0,0,0,0,0,0,0,0,0,0,0,0,0,0,0,0,0,0,0,0,0,0,0,0,0,0,0,0,0,0,0,0,0,0,0,0,0,0,0,0,0,0,0,0,0,0,0,0,0,0,0,0,0,0,0,0,0,0,0,0,0,0,0,0,0,0,0,0,0,0,0,0,0,0,0,0,0,0,0,0,0,0,0,0,0,0,0,0,0,0,0,0,0,0,0,0,0,0,0,0,0,0,0,0,0,0,0,0,0,0,0,0,0,0,0,0,0,0,0,0,0,0,0,0,0,0,0,0,0,0,0,0,0,0,0,0,0,0,0,0,0,0,0,0,0,0,0,0,0,0,0,0,0,0,0,0,0,0,0,0,0,0,0,0,0,0,0,0,0,0,0,0,0,0,0,0,0,0,0,0,0,0,0,0,0,0,0,0,0,0,0,0,0,0,0,0,0,0,0,0,0,0,0,0,0,0,0,0,0,0,0,0,0,0,0,0,0,0,0,0,0,0,0,0,0,0,15,0,1,0,0,0,1,0,0,0,0,0,0,0,0,0,0,0,0,0,0,0,0,0,0,0,0,0,0,0,0,0,0,0,0,0,0,0,0,0,0,0,0,0,0,0,0,0,0,0,0,0,0,0,0,0,0,0,0,0,0,0,0,0,0,0,0,0,0,0,0,0,0,0,0,0,0,0,0,0,0,0,0,0,0,0,0,0,0,0,0,0,0,0,0,0,0,0,0,0,0,0,0,0,0,0,0,0,0,0,0,0,0,0,0,0,0,0,0,0,0,0,0,0,0,0,0,0,0,0,0,0,0,0,0,0,0,0,0,0,0,0,0,0,0,0,0,0,0,0,0,0,0,0,0,0,0,0,0,0,0,0,0,0,0,0,0,0,0,0,0,0,0,0,0,0,0,0,0,0,0,0,0,0,0,0,0,0,0,0,0,0,0,0,0,0,0,0,0,0,0,0,0,0,0,0,0,0,0,0,0,0,0,0,0,0,0,0,0,0,0,0,0,0,0,0,0,0,0,0,0,0,0,0,0,0,0,0,0,0,0,0,0,0,0,0,0,0,0,0,0,0,0,0,0,0,0,0,0,0,0,0,0,0,0,0,0,0,0,0,0,0,0,0,0,0,0,0,0,0,0,0,0,0,0,0,0,0,0,0,0,0,0,0,0,0,0,0,0,0,0,0,0,0,0,0,0,0,0,0,0,0,0,0,0,0,0,0,0,0,0,0,0,0,0,0,0,0,0,0,0,0,0,0,0,0,0,0,0,0,0,0,0,0,0,0,0,0,0,0,0,0,0,0,0,0,0,0,0,0,0,0,0,0,0,0,0,0,0,0,0,0,0,0,0,0,0,0,0,0,0,0,0,0,0,0,0,0,0,0,0,0,0,0,0,0,0,0,0,0,0,0,0,0,0,0,0,0,0,0,0,0,0,0,0,0,0,0,0,0,0,0,0,0,0,0,0,0,0,0,0,0,0,0,0,0,0,0,0,0,0,0,0,0,0,0,0,0,0,0,0,0,0,0,0,0,0,0,0,0,0,0,0,0,0,0,0,0,0,0,0,0,0,0,0,0,0,0,0,0,0,0,0,0,0,0,0,0,0,0,0,0,0,0,0,0,0,0,0,0,0,0,0,0,0,0,0,0,0,0,0,0,0,0,0,0,0,0,0,0,0,0,0,0,0,0,0,0,0,0,0,0,0,0,0,0,0,0,0,0,0,0,0,0,0,0,0,0,0,0,0,0,0,0,0,0,0,0,0,0,0,0,0,0,0,0,0,0,0,0,0,0,0,0,0,0,0,0,0,0,0,0,0,0,0,0,0,0,0,0,0,0,0,0,0,0,0,0,0,0,0,0,0,0,0
IA0530200,2005,Monticello Police Dept.,Iowa,3755,3,2,14,0,0,0,0,7,0,9,0,0,0,0,0,1,0,0,1,2,0,2,1,1,3,1,0,0,0,0,0,0,0,1,0,0,0,0,0,0,0,1,2558,37,25,0,0,0,0,527,0,148,0,0,0,0,0,6673,0,0,7,108,0,0,286,0,32,675,0,0,0,0,0,0,0,57,0,0,0,0,0,0,0,2002,1668,37,15,0,0,0,0,28,0,129,0,0,0,0,0,6673,0,0,7,108,0,0,286,0,27,675,0,0,0,0,0,0,0,57,0,0,0,0,0,0,0,2002,9,0,0,0,0,0,0,5,0,0,0,0,0,1,0,0,0,0,1,0,0,1,0,0,1,4,0,0,0,0,0,0,0,0,0,0,0,0,0,0,0,0,324,0,0,0,0,0,0,821,0,0,0,0,0,234,0,0,0,0,234,0,0,67,0,0,133,257,0,0,0,0,0,0,0,0,0,0,0,0,0,0,0,0,284,0,0,0,0,0,0,167,0,0,0,0,0,234,0,0,0,0,234,0,0,67,0,0,133,130,0,0,0,0,0,0,0,0,0,0,0,0,0,0,0,0,3,0,0,0,0,0,0,0,1,0,0,0,1,0,0,0,0,0,0,0,0,1,0,0,0,1,1,0,0,0,0,0,0,0,1,0,0,0,3503,0,0,0,0,0,0,0,167,0,0,0,6673,0,0,0,0,0,0,0,0,0,0,0,0,0,53,0,0,0,0,0,0,0,2002,0,0,0,3503,0,0,0,0,0,0,0,167,0,0,0,6673,0,0,0,0,0,0,0,0,0,0,0,0,0,53,0,0,0,0,0,0,0,2002,0,0,0,0,11,0,0,0,0,15,0,0,0,0,0,0,0,0,0,0,0,0,0,0,0,0,0,0,0,0,0,0,0,0,0,0,0,0,0,0,0,0,0,0,0,0,0,0,0,0,0,0,0,0,0,0,0,0,0,0,0,0,0,0,0,0,0,0,0,0,0,0,0,0,0,0,0,0,0,0,0,0,0,0,0,0,0,0,0,0,0,0,0,0,0,0,0,0,0,0,0,0,0,0,1,0,0,0,0,0,0,0,0,0,0,0,0,0,0,0,0,0,0,0,0,0,0,0,0,0,0,0,0,0,0,0,0,0,0,0,0,0,0,0,0,0,0,0,0,0,0,0,0,0,0,0,0,0,0,0,0,0,0,0,0,0,0,0,0,0,0,0,0,0,0,0,0,0,0,0,0,0,0,0,0,0,0,0,0,0,0,0,0,0,0,0,0,0,0,0,0,0,0,0,0,0,0,0,0,0,0,0,0,0,0,0,0,0,0,0,0,0,0,0,0,0,0,0,0,0,0,0,0,0,0,0,0,0,0,0,0,0,0,0,0,0,0,0,0,0,0,0,0,0,0,0,0,0,0,0,0,0,0,0,0,0,0,0,0,0,0,0,0,0,1,9,0,0,0,0,0,0,0,1,0,0,0,0,0,0,0,0,0,0,0,0,0,0,0,0,0,0,0,0,0,0,0,0,0,0,0,0,0,0,0,0,0,0,0,0,0,0,0,0,0,0,0,0,0,0,0,0,0,0,0,0,0,0,0,0,0,0,0,0,0,0,0,0,0,0,0,0,0,0,0,0,0,0,0,0,0,0,0,0,0,0,0,0,0,0,0,0,0,0,0,0,0,0,0,0,0,0,0,0,0,0,0,0,0,0,0,0,0,0,0,0,0,0,0,0,0,0,0,0,0,0,0,0,0,0,0,0,0,0,0,0,0,0,0,0,0,0,0,0,0,0,0,0,0,0,0,0,0,0,0,0,0,0,0,0,0,0,0,0,0,0,0,0,0,0,0,0,0,0,0,0,0,0,0,0,0,0,0,0,0,0,0,0,0,0,0,0,0,0,0,0,0,0,0,0,0,0,0,0,0,0,0,0,0,0,0,0,0,0,0,0,0,0,0,0,0,0,0,0,0,0,0,0,0,0,0,0,0,0,0,0,0,0,0,0,0,0,0,0,0,0,0,0,0,0,0,0,0,0,0,0,0,0,0,0,0,0,0,0,0,0,0,0,0,0,0,0,0,0,0,0,0,0,0,0,0,0,0,0,0,0,0,0,0,0,0,0,0,0,0,0,0,0,0,0,0,0,0,0,0,0,0,0,0,0,0,0,0,0,0,0,0,0,0,0,0,0,0,0,0,0,0,0,0,0,0,0,0,0,0,0,0,0,0,0,0,0,0,0,0,0,0,0,0,0,0,0,0,0,0,0,0,0,0,0,0,0,0,0,0,0,0,0,0,0,0,0,0,0,0,0,0,0,0,0,0,0,0,0,0,0,0,0,0,0,0,0,0,0,0,0,0,0,0,0,0,0,0,0,0,0,0,0,0,0,0,0,0,0,0,0,0,0,0,0,0,0,0,0,0,0,0,0,0,0,0,0,0,0,0,0,0,0,0,0,0,0,0,0,0,0,0,0,0,0,0,0,0,0,0,0,0,0,0,0,0,0,0,0,0,0,0,0,0,0,0,0,0,0,0,0,0,0,0,0,0,0,0,0,0,0,0,0,0,0,0,0,0,0,0,0,0,0,0,0,0,0,0,0,0,0,0,0,0,0,0,0,0,0,0,0,0,0,0,0,0,0,0,0,0,0,0,0,0,0,0,0,0,0,0,0,0,0,0,0,0,0,0,0,0,0,0,0,0,0,0,0,0,0,0,0,0,0,0,0,0,0,0,0,0,0,0,0,0,0,0,0,0,0,0,0,0,0,0,0,0,0,0,0,0,0,0,0,0,0,0,0,0,0,0,0,0,0,0,0
IA0530200,2004,Monticello Police Dept.,Iowa,3673,0,1,7,0,1,0,0,8,0,19,0,0,0,1,0,1,2,6,1,0,2,4,3,0,1,0,0,0,0,0,0,0,0,0,0,0,0,0,0,0,0,0,0,84,58,0,65,0,0,110,0,227,0,0,0,19,0,1130,36,118,26,0,461,0,92874,0,436,0,0,0,0,0,0,0,0,0,0,0,0,0,0,0,0,0,0,84,14,0,65,0,0,65,0,116,0,0,0,19,0,1130,36,97,26,0,461,0,92874,0,436,0,0,0,0,0,0,0,0,0,0,0,0,0,0,0,0,0,25,0,0,1,0,0,0,8,0,0,0,0,0,2,0,0,0,0,3,1,0,0,0,0,1,1,0,0,0,0,0,0,0,1,0,0,0,0,0,0,0,0,449,0,0,646,0,0,0,212,0,0,0,0,0,97,0,0,0,0,323,65,0,0,0,0,323,129,0,0,0,0,0,0,0,65,0,0,0,0,0,0,0,0,194,0,0,646,0,0,0,226,0,0,0,0,0,97,0,0,0,0,194,65,0,0,0,0,323,129,0,0,0,0,0,0,0,65,0,0,0,0,0,0,0,0,0,0,0,0,0,0,0,0,0,0,0,0,0,0,0,0,0,0,0,0,0,0,0,0,0,0,0,0,0,0,0,0,0,0,0,0,0,0,0,0,0,0,0,0,0,0,0,0,0,0,0,0,0,0,0,0,0,0,0,0,0,0,0,0,0,0,0,0,0,0,0,0,0,0,0,0,0,0,0,0,0,0,0,0,0,0,0,0,0,0,0,0,0,0,0,0,0,0,0,0,0,0,0,0,0,0,0,0,0,0,0,0,0,0,0,5,0,0,0,0,9,0,0,0,0,0,0,0,0,0,0,0,0,0,0,0,0,0,0,0,0,0,0,0,0,0,0,0,0,0,0,0,0,0,0,0,0,0,0,0,0,0,0,0,0,0,0,0,0,0,0,0,0,0,0,0,0,0,0,0,0,0,0,0,0,0,0,0,0,0,0,0,0,0,0,0,0,0,0,0,0,0,0,0,0,0,4,0,0,0,0,0,0,1,0,0,0,0,0,0,0,0,0,0,0,0,0,0,0,0,0,0,0,0,0,0,0,0,0,0,0,36,0,0,0,0,0,0,0,0,0,0,0,0,0,0,0,0,0,0,0,0,0,0,0,0,0,0,0,36,0,0,0,0,0,0,0,0,0,0,0,0,0,0,0,0,0,0,0,0,0,0,0,0,0,0,0,0,0,0,0,0,0,0,0,0,0,0,0,0,0,0,0,0,0,0,0,0,0,0,0,0,0,0,0,0,0,0,0,0,0,0,0,0,0,0,0,0,0,0,0,0,0,0,0,0,0,0,0,0,0,0,0,0,0,0,0,0,0,0,0,0,0,0,0,0,0,0,0,0,0,0,0,0,0,0,0,0,0,0,0,0,0,0,3,0,2,0,0,0,0,0,0,0,0,0,0,0,0,0,0,0,0,0,0,0,0,0,0,0,0,0,0,0,0,0,0,0,0,0,0,0,0,0,0,0,0,0,0,0,0,0,0,0,0,0,0,0,0,0,0,0,0,0,0,0,0,0,0,0,0,0,0,0,0,0,0,0,0,0,0,0,0,0,0,0,0,0,0,0,0,0,0,0,0,0,0,0,0,0,0,0,0,0,0,0,0,0,0,0,0,0,0,0,0,0,0,0,0,0,0,0,0,0,0,0,0,0,0,0,0,0,0,0,0,0,0,0,0,0,0,0,0,0,0,0,0,0,0,0,0,0,0,0,0,0,0,0,0,0,0,0,0,0,0,0,0,0,0,0,0,0,0,0,0,0,0,0,0,0,0,0,0,0,0,0,0,0,0,0,0,0,0,0,0,0,0,0,0,0,0,0,0,0,0,0,0,0,0,0,0,0,0,0,0,0,0,0,0,0,0,0,0,0,0,0,0,0,0,0,0,0,0,0,0,0,0,0,0,0,0,0,0,0,0,0,0,0,0,0,0,0,0,0,0,0,0,0,0,0,0,0,0,0,0,0,0,0,0,0,0,0,0,0,0,0,0,0,0,0,0,0,0,0,0,0,0,0,0,0,0,0,0,0,0,0,0,0,0,0,0,0,0,0,0,0,0,0,0,0,0,0,0,0,0,0,0,0,0,0,0,0,0,0,0,0,0,0,0,0,0,0,0,0,0,0,0,0,0,0,0,0,0,0,0,0,0,0,0,0,0,0,0,0,0,0,0,0,0,0,0,0,0,0,0,0,0,0,0,0,0,0,0,0,0,0,0,0,0,0,0,0,0,0,0,0,0,0,0,0,0,0,0,0,0,0,0,0,0,0,0,0,0,0,0,0,0,0,0,0,0,0,0,0,0,0,0,0,0,0,0,0,0,0,0,0,0,0,0,0,0,0,0,0,0,0,0,0,0,0,0,0,0,0,0,0,0,0,0,0,0,0,0,0,0,0,0,0,0,0,0,0,0,0,0,0,0,0,0,0,0,0,0,0,0,0,0,0,0,0,0,0,0,0,0,0,0,0,0,0,0,0,0,0,0,0,0,0,0,0,0,0,0,0,0,0,0,0,0,0,0,0,0,0,0,0,0,0,0,0,0,0,0,0,0,0,0,0,0,0,0,0,0,0,0,0,0,0,0,0,0,0,0,0,0,0,0,0,0,0,0,0,0,0,0,0,0,0,0,0,0,0,0,0,0,0,0,0,0,0,0,0,0,0,0,0,0,0,0,0,0,0,0,0,0,0,0,0,0,0,0,0,0,0,0,0,0,0,0,0,0,0,0,0,0,0,0,0,0,0,0
IA0530200,2003,Monticello Police Dept.,Iowa,,,,,,,,,,,,,,,,,,,,,,,,,,,,,,,,,,,,,,,,,,,,,,,,,,,,,,,,,,,,,,,,,,,,,,,,,,,,,,,,,,,,,,,,,,,,,,,,,,,,,,,,,,,,,,,,,,,,,,,,,,,,,,,,,,,,,,,,,,,,,,,,,,,,,,,,,,,,,,,,,,,,,,,,,,,,,,,,,,,,,,,,,,,,,,,,,,,,,,,,,,,,,,,,,,,,,,,,,,,,,,,,,,,,,,,,,,,,,,,,,,,,,,,,,,,,,,,,,,,,,,,,,,,,,,,,,,,,,,,,,,,,,,,,,,,,,,,,,,,,,,,,,,,,,,,,,,,,,,,,,,,,,,,,,,,,,,,,,,,,,,,,,,,,,,,,,,,,,,,,,,,,,,,,,,,,,,,,,,,,,,,,,,,,,,,,,,,,,,,,,,,,,,,,,,,,,,,,,,,,,,,,,,,,,,,,,,,,,,,,,,,,,,,,,,,,,,,,,,,,,,,,,,,,,,,,,,,,,,,,,,,,,,,,,,,,,,,,,,,,,,,,,,,,,,,,,,,,,,,,,,,,,,,,,,,,,,,,,,,,,,,,,,,,,,,,,,,,,,,,,,,,,,,,,,,,,,,,,,,,,,,,,,,,,,,,,,,,,,,,,,,,,,,,,,,,,,,,,,,,,,,,,,,,,,,,,,,,,,,,,,,,,,,,,,,,,,,,,,,,,,,,,,,,,,,,,,,,,,,,,,,,,,,,,,,,,,,,,,,,,,,,,,,,,,,,,,,,,,,,,,,,,,,,,,,,,,,,,,,,,,,,,,,,,,,,,,,,,,,,,,,,,,,,,,,,,,,,,,,,,,,,,,,,,,,,,,,,,,,,,,,,,,,,,,,,,,,,,,,,,,,,,,,,,,,,,,,,,,,,,,,,,,,,,,,,,,,,,,,,,,,,,,,,,,,,,,,,,,,,,,,,,,,,,,,,,,,,,,,,,,,,,,,,,,,,,,,,,,,,,,,,,,,,,,,,,,,,,,,,,,,,,,,,,,,,,,,,,,,,,,,,,,,,,,,,,,,,,,,,,,,,,,,,,,,,,,,,,,,,,,,,,,,,,,,,,,,,,,,,,,,,,,,,,,,,,,,,,,,,,,,,,,,,,,,,,,,,,,,,,,,,,,,,,,,,,,,,,,,,,,,,,,,,,,,,,,,,,,,,,,,,,,,,,,,,,,,,,,,,,,,,,,,,,,,,,,,,,,,,,,,,,,,,,,,,,,,,,,,,,,,,,,,,,,,,,,,,,,,,,,,,,,,,,,,,,,,,,,,,,,,,,,,,,,,,,,,,,,,,,,,,,,,,,,,,,,,,,,,,,,,,
IA0530200,2002,Monticello Police Dept.,Iowa,3620,0,1,2,0,4,0,0,9,0,23,0,4,0,0,0,0,5,4,0,2,0,0,1,0,1,5,0,0,0,0,0,0,0,1,0,0,0,1,0,0,0,0,0,246,3,0,299,0,0,361,0,121,0,131,0,0,0,0,459,209,0,92,0,0,138,0,12,52,0,0,0,0,0,0,0,0,0,0,0,0,0,0,0,0,0,246,3,0,94,0,0,178,0,25,0,92,0,0,0,0,138,307,0,92,0,0,138,0,12,61,0,0,0,0,0,0,0,0,0,0,0,0,0,0,0,0,24,0,0,0,0,0,0,5,0,0,0,0,1,3,1,0,0,1,1,2,0,0,0,0,0,2,0,0,0,0,0,0,0,0,0,0,0,0,0,0,0,0,208,0,0,0,0,0,0,134,0,0,0,0,0,215,0,0,0,1844,123,38,0,0,0,0,0,138,0,0,0,0,0,0,0,0,0,0,0,0,0,0,0,0,191,0,0,0,0,0,0,92,0,0,0,0,0,215,0,0,0,1844,123,38,0,0,0,0,0,138,0,0,0,0,0,0,0,0,0,0,0,0,0,0,0,0,0,0,0,0,0,0,0,0,0,0,0,0,0,0,0,0,0,0,0,0,0,0,0,0,0,0,0,0,0,0,0,0,0,0,0,0,0,0,0,0,0,0,0,0,0,0,0,0,0,0,0,0,0,0,0,0,0,0,0,0,0,0,0,0,0,0,0,0,0,0,0,0,0,0,0,0,0,0,0,0,0,0,0,0,0,0,0,0,0,0,0,0,0,0,0,0,0,0,0,0,0,0,0,0,0,0,0,0,0,0,0,0,0,0,0,1,0,0,0,0,3,0,0,0,0,0,0,0,0,0,0,0,0,0,0,0,0,0,0,0,0,0,0,0,0,0,0,0,0,0,0,0,0,0,0,0,0,0,0,0,0,0,0,0,0,0,0,0,0,0,0,0,0,0,0,0,0,0,0,0,0,0,0,0,0,0,0,0,0,0,0,0,0,0,0,0,0,0,0,0,0,0,0,0,0,0,0,0,0,0,0,0,0,0,0,0,0,0,0,0,0,0,0,0,0,0,0,0,0,0,0,0,0,0,0,0,0,0,0,0,0,0,0,0,0,0,0,0,0,0,0,0,0,0,0,0,0,0,0,0,0,0,0,0,0,0,0,0,0,0,0,0,0,0,0,0,0,0,0,0,0,0,0,0,0,0,0,0,0,0,0,0,0,0,0,0,0,0,0,0,0,0,0,0,0,0,0,0,0,0,0,0,0,0,0,0,0,0,0,0,0,0,0,0,0,0,0,0,0,0,0,0,0,0,0,0,0,0,0,0,0,0,0,0,0,0,0,0,0,0,0,0,0,0,0,0,0,0,0,0,0,0,0,0,0,0,0,0,0,0,0,0,0,0,0,0,0,0,0,0,0,0,0,0,0,0,1,0,0,0,0,0,0,0,0,0,0,0,0,0,0,0,0,0,0,0,0,0,0,0,0,0,0,0,0,0,0,0,0,0,0,0,0,0,0,0,0,0,0,0,0,0,0,0,0,0,0,0,0,0,0,0,0,0,0,0,0,0,0,0,0,0,0,0,0,0,0,0,0,0,0,0,0,0,0,0,0,0,0,0,0,0,0,0,0,0,0,0,0,0,0,0,0,0,0,0,0,0,0,0,0,0,0,0,0,0,0,0,0,0,0,0,0,0,0,0,0,0,0,0,0,0,0,0,0,0,0,0,0,0,0,0,0,0,0,0,0,0,0,0,0,0,0,0,0,0,0,0,0,0,0,0,0,0,0,0,0,0,0,0,0,0,0,0,0,0,0,0,0,0,0,0,0,0,0,0,0,0,0,0,0,0,0,0,0,0,0,0,0,0,0,0,0,0,0,0,0,0,0,0,0,0,0,0,0,0,0,0,0,0,0,0,0,0,0,0,0,0,0,0,0,0,0,0,0,0,0,0,0,0,0,0,0,0,0,0,0,0,0,0,0,0,0,0,0,0,0,0,0,0,0,0,0,0,0,0,0,0,0,0,0,0,0,0,0,0,0,0,0,0,0,0,0,0,0,0,0,0,0,0,0,0,0,0,0,0,0,0,0,0,0,0,0,0,0,0,0,0,0,0,0,0,0,0,0,0,0,0,0,0,0,0,0,0,0,0,0,0,0,0,0,0,0,0,0,0,0,0,0,0,0,0,0,0,0,0,0,0,0,0,0,0,0,0,0,0,0,0,0,0,0,0,0,0,0,0,0,0,0,0,0,0,0,0,0,0,0,0,0,0,0,0,0,0,0,0,0,0,0,0,0,0,0,0,0,0,0,0,0,0,0,0,0,0,0,0,0,0,0,0,0,0,0,0,0,0,0,0,0,0,0,0,0,0,0,0,0,0,0,0,0,0,0,0,0,0,0,0,0,0,0,0,0,0,0,0,0,0,0,0,0,0,0,0,0,0,0,0,0,0,0,0,0,0,0,0,0,0,0,0,0,0,0,0,0,0,0,0,0,0,0,0,0,0,0,0,0,0,0,0,0,0,0,0,0,0,0,0,0,0,0,0,0,0,0,0,0,0,0,0,0,0,0,0,0,0,0,0,0,0,0,0,0,0,0,0,0,0,0,0,0,0,0,0,0,0,0,0,0,0,0,0,0,0,0,0,0,0,0,0,0,0,0,0,0,0,0,0,0,0,0,0,0,0,0,0,0,0,0,0,0,0,0,0,0,0,0,0,0,0,0,0,0,0,0,0,0,0,0,0,0,0,0,0,0,0,0,0,0,0,0,0,0,0,0,0,0,0,0,0,0
IA0530200,2001,Monticello Police Dept.,Iowa,3603,0,0,2,0,0,1,0,8,0,27,0,2,0,0,1,0,5,1,0,5,0,0,7,0,8,3,0,0,0,0,0,0,0,0,0,0,0,0,0,0,0,0,0,0,11,0,0,303,0,438,0,81,0,21,0,0,5687,0,678,30,0,77,0,0,406,0,39,240,0,0,0,0,0,0,0,0,0,0,0,0,0,0,0,0,0,0,11,0,0,303,0,79,0,30,0,21,0,0,5687,0,594,30,0,61,0,0,30,0,14,86,0,0,0,0,0,0,0,0,0,0,0,0,0,0,0,0,21,0,0,0,0,0,0,9,0,0,0,0,1,7,0,0,1,0,1,0,0,1,0,0,1,2,0,0,0,0,0,0,0,0,0,0,0,0,0,0,0,0,292,0,0,0,0,0,0,194,0,0,0,0,61,41,0,0,1144,0,61,0,0,242,0,0,103,230,0,0,0,0,0,0,0,0,0,0,0,0,0,0,0,0,206,0,0,0,0,0,0,91,0,0,0,0,61,30,0,0,1144,0,61,0,0,242,0,0,103,230,0,0,0,0,0,0,0,0,0,0,0,0,0,0,0,0,0,0,0,0,0,0,0,0,1,0,0,0,0,0,0,0,0,0,0,0,0,0,0,0,0,0,0,0,0,0,0,0,0,0,0,0,0,0,0,0,0,0,0,0,0,0,121,0,0,0,0,0,0,0,0,0,0,0,0,0,0,0,0,0,0,0,0,0,0,0,0,0,0,0,0,0,0,0,0,0,0,0,0,0,121,0,0,0,0,0,0,0,0,0,0,0,0,0,0,0,0,0,0,0,0,0,0,0,0,0,0,0,0,0,0,7,0,0,0,0,2,0,0,0,0,0,0,0,0,0,0,0,0,0,0,0,0,0,0,0,0,0,0,0,0,0,0,0,0,0,0,0,0,0,0,0,0,0,0,0,0,0,0,0,0,0,0,0,0,0,0,0,0,0,0,0,0,0,0,0,0,0,0,0,0,0,0,0,0,0,0,0,0,0,0,0,0,0,0,0,0,0,0,0,0,1,0,0,0,0,0,0,0,2,0,1,0,0,0,0,0,0,0,0,0,0,0,0,0,0,0,0,0,218,0,0,0,0,0,0,0,1775,0,0,0,0,0,0,0,0,0,0,0,0,0,0,0,0,0,0,0,218,0,0,0,0,0,0,0,1775,0,0,0,0,0,0,0,0,0,0,0,0,0,0,0,0,0,0,0,0,0,0,0,0,0,0,0,0,0,0,0,0,0,0,0,0,0,0,0,0,0,0,0,0,0,0,0,0,0,0,0,0,0,0,0,0,0,0,0,0,0,0,0,0,0,0,0,0,0,0,0,0,0,0,0,0,0,0,0,0,0,0,0,0,0,0,0,0,0,0,0,0,0,0,0,0,0,0,0,0,0,0,0,0,0,0,0,0,0,0,0,0,0,0,0,0,7,0,0,0,0,0,0,0,0,0,0,0,0,0,0,0,0,0,0,0,0,0,0,0,0,0,0,0,0,0,0,0,0,0,0,0,0,0,0,0,0,0,0,0,0,0,0,0,0,0,0,0,0,0,0,0,0,0,0,0,0,0,0,0,0,0,0,0,0,0,0,0,0,0,0,0,0,0,0,0,0,0,0,0,0,0,0,0,0,0,0,0,0,0,0,0,0,0,0,0,0,0,0,0,0,0,0,0,0,0,0,0,0,0,0,0,0,0,0,0,0,0,0,0,0,0,0,0,0,0,0,0,0,0,0,0,0,0,0,0,0,0,0,0,0,0,0,0,0,0,0,0,0,0,0,0,0,0,0,0,0,0,0,0,0,0,0,0,0,0,0,0,0,0,0,0,0,0,0,0,0,0,0,0,0,0,0,0,0,0,0,0,0,0,0,0,0,0,0,0,0,0,0,0,0,0,0,0,0,0,0,0,0,0,0,0,0,0,0,0,0,0,0,0,0,0,0,0,0,0,0,0,0,0,0,0,0,0,0,0,0,0,0,0,0,0,0,0,0,0,0,0,0,0,0,0,0,0,0,0,0,0,0,0,0,0,0,0,0,0,0,0,0,0,0,0,0,0,0,0,0,0,0,0,0,0,0,0,0,0,0,0,0,0,0,0,0,0,0,0,0,0,0,0,0,0,0,0,0,0,0,0,0,0,0,0,0,0,0,0,0,0,0,0,0,0,0,0,0,0,0,0,0,0,0,0,0,0,0,0,0,0,0,0,0,0,0,0,0,0,0,0,0,0,0,0,0,0,0,0,0,0,0,0,0,0,0,0,0,0,0,0,0,0,0,0,0,0,0,0,0,0,0,0,0,0,0,0,0,0,0,0,0,0,0,0,0,0,0,0,0,0,0,0,0,0,0,0,0,0,0,0,0,0,0,0,0,0,0,0,0,0,0,0,0,0,0,0,0,0,0,0,0,0,0,0,0,0,0,0,0,0,0,0,0,0,0,0,0,0,0,0,0,0,0,0,0,0,0,0,0,0,0,0,0,0,0,0,0,0,0,0,0,0,0,0,0,0,0,0,0,0,0,0,0,0,0,0,0,0,0,0,0,0,0,0,0,0,0,0,0,0,0,0,0,0,0,0,0,0,0,0,0,0,0,0,0,0,0,0,0,0,0,0,0,0,0,0,0,0,0,0,0,0,0,0,0,0,0,0,0,0,0,0,0,0,0,0,0,0,0,0,0,0,0,0,0,0,0,0,0,0,0,0,0,0,0,0,0,0,0,0,0,0,0,0,0,0,0,0,0,0,0,0,0,0,0,0,0,0,0,0,0,0,0,0,0,0,0,0,0,0,0,0,0
IA0530200,2000,Monticello Police Dept.,Iowa,0,1,0,0,2,1,3,0,11,0,15,0,2,0,0,0,0,4,2,1,2,1,0,3,0,1,2,0,0,0,0,0,0,0,0,0,0,0,0,0,0,0,0,0,0,0,437,16,1140,0,223,0,183,0,263,0,0,0,0,1857,272,74,206,680,0,147,0,59,853,0,0,0,0,0,0,0,0,0,0,0,0,0,0,0,0,0,0,0,437,16,471,0,118,0,59,0,263,0,0,0,0,883,272,74,206,680,0,124,0,59,853,0,0,0,0,0,0,0,0,0,0,0,0,0,0,0,0,16,0,0,0,0,0,0,15,0,0,0,0,0,3,0,0,1,0,0,0,0,0,0,0,1,1,0,0,0,0,0,0,0,0,0,0,0,0,0,0,0,0,590,0,0,0,0,0,0,196,0,0,0,0,0,206,0,0,0,0,0,0,0,0,0,0,294,59,0,0,0,0,0,0,0,0,0,0,0,0,0,0,0,0,265,0,0,0,0,0,0,106,0,0,0,0,0,206,0,0,0,0,0,0,0,0,0,0,294,59,0,0,0,0,0,0,0,0,0,0,0,0,0,0,0,0,1,0,0,0,1,0,1,0,0,0,0,0,0,0,0,0,0,0,1,0,0,0,0,0,0,0,0,0,0,0,0,0,0,0,0,0,0,0,0,0,0,0,16,0,12,0,0,0,0,0,0,0,0,0,0,0,883,0,0,0,0,0,0,0,0,0,0,0,0,0,0,0,0,0,0,0,0,0,0,0,16,0,12,0,0,0,0,0,0,0,0,0,0,0,883,0,0,0,0,0,0,0,0,0,0,0,0,0,0,0,0,0,0,0,0,0,0,0,0,0,2,0,0,0,0,0,0,0,0,0,0,0,0,0,0,0,0,0,0,0,0,0,0,0,0,0,0,0,0,0,0,0,0,0,0,0,0,0,0,0,0,0,0,0,0,0,0,0,0,0,0,0,0,0,0,0,0,0,0,0,0,0,0,0,0,0,0,0,0,0,0,0,0,0,0,0,0,0,0,0,0,0,0,0,0,0,0,0,0,0,0,0,0,0,0,0,0,0,0,0,0,0,0,0,0,0,0,0,0,0,0,0,0,0,0,0,0,0,0,0,0,0,0,0,0,0,0,0,0,0,0,0,0,0,0,0,0,0,0,0,0,0,0,0,0,0,0,0,0,0,0,0,0,0,0,0,0,0,0,0,0,0,0,0,0,0,0,0,0,0,0,0,0,0,0,0,0,0,0,0,0,0,0,0,0,0,0,0,0,0,0,0,0,0,0,0,0,0,0,0,0,0,0,0,0,0,0,0,0,0,0,0,0,0,0,0,0,0,0,0,0,0,0,0,0,0,0,0,0,0,0,0,0,0,0,0,0,0,0,0,0,0,0,0,0,0,0,0,0,0,0,0,0,0,0,0,0,0,0,0,0,0,0,0,0,0,0,0,0,0,0,0,0,0,0,0,0,0,0,0,0,0,0,0,0,0,0,0,0,0,0,0,0,0,0,0,0,0,0,0,0,0,0,0,0,0,0,0,0,0,0,0,0,0,0,0,0,0,0,0,0,0,0,0,0,0,0,0,0,0,0,0,0,0,0,0,0,0,0,0,0,0,0,0,0,0,0,0,0,0,0,0,0,0,0,0,0,0,0,0,0,0,0,0,0,0,0,0,0,0,0,0,0,0,0,0,0,0,0,0,0,0,0,0,0,0,0,0,0,0,0,0,0,0,0,0,0,0,0,0,0,0,0,0,0,0,0,0,0,0,0,0,0,0,0,0,0,0,0,0,0,0,0,0,0,0,0,0,0,0,0,0,0,0,0,0,0,0,0,0,0,0,0,0,0,0,0,0,0,0,0,0,0,0,0,0,0,0,0,0,0,0,0,0,0,0,0,0,0,0,0,0,0,0,0,0,0,0,0,0,0,0,0,0,0,0,0,0,0,0,0,0,0,0,0,0,0,0,0,0,0,0,0,0,0,0,0,0,0,0,0,0,0,0,0,0,0,0,0,0,0,0,0,0,0,0,0,0,0,0,0,0,0,0,0,0,0,0,0,0,0,0,0,0,0,0,0,0,0,0,0,0,0,0,0,0,0,0,0,0,0,0,0,0,0,0,0,0,0,0,0,0,0,0,0,0,0,0,0,0,0,0,0,0,0,0,0,0,0,0,0,0,0,0,0,0,0,0,0,0,0,0,0,0,0,0,0,0,0,0,0,0,0,0,0,0,0,0,0,0,0,0,0,0,0,0,0,0,0,0,0,0,0,0,0,0,0,0,0,0,0,0,0,0,0,0,0,0,0,0,0,0,0,0,0,0,0,0,0,0,0,0,0,0,0,0,0,0,0,0,0,0,0,0,0,0,0,0,0,0,0,0,0,0,0,0,0,0,0,0,0,0,0,0,0,0,0,0,0,0,0,0,0,0,0,0,0,0,0,0,0,0,0,0,0,0,0,0,0,0,0,0,0,0,0,0,0,0,0,0,0,0,0,0,0,0,0,0,0,0,0,0,0,0,0,0,0,0,0,0,0,0,0,0,0,0,0,0,0,0,0,0,0,0,0,0,0,0,0,0,0,0,0,0,0,0,0,0,0,0,0,0,0,0,0,0,0,0,0,0,0,0,0,0,0,0,0,0,0,0,0,0,0,0,0,0,0,0,0,0,0,0,0,0,0,0,0,0,0,0,0,0,0,0,0,0,0,0,0,0,0,0,0,0,0,0,0,0,0,0,0,0,0,0,0,0,0,0,0,0,0,0,0,0,0,0,0,0,0,0,0,0,0,0,0,0,0,0,0,0,0
IA0530200,1999,Monticello Police Dept.,Iowa,3736,5,0,3,3,1,2,0,5,2,38,0,7,0,1,0,0,2,1,1,4,0,0,5,0,6,3,0,0,0,0,0,0,0,0,0,0,0,0,0,0,0,0,3226,0,48,491,319,285,0,425,87,82,0,213,0,31,0,0,1297,171,36,79,0,0,140,0,51,315,0,0,0,0,0,0,0,0,0,0,0,0,0,0,0,0,3416,0,48,342,319,285,0,47,87,57,0,97,0,31,0,0,1297,171,36,78,0,0,74,0,57,205,0,0,0,0,0,0,0,0,0,0,0,0,0,0,0,0,32,0,0,0,0,0,0,11,0,0,0,0,0,4,1,0,0,0,0,1,0,0,0,0,3,5,0,0,0,0,0,0,0,0,0,0,0,0,0,0,0,0,230,0,0,0,0,0,0,100,0,0,0,0,0,171,285,0,0,0,0,46,0,0,0,0,114,65,0,0,0,0,0,0,0,0,0,0,0,0,0,0,0,0,142,0,0,0,0,0,0,114,0,0,0,0,0,171,285,0,0,0,0,46,0,0,0,0,114,28,0,0,0,0,0,0,0,0,0,0,0,0,0,0,0,0,5,0,0,0,0,1,0,1,0,1,0,0,0,0,0,0,0,0,0,0,0,0,0,0,1,0,0,0,0,0,0,0,0,0,0,0,0,0,3226,0,0,0,0,171,0,3,0,28,0,0,0,0,0,0,0,0,0,0,0,0,0,0,74,0,0,0,0,0,0,0,0,0,0,0,0,0,3416,0,0,0,0,171,0,3,0,28,0,0,0,0,0,0,0,0,0,0,0,0,0,0,74,0,0,0,0,0,0,0,0,0,0,0,0,0,0,4,0,0,0,0,2,0,0,0,0,0,0,0,0,0,0,0,0,0,0,0,0,0,0,0,0,0,0,0,0,0,0,0,0,0,0,0,0,0,0,0,0,0,0,0,0,0,0,0,0,0,0,0,0,0,0,0,0,0,0,0,0,0,0,0,0,0,0,0,0,0,0,0,0,0,0,0,0,0,0,0,0,0,0,0,0,0,0,0,0,0,0,0,0,0,0,0,0,1,0,0,0,0,1,0,0,0,0,0,0,0,0,0,0,0,0,0,0,0,0,0,0,0,0,0,0,0,0,0,0,0,0,0,0,0,0,0,0,0,0,0,0,0,0,0,0,0,0,0,0,0,0,0,0,0,0,0,0,0,0,0,0,0,0,0,0,0,0,0,0,0,0,0,0,0,0,0,0,0,0,0,0,0,0,0,0,0,0,0,0,0,0,0,0,0,0,0,0,0,0,0,0,0,0,0,0,0,0,0,0,0,0,0,0,0,0,0,0,0,0,0,0,0,0,0,0,0,0,0,0,0,0,0,0,0,0,0,0,0,0,0,0,0,0,0,0,0,0,0,0,0,0,0,0,0,0,0,0,0,0,0,0,0,0,0,0,0,0,0,3,0,1,0,0,0,0,0,0,0,0,0,0,0,0,0,0,0,0,0,0,0,0,0,0,0,0,0,0,0,0,0,0,0,0,0,0,0,0,0,0,0,0,0,0,0,0,0,0,0,0,0,0,0,0,0,0,0,0,0,0,0,0,0,0,0,0,0,0,0,0,0,0,0,0,0,0,0,0,0,0,0,0,0,0,0,0,0,0,0,0,0,0,0,0,0,0,0,0,0,0,0,0,0,0,0,0,0,0,0,0,0,0,0,0,0,0,0,0,0,0,0,0,0,0,0,0,0,0,0,0,0,0,0,0,0,0,0,0,0,0,0,0,0,0,0,0,0,0,0,0,0,0,0,0,0,0,0,0,0,0,0,0,0,0,0,0,0,0,0,0,0,0,0,0,0,0,0,0,0,0,0,0,0,0,0,0,0,0,0,0,0,0,0,0,0,0,0,0,0,0,0,0,0,0,0,0,0,0,0,0,0,0,0,0,0,0,0,0,0,0,0,0,0,0,0,0,0,0,0,0,0,0,0,0,0,0,0,0,0,0,0,0,0,0,0,0,0,0,0,0,0,0,0,0,0,0,0,0,0,0,0,0,0,0,0,0,0,0,0,0,0,0,0,0,0,0,0,0,0,0,0,0,0,0,0,0,0,0,0,0,0,0,0,0,0,0,0,0,0,0,0,0,0,0,0,0,0,0,0,0,0,0,0,0,0,0,0,0,0,0,0,0,0,0,0,0,0,0,0,0,0,0,0,0,0,0,0,0,0,0,0,0,0,0,0,0,0,0,0,0,0,0,0,0,0,0,0,0,0,0,0,0,0,0,0,0,0,0,0,0,0,0,0,0,0,0,0,0,0,0,0,0,0,0,0,0,0,0,0,0,0,0,0,0,0,0,0,0,0,0,0,0,0,0,0,0,0,0,0,0,0,0,0,0,0,0,0,0,0,0,0,0,0,0,0,0,0,0,0,0,0,0,0,0,0,0,0,0,0,0,0,0,0,0,0,0,0,0,0,0,0,0,0,0,0,0,0,0,0,0,0,0,0,0,0,0,0,0,0,0,0,0,0,0,0,0,0,0,0,0,0,0,0,0,0,0,0,0,0,0,0,0,0,0,0,0,0,0,0,0,0,0,0,0,0,0,0,0,0,0,0,0,0,0,0,0,0,0,0,0,0,0,0,0,0,0,0,0,0,0,0,0,0,0,0,0,0,0,0,0,0,0,0,0,0,0,0,0,0,0,0,0,0,0,0,0,0,0,0,0,0,0,0,0,0,0,0,0,0,0,0,0,0,0,0,0,0,0,0,0,0,0,0,0,0,0,0,0,0,0,0,0,0,0,0,0,0,0,0,0,0,0,0,0,0,0
IA0530200,1998,Monticello Police Dept.,Iowa,3761,5,3,8,0,0,1,0,7,0,39,0,10,0,2,0,0,3,5,8,15,0,0,0,1,9,5,0,0,1,0,1,0,0,0,0,0,0,0,0,0,0,0,3635,142,37,0,0,2061,0,153,0,187,0,179,0,18,0,0,226,360,89,176,0,0,0,0,61,217,0,0,0,0,159,0,0,0,0,0,0,0,0,0,0,0,2953,142,42,0,0,2061,0,45,0,56,0,139,0,18,0,0,167,422,6,128,0,0,0,0,45,217,0,0,0,0,159,0,0,0,0,0,0,0,0,0,0,0,30,0,0,0,0,0,0,15,0,0,0,0,0,3,0,0,0,3,4,0,0,0,0,0,3,6,0,0,0,0,0,0,0,0,0,0,0,0,0,1,0,0,179,0,0,0,0,0,0,619,0,0,0,0,0,1699,0,0,0,167,125,0,0,0,0,0,119,107,0,0,0,0,0,0,0,0,0,0,0,0,0,167,0,0,125,0,0,0,0,0,0,139,0,0,0,0,0,1699,0,0,0,167,111,0,0,0,0,0,119,89,0,0,0,0,0,0,0,0,0,0,0,0,0,167,0,0,4,1,0,0,0,0,0,0,4,0,0,0,0,0,0,0,7,0,0,0,0,0,0,0,0,0,1,0,1,0,0,0,0,0,0,0,0,0,1671,0,0,0,0,0,0,0,30,0,0,0,0,0,0,0,123,0,0,0,0,0,0,0,0,0,0,0,0,0,0,0,0,0,0,0,0,0,2228,0,0,0,0,0,0,0,31,0,0,0,0,0,0,0,111,0,0,0,0,0,0,0,0,0,0,0,0,0,0,0,0,0,0,0,0,0,0,4,0,0,0,0,2,0,0,0,0,0,0,0,0,0,0,0,0,0,0,0,0,0,0,0,0,0,0,0,0,0,0,0,0,0,11,0,0,0,0,0,0,0,0,0,0,0,0,0,0,0,0,0,0,0,0,0,0,0,0,0,0,0,0,0,11,0,0,0,0,0,0,0,0,0,0,0,0,0,0,0,0,0,0,0,0,0,0,0,0,0,0,0,0,0,0,0,0,1,0,0,0,0,0,0,0,0,0,0,0,0,0,0,0,0,0,0,0,0,0,0,0,0,0,0,0,234,0,0,0,0,0,0,0,0,0,0,0,0,0,0,0,0,0,0,0,0,0,0,0,0,0,0,0,234,0,0,0,0,0,0,0,0,0,0,0,0,0,0,0,0,0,0,0,0,0,0,0,0,0,0,0,0,0,0,0,0,0,0,0,0,0,0,0,0,0,0,0,0,0,0,0,0,0,0,0,0,0,0,0,0,0,0,0,0,0,0,0,0,0,0,0,0,0,0,0,0,0,0,0,0,0,0,0,0,0,0,0,0,0,0,0,0,0,0,0,0,0,0,0,0,0,0,0,0,0,0,0,0,0,0,0,0,0,0,0,0,0,0,2,0,2,0,0,0,0,0,0,0,0,0,0,0,0,0,0,0,0,0,0,0,0,0,0,0,0,0,0,0,0,0,0,0,0,0,0,0,0,0,0,0,0,0,0,0,0,0,0,0,0,0,0,0,0,0,0,0,0,0,0,0,0,0,0,0,0,0,0,0,0,0,0,0,0,0,0,0,0,0,0,0,0,0,0,0,0,0,0,0,0,0,0,0,0,0,0,0,0,0,0,0,0,0,0,0,0,0,0,0,0,0,0,0,0,0,0,0,0,0,0,0,0,0,0,0,0,0,0,0,0,0,0,0,0,0,0,0,0,0,0,0,0,0,0,0,0,0,0,0,0,0,0,0,0,0,0,0,0,0,0,0,0,0,0,0,0,0,0,0,0,0,0,0,0,0,0,0,0,0,0,0,0,0,0,0,0,0,0,0,0,0,0,0,0,0,0,0,0,0,0,0,0,0,0,0,0,0,0,0,0,0,0,0,0,0,0,0,0,0,0,0,0,0,0,0,0,0,0,0,0,0,0,0,0,0,0,0,0,0,0,0,0,0,0,0,0,0,0,0,0,0,0,0,0,0,0,0,0,0,0,0,0,0,0,0,0,0,0,0,0,0,0,0,0,0,0,0,0,0,0,0,0,0,0,0,0,0,0,0,0,0,0,0,0,0,0,0,0,0,0,0,0,0,0,0,0,0,0,0,0,0,0,0,0,0,0,0,0,0,0,0,0,0,0,0,0,0,0,0,0,0,0,0,0,0,0,0,0,0,0,0,0,0,0,0,0,0,0,0,0,0,0,0,0,0,0,0,0,0,0,0,0,0,0,0,0,0,0,0,0,0,0,0,0,0,0,0,0,0,0,0,0,0,0,0,0,0,0,0,0,0,0,0,0,0,0,0,0,0,0,0,0,0,0,0,0,0,0,0,0,0,0,0,0,0,0,0,0,0,0,0,0,0,0,0,0,0,0,0,0,0,0,0,0,0,0,0,0,0,0,0,0,0,0,0,0,0,0,0,0,0,0,0,0,0,0,0,0,0,0,0,0,0,0,0,0,0,0,0,0,0,0,0,0,0,0,0,0,0,0,0,0,0,0,0,0,0,0,0,0,0,0,0,0,0,0,0,0,0,0,0,0,0,0,0,0,0,0,0,0,0,0,0,0,0,0,0,0,0,0,0,0,0,0,0,0,0,0,0,0,0,0,0,0,0,0,0,0,0,0,0,0,0,0,0,0,0,0,0,0,0,0,0,0,0,0,0,0,0,0,0,0,0,0,0,0,0,0,0,0,0,0,0,0,0,0,0,0,0,0,0,0,0,0,0,0,0,0,0,0,0,0,0,0,0,0,0,0,0,0,0,0,0,0,0,0
IA0530200,1997,Monticello Police Dept.,Iowa,3661,11,11,13,1,2,8,0,22,0,48,0,24,0,4,0,0,7,7,9,6,0,0,1,4,0,9,0,0,0,0,0,0,0,0,0,0,0,0,0,0,0,0,5321,82,23,651,145,461,0,227,0,199,0,241,0,137,0,0,326,358,30,89,0,0,60,0,0,503,0,0,0,0,0,0,0,0,0,0,0,0,0,0,0,0,4937,23,13,651,145,132,0,82,0,69,0,123,0,32,0,0,233,329,2,90,0,0,60,0,0,247,0,0,0,0,0,0,0,0,0,0,0,0,0,0,0,0,61,0,0,1,0,0,0,13,1,0,0,0,0,3,0,0,3,2,4,0,0,0,0,0,6,3,0,0,1,0,0,0,0,0,0,0,0,0,0,0,0,0,245,0,0,439,0,0,0,374,99,0,0,0,0,311,0,0,201,137,185,0,0,0,0,0,146,115,0,0,549,0,0,0,0,0,0,0,0,0,0,0,0,0,110,0,0,439,0,0,0,165,99,0,0,0,0,274,0,0,27,137,192,0,0,0,0,0,137,110,0,0,549,0,0,0,0,0,0,0,0,0,0,0,0,0,11,2,2,1,0,3,0,0,11,2,0,0,0,0,1,0,3,2,1,0,0,0,0,0,0,0,0,0,0,0,0,0,0,0,0,0,0,0,5057,25,5,651,0,833,0,0,90,21,0,0,0,0,55,0,99,2,41,0,0,0,0,0,0,0,0,0,0,0,0,0,0,0,0,0,0,0,4389,25,5,651,0,55,0,0,6,21,0,0,0,0,55,0,98,2,41,0,0,0,0,0,0,0,0,0,0,0,0,0,0,0,0,0,0,0,0,2,0,0,0,0,3,0,0,0,0,0,0,0,0,0,0,0,0,0,0,0,0,0,0,0,0,0,0,0,0,0,0,0,0,0,5,0,0,0,0,0,0,0,0,0,0,0,0,0,0,0,0,0,0,0,0,0,0,0,0,0,0,0,0,0,5,0,0,0,0,0,0,0,0,0,0,0,0,0,0,0,0,0,0,0,0,0,0,0,0,0,0,0,0,0,0,0,0,0,0,1,0,0,0,0,0,0,0,0,0,0,0,0,0,0,0,0,0,0,0,0,0,0,0,0,0,0,0,0,0,0,0,0,0,0,0,0,0,0,0,0,0,0,0,0,0,0,0,0,0,0,0,0,0,0,0,0,0,0,0,0,0,0,0,0,0,0,0,0,0,0,0,0,0,0,0,0,0,0,0,0,0,0,0,0,0,0,0,0,0,0,0,0,0,0,0,0,0,0,0,0,0,0,0,0,0,0,0,0,0,0,0,0,0,0,0,0,0,0,0,0,0,0,0,0,0,0,0,0,0,0,0,0,0,0,0,0,0,0,0,0,0,0,0,0,0,0,0,0,0,0,0,0,0,0,0,0,0,0,0,0,0,0,0,0,0,0,0,0,0,0,1,0,1,0,0,0,0,0,0,0,0,0,0,0,0,0,0,0,0,0,0,0,0,0,0,0,0,0,0,0,0,0,0,0,0,0,0,0,0,0,0,0,0,0,0,0,0,0,0,0,0,0,0,0,0,0,0,0,0,0,0,0,0,0,0,0,0,0,0,0,0,0,0,0,0,0,0,0,0,0,0,0,0,0,0,0,0,0,0,0,0,0,0,0,0,0,0,0,0,0,0,0,0,0,0,0,0,0,0,0,0,0,0,0,0,0,0,0,0,0,0,0,0,0,0,0,0,0,0,0,0,0,0,0,0,0,0,0,0,0,0,0,0,0,0,0,0,0,0,0,0,0,0,0,0,0,0,0,0,0,0,0,0,0,0,0,0,0,0,0,0,0,0,0,0,0,0,0,0,0,0,0,0,0,0,0,0,0,0,0,0,0,0,0,0,0,0,0,0,0,0,0,0,0,0,0,0,0,0,0,0,0,0,0,0,0,0,0,0,0,0,0,0,0,0,0,0,0,0,0,0,0,0,0,0,0,0,0,0,0,0,0,0,0,0,0,0,0,0,0,0,0,0,0,0,0,0,0,0,0,0,0,0,0,0,0,0,0,0,0,0,0,0,0,0,0,0,0,0,0,0,0,0,0,0,0,0,0,0,0,0,0,0,0,0,0,0,0,0,0,0,0,0,0,0,0,0,0,0,0,0,0,0,0,0,0,0,0,0,0,0,0,0,0,0,0,0,0,0,0,0,0,0,0,0,0,0,0,0,0,0,0,0,0,0,0,0,0,0,0,0,0,0,0,0,0,0,0,0,0,0,0,0,0,0,0,0,0,0,0,0,0,0,0,0,0,0,0,0,0,0,0,0,0,0,0,0,0,0,0,0,0,0,0,0,0,0,0,0,0,0,0,0,0,0,0,0,0,0,0,0,0,0,0,0,0,0,0,0,0,0,0,0,0,0,0,0,0,0,0,0,0,0,0,0,0,0,0,0,0,0,0,0,0,0,0,0,0,0,0,0,0,0,0,0,0,0,0,0,0,0,0,0,0,0,0,0,0,0,0,0,0,0,0,0,0,0,0,0,0,0,0,0,0,0,0,0,0,0,0,0,0,0,0,0,0,0,0,0,0,0,0,0,0,0,0,0,0,0,0,0,0,0,0,0,0,0,0,0,0,0,0,0,0,0,0,0,0,0,0,0,0,0,0,0,0,0,0,0,0,0,0,0,0,0,0,0,0,0,0,0,0,0,0,0,0,0,0,0,0,0,0,0,0,0,0,0,0,0,0,0,0,0,0,0,0,0,0,0,0,0,0,0,0,0,0,0,0,0,0,0,0,0,0,0,0,0,0,0,0,0,0,0,0,0
IA0530200,1996,Monticello Police Dept.,Iowa,3661,3,4,21,0,0,7,0,15,0,34,0,7,0,1,0,0,2,3,1,11,0,0,0,2,3,5,0,0,0,0,0,0,0,1,0,0,0,0,0,0,0,0,893,58,23,0,0,272,0,185,0,147,0,150,0,402,0,0,150,25,3,130,0,0,0,0,18,203,0,0,0,0,0,0,0,7,0,0,0,0,0,0,0,0,804,68,6,0,0,161,0,13,0,54,0,145,0,402,0,0,150,5,3,107,0,0,0,0,21,173,0,0,0,0,0,0,0,7,0,0,0,0,0,0,0,0,22,0,1,0,0,0,0,7,1,0,0,0,0,1,0,0,0,0,0,0,0,0,0,0,1,6,0,0,0,0,0,0,0,0,0,0,0,0,0,0,0,0,139,0,191,0,0,0,0,166,54,0,0,0,0,54,0,0,0,0,0,0,0,0,0,0,54,94,0,0,0,0,0,0,0,0,0,0,0,0,0,0,0,0,107,0,191,0,0,0,0,54,54,0,0,0,0,54,0,0,0,0,0,0,0,0,0,0,54,54,0,0,0,0,0,0,0,0,0,0,0,0,0,0,0,0,3,0,1,0,0,1,0,0,6,0,0,0,0,0,0,0,3,0,1,0,0,0,0,0,0,0,1,0,0,0,0,0,0,0,0,0,0,0,893,0,9,0,0,107,0,0,89,0,0,0,0,0,0,0,155,0,19,0,0,0,0,0,0,0,21,0,0,0,0,0,0,0,0,0,0,0,804,0,9,0,0,107,0,0,43,0,0,0,0,0,0,0,107,0,19,0,0,0,0,0,0,0,21,0,0,0,0,0,0,0,0,0,0,0,0,7,0,1,0,0,4,0,1,0,0,0,0,0,0,1,0,0,0,0,0,0,0,0,0,0,0,0,0,0,0,0,0,80,0,0,4,0,403,0,0,0,0,0,0,1608,0,0,0,0,0,0,0,0,0,0,0,0,0,0,0,0,0,80,0,0,3,0,403,0,0,0,0,0,0,1608,0,0,0,0,0,0,0,0,0,0,0,0,0,0,0,0,0,0,0,0,0,0,0,0,0,3,0,0,0,0,0,0,0,0,0,0,0,0,0,0,0,0,0,0,0,0,0,0,0,0,0,0,0,0,0,0,0,0,0,0,0,0,0,0,0,0,0,0,0,0,0,0,0,0,0,0,0,0,0,0,0,0,0,0,0,0,0,0,0,0,0,0,0,0,0,0,0,0,0,0,0,0,0,0,0,0,0,0,0,0,0,0,0,0,0,0,0,0,0,0,0,0,0,0,0,0,0,0,0,0,0,0,0,0,0,0,0,0,0,0,0,0,0,0,0,0,0,0,0,0,0,0,0,0,0,0,0,0,0,0,0,0,0,0,0,0,0,0,0,0,0,0,0,0,0,0,0,0,0,0,0,0,0,0,0,0,0,0,0,0,0,0,0,0,0,0,7,0,1,0,0,0,0,0,0,0,0,0,0,0,0,0,0,0,0,0,0,0,0,0,0,0,0,0,0,0,0,0,0,0,0,0,0,0,0,0,0,0,0,0,0,0,0,0,0,0,0,0,0,0,0,0,0,0,0,0,0,0,0,0,0,0,0,0,0,0,0,0,0,0,0,0,0,0,0,0,0,0,0,0,0,0,0,0,0,0,0,0,0,0,0,0,0,0,0,0,0,0,0,0,0,0,0,0,0,0,0,0,0,0,0,0,0,0,0,0,0,0,0,0,0,0,0,0,0,0,0,0,0,0,0,0,0,0,0,0,0,0,0,0,0,0,0,0,0,0,0,0,0,0,0,0,0,0,0,0,0,0,0,0,0,0,0,0,0,0,0,0,0,0,0,0,0,0,0,0,0,0,0,0,0,0,0,0,0,0,0,0,0,0,0,0,0,0,0,0,0,0,0,0,0,0,0,0,0,0,0,0,0,0,0,0,0,0,0,0,0,0,0,0,0,0,0,0,0,0,0,0,0,0,0,0,0,0,0,0,0,0,0,0,0,0,0,0,0,0,0,0,0,0,0,0,0,0,0,0,0,0,0,0,0,0,0,0,0,0,0,0,0,0,0,0,0,0,0,0,0,0,0,0,0,0,0,0,0,0,0,0,0,0,0,0,0,0,0,0,0,0,0,0,0,0,0,0,0,0,0,0,0,0,0,0,0,0,0,0,0,0,0,0,0,0,0,0,0,0,0,0,0,0,0,0,0,0,0,0,0,0,0,0,0,0,0,0,0,0,0,0,0,0,0,0,0,0,0,0,0,0,0,0,0,0,0,0,0,0,0,0,0,0,0,0,0,0,0,0,0,0,0,0,0,0,0,0,0,0,0,0,0,0,0,0,0,0,0,0,0,0,0,0,0,0,0,0,0,0,0,0,0,0,0,0,0,0,0,0,0,0,0,0,0,0,0,0,0,0,0,0,0,0,0,0,0,0,0,0,0,0,0,0,0,0,0,0,0,0,0,0,0,0,0,0,0,0,0,0,0,0,0,0,0,0,0,0,0,0,0,0,0,0,0,0,0,0,0,0,0,0,0,0,0,0,0,0,0,0,0,0,0,0,0,0,0,0,0,0,0,0,0,0,0,0,0,0,0,0,0,0,0,0,0,0,0,0,0,0,0,0,0,0,0,0,0,0,0,0,0,0,0,0,0,0,0,0,0,0,0,0,0,0,0,0,0,0,0,0,0,0,0,0,0,0,0,0,0,0,0,0,0,0,0,0,0,0,0,0,0,0,0,0,0,0,0,0,0,0,0,0,0,0,0,0,0,0,0,0,0,0,0,0,0,0,0,0,0,0,0,0,0,0,0
IA0530200,1995,Monticello Police Dept.,Iowa,3649,6,5,18,1,3,4,0,24,0,67,0,11,0,0,0,0,7,10,0,10,0,0,0,0,3,6,0,0,0,0,0,0,0,0,0,0,0,0,0,0,0,0,1432,46,10,130,39,41,0,100,0,63,0,180,0,0,0,0,281,215,0,81,0,0,0,0,6,171,0,0,0,0,0,0,0,0,0,0,0,0,0,0,0,0,911,39,5,130,49,16,0,26,0,23,0,130,0,0,0,0,73,104,0,78,0,0,0,0,6,164,0,0,0,0,0,0,0,0,0,0,0,0,0,0,0,0,18,0,0,0,0,0,0,7,0,0,0,0,0,4,0,0,1,1,2,1,0,0,0,0,5,7,0,1,0,0,0,0,0,0,0,0,0,0,0,0,0,0,167,0,0,0,0,0,0,200,0,0,0,0,0,43,0,0,52,52,42,68,0,0,0,0,221,123,0,125,0,0,0,0,0,0,0,0,0,0,0,0,0,0,104,0,0,0,0,0,0,86,0,0,0,0,0,52,0,0,52,52,42,68,0,0,0,0,78,130,0,125,0,0,0,0,0,0,0,0,0,0,0,0,0,0,5,3,0,1,0,0,1,0,14,3,0,0,0,0,2,0,3,0,0,0,0,0,0,0,0,0,0,0,0,0,0,0,0,0,0,0,0,0,656,74,0,130,0,0,179,0,39,68,0,0,0,0,134,0,39,0,0,0,0,0,0,0,0,0,0,0,0,0,0,0,0,0,0,0,0,0,521,74,0,130,0,0,179,0,14,52,0,0,0,0,134,0,52,0,0,0,0,0,0,0,0,0,0,0,0,0,0,0,0,0,0,0,0,0,0,5,0,0,0,0,4,0,1,0,0,0,0,0,0,0,0,0,0,0,0,0,0,0,0,0,0,0,0,0,0,0,0,0,0,0,6,0,316,0,0,0,0,0,0,0,0,0,0,0,0,0,0,0,0,0,0,0,0,0,0,0,0,0,0,0,5,0,316,0,0,0,0,0,0,0,0,0,0,0,0,0,0,0,0,0,0,0,0,0,0,0,0,0,0,0,0,0,0,0,0,0,0,0,0,0,0,0,0,0,0,0,0,0,0,0,0,0,0,0,0,0,0,0,0,0,0,0,0,0,0,0,0,0,0,0,0,0,0,0,0,0,0,0,0,0,0,0,0,0,0,0,0,0,0,0,0,0,0,0,0,0,0,0,0,0,0,0,0,0,0,0,0,0,0,0,0,2,0,0,0,0,0,0,0,0,0,0,0,0,0,0,0,0,0,0,0,0,0,0,0,0,0,0,0,0,0,0,0,15623,0,0,0,0,0,0,0,0,0,0,0,0,0,0,0,0,0,0,0,0,0,0,0,0,0,0,0,0,0,0,0,15623,0,0,0,0,0,0,0,0,0,0,0,0,0,0,0,0,0,0,0,0,0,0,0,0,0,0,0,0,0,0,4,0,1,0,0,0,0,0,0,0,0,0,0,0,0,0,0,0,0,0,0,0,0,0,0,0,0,0,0,0,0,0,0,0,0,0,0,0,0,0,0,0,0,0,0,0,0,0,0,0,0,0,0,0,0,0,0,0,0,0,0,0,0,0,0,0,0,0,0,0,0,0,0,0,0,0,0,0,0,0,0,0,0,0,0,0,0,0,0,0,0,0,0,0,0,0,0,0,0,0,0,0,0,0,0,0,0,0,0,0,0,0,0,0,0,0,0,0,0,0,0,0,0,0,0,0,0,0,0,0,0,0,0,0,0,0,0,0,0,0,0,0,0,0,0,0,0,0,0,0,0,0,0,0,0,0,0,0,0,0,0,0,0,0,0,0,0,0,0,0,0,0,0,0,0,0,0,0,0,0,0,0,0,0,0,0,0,0,0,0,0,0,0,0,0,0,0,0,0,0,0,0,0,0,0,0,0,0,0,0,0,0,0,0,0,0,0,0,0,0,0,0,0,0,0,0,0,0,0,0,0,0,0,0,0,0,0,0,0,0,0,0,0,0,0,0,0,0,0,0,0,0,0,0,0,0,0,0,0,0,0,0,0,0,0,0,0,0,0,0,0,0,0,0,0,0,0,0,0,0,0,0,0,0,0,0,0,0,0,0,0,0,0,0,0,0,0,0,0,0,0,0,0,0,0,0,0,0,0,0,0,0,0,0,0,0,0,0,0,0,0,0,0,0,0,0,0,0,0,0,0,0,0,0,0,0,0,0,0,0,0,0,0,0,0,0,0,0,0,0,0,0,0,0,0,0,0,0,0,0,0,0,0,0,0,0,0,0,0,0,0,0,0,0,0,0,0,0,0,0,0,0,0,0,0,0,0,0,0,0,0,0,0,0,0,0,0,0,0,0,0,0,0,0,0,0,0,0,0,0,0,0,0,0,0,0,0,0,0,0,0,0,0,0,0,0,0,0,0,0,0,0,0,0,0,0,0,0,0,0,0,0,0,0,0,0,0,0,0,0,0,0,0,0,0,0,0,0,0,0,0,0,0,0,0,0,0,0,0,0,0,0,0,0,0,0,0,0,0,0,0,0,0,0,0,0,0,0,0,0,0,0,0,0,0,0,0,0,0,0,0,0,0,0,0,0,0,0,0,0,0,0,0,0,0,0,0,0,0,0,0,0,0,0,0,0,0,0,0,0,0,0,0,0,0,0,0,0,0,0,0,0,0,0,0,0,0,0,0,0,0,0,0,0,0,0,0,0,0,0,0,0,0,0,0,0,0,0,0,0,0,0,0,0,0,0,0,0,0,0,0,0,0,0,0,0,0,0,0,0,0,0,0,0,0,0,0,0,0,0,0,0,0,0,0
IA0530200,1994,Monticello Police Dept.,Iowa,3563,7,10,5,2,0,7,0,10,0,33,0,12,0,4,0,2,2,4,0,3,0,0,0,1,6,5,1,0,0,1,0,0,0,0,0,0,0,0,0,0,0,0,2334,109,13,68,0,591,0,265,0,211,0,212,0,11,0,1266,161,32,0,62,0,0,0,0,5,117,253,0,0,152,0,0,0,0,0,0,0,0,0,0,0,0,1520,71,9,68,0,253,0,51,0,73,0,152,0,7,0,1266,161,28,0,51,0,0,0,0,6,66,253,0,0,152,0,0,0,0,0,0,0,0,0,0,0,0,17,1,0,0,0,0,0,8,1,0,0,0,0,3,0,0,1,0,1,0,0,0,0,0,4,7,0,0,0,0,0,0,0,0,0,0,0,0,0,0,0,0,121,16,0,0,0,0,0,119,71,0,0,0,0,71,0,0,704,0,608,0,0,0,0,0,32,59,0,0,0,0,0,0,0,0,0,0,0,0,0,0,0,0,101,16,0,0,0,0,0,51,71,0,0,0,0,36,0,0,704,0,608,0,0,0,0,0,25,51,0,0,0,0,0,0,0,0,0,0,0,0,0,0,0,0,6,4,0,0,0,1,1,0,3,3,0,0,1,0,0,1,1,0,1,1,0,0,0,0,0,0,1,0,0,0,0,0,0,0,0,0,0,0,2600,41,0,0,0,152,76,0,261,253,0,0,253,0,0,8,46,0,66,253,0,0,0,0,0,0,8,0,0,0,0,0,0,0,0,0,0,0,2026,33,0,0,0,152,76,0,61,177,0,0,253,0,0,8,46,0,66,253,0,0,0,0,0,0,8,0,0,0,0,0,0,0,0,0,0,0,0,0,0,0,0,0,3,0,0,0,0,0,0,0,0,0,0,0,0,0,0,0,0,0,0,0,0,0,0,0,0,0,0,0,0,0,0,0,0,0,0,0,0,0,0,0,0,0,0,0,0,0,0,0,0,0,0,0,0,0,0,0,0,0,0,0,0,0,0,0,0,0,0,0,0,0,0,0,0,0,0,0,0,0,0,0,0,0,0,0,0,0,0,0,0,0,0,0,0,0,0,3,0,0,0,0,0,0,0,0,0,0,0,0,0,0,0,0,0,0,0,0,0,0,0,0,0,0,0,0,0,0,0,0,0,0,0,0,0,0,0,0,0,0,0,0,0,0,0,0,0,0,0,0,0,0,0,0,0,0,0,0,0,0,0,0,0,0,0,0,0,0,0,0,0,0,0,0,0,0,0,0,0,0,0,0,0,0,0,0,0,0,0,0,0,0,0,0,0,0,0,0,0,0,0,0,0,0,0,0,0,0,0,0,0,0,0,0,0,0,0,0,0,0,0,0,0,0,0,0,0,0,0,0,0,0,0,0,0,0,0,0,0,0,0,0,0,0,0,0,0,0,0,0,0,0,0,0,0,0,0,0,0,0,0,0,0,0,0,0,0,0,0,0,0,0,0,0,0,0,0,0,0,0,0,0,0,0,0,0,0,0,0,0,0,0,0,0,0,0,0,0,0,0,0,0,0,0,0,0,0,0,0,0,0,0,0,0,0,0,0,0,0,0,0,0,0,0,0,0,0,0,0,0,0,0,0,0,0,0,0,0,0,0,0,0,0,0,0,0,0,0,0,0,0,0,0,0,0,0,0,0,0,0,0,0,0,0,0,0,0,0,0,0,0,0,0,0,0,0,0,0,0,0,0,0,0,0,0,0,0,0,0,0,0,0,0,0,0,0,0,0,0,0,0,0,0,0,0,0,0,0,0,0,0,0,0,0,0,0,0,0,0,0,0,0,0,0,0,0,0,0,0,0,0,0,0,0,0,0,0,0,0,0,0,0,0,0,0,0,0,0,0,0,0,0,0,0,0,0,0,0,0,0,0,0,0,0,0,0,0,0,0,0,0,0,0,0,0,0,0,0,0,0,0,0,0,0,0,0,0,0,0,0,0,0,0,0,0,0,0,0,0,0,0,0,0,0,0,0,0,0,0,0,0,0,0,0,0,0,0,0,0,0,0,0,0,0,0,0,0,0,0,0,0,0,0,0,0,0,0,0,0,0,0,0,0,0,0,0,0,0,0,0,0,0,0,0,0,0,0,0,0,0,0,0,0,0,0,0,0,0,0,0,0,0,0,0,0,0,0,0,0,0,0,0,0,0,0,0,0,0,0,0,0,0,0,0,0,0,0,0,0,0,0,0,0,0,0,0,0,0,0,0,0,0,0,0,0,0,0,0,0,0,0,0,0,0,0,0,0,0,0,0,0,0,0,0,0,0,0,0,0,0,0,0,0,0,0,0,0,0,0,0,0,0,0,0,0,0,0,0,0,0,0,0,0,0,0,0,0,0,0,0,0,0,0,0,0,0,0,0,0,0,0,0,0,0,0,0,0,0,0,0,0,0,0,0,0,0,0,0,0,0,0,0,0,0,0,0,0,0,0,0,0,0,0,0,0,0,0,0,0,0,0,0,0,0,0,0,0,0,0,0,0,0,0,0,0,0,0,0,0,0,0,0,0,0,0,0,0,0,0,0,0,0,0,0,0,0,0,0,0,0,0,0,0,0,0,0,0,0,0,0,0,0,0,0,0,0,0,0,0,0,0,0,0,0,0,0,0,0,0,0,0,0,0,0,0,0,0,0,0,0,0,0,0,0,0,0,0,0,0,0,0,0,0,0,0,0,0,0,0,0,0,0,0,0,0,0,0,0,0,0,0,0,0,0,0,0,0,0,0,0,0,0,0,0,0,0,0,0,0,0,0,0,0,0,0,0,0,0,0,0,0,0,0,0,0,0,0,0,0,0,0,0,0
IA0530200,1993,Monticello Police Dept.,Iowa,3545,6,6,8,0,1,4,0,12,1,19,0,10,3,0,1,1,7,6,4,5,0,1,1,1,7,8,0,0,0,0,1,0,0,1,0,0,0,0,0,0,0,0,1564,116,9,0,74,376,0,38,1066,171,0,189,95,0,292,296,583,281,1,65,0,0,0,0,7,124,0,0,0,0,370,0,0,1,0,0,0,0,0,0,0,0,864,81,5,0,74,370,0,28,1066,44,0,84,42,0,292,296,264,114,1,49,0,0,0,0,5,39,0,0,0,0,370,0,0,1,0,0,0,0,0,0,0,0,23,0,0,0,0,0,0,9,0,0,0,0,0,2,0,1,0,2,0,0,0,0,0,0,2,12,0,0,0,0,1,0,0,0,0,0,0,0,0,0,0,0,98,0,0,0,0,0,0,114,0,0,0,0,0,150,0,148,0,86,0,0,0,0,0,0,25,89,0,0,0,0,156,0,0,0,0,0,0,0,0,0,0,0,59,0,0,0,0,0,0,87,0,0,0,0,0,150,0,148,0,86,0,0,0,0,0,0,25,99,0,0,0,0,156,0,0,0,0,0,0,0,0,0,0,0,7,0,4,1,0,1,1,0,4,2,0,1,0,0,1,0,3,4,5,0,0,0,0,0,0,0,0,0,0,0,0,0,1,0,0,0,0,0,2398,0,3,526,0,25,47,0,326,142,0,1,0,0,2049,0,66,1,26,0,0,0,0,0,0,0,0,0,0,0,0,0,1,0,0,0,0,0,987,0,3,526,0,25,47,0,141,142,0,1,0,0,2049,0,49,1,7,0,0,0,0,0,0,0,0,0,0,0,0,0,1,0,0,0,0,0,0,4,0,0,0,0,3,0,0,0,0,0,0,0,0,0,0,0,0,0,0,0,0,0,0,0,0,0,0,0,0,0,0,0,0,0,2,0,0,0,0,0,0,0,0,0,0,0,0,0,0,0,0,0,0,0,0,0,0,0,0,0,0,0,0,0,2,0,0,0,0,0,0,0,0,0,0,0,0,0,0,0,0,0,0,0,0,0,0,0,0,0,0,0,0,0,0,0,0,1,0,0,0,0,0,0,0,0,0,0,0,0,0,0,0,0,0,0,0,0,0,0,0,0,0,0,0,39,0,0,0,0,0,0,0,0,0,0,0,0,0,0,0,0,0,0,0,0,0,0,0,0,0,0,0,39,0,0,0,0,0,0,0,0,0,0,0,0,0,0,0,0,0,0,0,0,0,0,0,0,0,0,0,0,0,0,0,1,0,0,0,0,0,0,0,0,0,0,0,0,0,0,0,0,0,0,0,0,0,0,0,0,0,0,0,0,0,0,0,193,0,0,0,0,0,0,0,0,0,0,0,0,0,0,0,0,0,0,0,0,0,0,0,0,0,0,0,0,0,0,0,193,0,0,0,0,0,0,0,0,0,0,0,0,0,0,0,0,0,0,0,0,4,0,0,0,0,0,0,0,0,0,0,0,0,0,0,0,0,0,0,0,0,0,0,0,0,0,0,0,0,0,0,0,0,0,0,0,0,0,0,0,0,0,0,0,0,0,0,0,0,0,0,0,0,0,0,0,0,0,0,0,0,0,0,0,0,0,0,0,0,0,0,0,0,0,0,0,0,0,0,0,0,0,0,0,0,0,0,0,0,0,0,0,0,0,0,0,0,0,0,0,0,0,0,0,0,0,0,0,0,0,0,0,0,0,0,0,0,0,0,0,0,0,0,0,0,0,0,0,0,0,0,0,0,0,0,0,0,0,0,0,0,0,0,0,0,0,0,0,0,0,0,0,0,0,0,0,0,0,0,0,0,0,0,0,0,0,0,0,0,0,0,0,0,0,0,0,0,0,0,0,0,0,0,0,0,0,0,0,0,0,0,0,0,0,0,0,0,0,0,0,0,0,0,0,0,0,0,0,0,0,0,0,0,0,0,0,0,0,0,0,0,0,0,0,0,0,0,0,0,0,0,0,0,0,0,0,0,0,0,0,0,0,0,0,0,0,0,0,0,0,0,0,0,0,0,0,0,0,0,0,0,0,0,0,0,0,0,0,0,0,0,0,0,0,0,0,0,0,0,0,0,0,0,0,0,0,0,0,0,0,0,0,0,0,0,0,0,0,0,0,0,0,0,0,0,0,0,0,0,0,0,0,0,0,0,0,0,0,0,0,0,0,0,0,0,0,0,0,0,0,0,0,0,0,0,0,0,0,0,0,0,0,0,0,0,0,0,0,0,0,0,0,0,0,0,0,0,0,0,0,0,0,0,0,0,0,0,0,0,0,0,0,0,0,0,0,0,0,0,0,0,0,0,0,0,0,0,0,0,0,0,0,0,0,0,0,0,0,0,0,0,0,0,0,0,0,0,0,0,0,0,0,0,0,0,0,0,0,0,0,0,0,0,0,0,0,0,0,0,0,0,0,0,0,0,0,0,0,0,0,0,0,0,0,0,0,0,0,0,0,0,0,0,0,0,0,0,0,0,0,0,0,0,0,0,0,0,0,0,0,0,0,0,0,0,0,0,0,0,0,0,0,0,0,0,0,0,0,0,0,0,0,0,0,0,0,0,0,0,0,0,0,0,0,0,0,0,0,0,0,0,0,0,0,0,0,0,0,0,0,0,0,0,0,0,0,0,0,0,0,0,0,0,0,0,0,0,0,0,0,0,0,0,0,0,0,0,0,0,0,0,0,0,0,0,0,0,0,0,0,0,0,0,0,0,0,0,0,0,0,0,0,0,0,0,0,0,0,0,0,0,0,0,0,0,0,0,0,0,0,0,0,0,0,0,0,0,0,0,0,0,0,0,0,0
IA0530200,1992,Monticello Police Dept.,Iowa,3566,5,5,9,0,3,3,0,10,0,1,0,6,32,0,1,0,6,4,6,6,0,4,0,3,3,5,0,1,0,0,0,0,0,0,0,0,0,0,0,0,0,0,1189,119,20,0,237,25,0,71,0,15,0,146,76,0,580,0,715,107,58,50,0,0,0,0,16,318,0,0,0,0,0,0,0,0,0,0,0,0,0,0,0,0,288,113,2,0,192,28,0,19,0,15,0,115,29,0,580,0,203,115,5,38,0,0,0,0,12,62,0,0,0,0,0,0,0,0,0,0,0,0,0,0,0,0,24,0,0,1,0,0,0,0,0,0,0,0,0,1,0,0,0,0,0,0,0,0,0,11,0,0,0,0,0,0,6,0,0,0,0,0,0,0,0,0,0,0,113,0,0,46,0,0,0,0,0,0,0,0,0,31,0,0,0,0,0,0,0,0,0,102,0,0,0,0,0,0,207,0,0,0,0,0,0,0,0,0,0,0,93,0,0,46,0,0,0,0,0,0,0,0,0,31,0,0,0,0,0,0,0,0,0,48,0,0,0,0,0,0,198,0,0,0,0,0,0,0,0,0,0,0,5,0,3,0,1,1,3,0,0,1,0,3,0,0,1,0,2,4,1,0,0,0,0,0,0,0,0,0,0,0,0,0,0,0,0,0,0,0,1189,0,3,0,192,28,205,0,0,192,0,5,0,0,480,0,26,5,5,0,0,0,0,0,0,0,0,0,0,0,0,0,0,0,0,0,0,0,288,0,3,0,192,28,205,0,0,192,0,2,0,0,480,0,26,4,5,0,0,0,0,0,0,0,0,0,0,0,0,0,0,0,0,0,0,0,0,3,0,0,0,0,3,0,0,0,0,0,0,0,0,0,0,0,0,0,0,0,0,0,0,0,0,0,0,0,0,0,0,0,0,0,5,0,0,0,0,0,0,0,0,0,0,0,0,0,0,0,0,0,0,0,0,0,0,0,0,0,0,0,0,0,5,0,0,0,0,0,0,0,0,0,0,0,0,0,0,0,0,0,0,0,0,0,0,0,0,0,0,0,0,0,0,0,0,2,0,0,0,0,0,0,0,0,0,0,0,0,0,0,0,0,0,0,0,0,0,0,0,0,0,0,0,216,0,0,0,0,0,0,0,0,0,0,0,0,0,0,0,0,0,0,0,0,0,0,0,0,0,0,0,216,0,0,0,0,0,0,0,0,0,0,0,0,0,0,0,0,0,0,0,0,0,0,0,0,0,0,0,0,0,0,0,0,0,0,0,0,0,0,0,0,0,0,0,0,0,0,0,0,0,0,0,0,0,0,0,0,0,0,0,0,0,0,0,0,0,0,0,0,0,0,0,0,0,0,0,0,0,0,0,0,0,0,0,0,0,0,0,0,0,0,0,0,0,0,0,0,0,0,0,0,0,0,0,0,0,0,0,0,0,0,0,0,0,0,0,0,3,0,0,0,0,0,0,0,0,0,0,0,0,0,0,0,0,0,0,0,0,0,0,0,0,0,0,0,0,0,0,0,0,0,0,0,0,0,0,0,0,0,0,0,0,0,0,0,0,0,0,0,0,0,0,0,0,0,0,0,0,0,0,0,0,0,0,0,0,0,0,0,0,0,0,0,0,0,0,0,0,0,0,0,0,0,0,0,0,0,0,0,0,0,0,0,0,0,0,0,0,0,0,0,0,0,0,0,0,0,0,0,0,0,0,0,0,0,0,0,0,0,0,0,0,0,0,0,0,0,0,0,0,0,0,0,0,0,0,0,0,0,0,0,0,0,0,0,0,0,0,0,0,0,0,0,0,0,0,0,0,0,0,0,0,0,0,0,0,0,0,0,0,0,0,0,0,0,0,0,0,0,0,0,0,0,0,0,0,0,0,0,0,0,0,0,0,0,0,0,0,0,0,0,0,0,0,0,0,0,0,0,0,0,0,0,0,0,0,0,0,0,0,0,0,0,0,0,0,0,0,0,0,0,0,0,0,0,0,0,0,0,0,0,0,0,0,0,0,0,0,0,0,0,0,0,0,0,0,0,0,0,0,0,0,0,0,0,0,0,0,0,0,0,0,0,0,0,0,0,0,0,0,0,0,0,0,0,0,0,0,0,0,0,0,0,0,0,0,0,0,0,0,0,0,0,0,0,0,0,0,0,0,0,0,0,0,0,0,0,0,0,0,0,0,0,0,0,0,0,0,0,0,0,0,0,0,0,0,0,0,0,0,0,0,0,0,0,0,0,0,0,0,0,0,0,0,0,0,0,0,0,0,0,0,0,0,0,0,0,0,0,0,0,0,0,0,0,0,0,0,0,0,0,0,0,0,0,0,0,0,0,0,0,0,0,0,0,0,0,0,0,0,0,0,0,0,0,0,0,0,0,0,0,0,0,0,0,0,0,0,0,0,0,0,0,0,0,0,0,0,0,0,0,0,0,0,0,0,0,0,0,0,0,0,0,0,0,0,0,0,0,0,0,0,0,0,0,0,0,0,0,0,0,0,0,0,0,0,0,0,0,0,0,0,0,0,0,0,0,0,0,0,0,0,0,0,0,0,0,0,0,0,0,0,0,0,0,0,0,0,0,0,0,0,0,0,0,0,0,0,0,0,0,0,0,0,0,0,0,0,0,0,0,0,0,0,0,0,0,0,0,0,0,0,0,0,0,0,0,0,0,0,0,0,0,0,0,0,0,0,0,0,0,0,0,0,0,0,0,0,0,0,0,0,0,0,0,0,0,0,0,0,0,0,0,0,0,0,0,0,0,0,0,0,0,0,0,0,0,0,0,0,0,0,0,0,0,0,0,0,0,0,0,0
