ORI,year,agency,state,population,property_stolen_automobile,property_stolen_clothes_furs,property_stolen_consumable_goods,property_stolen_firearms,property_stolen_household_goods,property_stolen_jewelry_precious_metals_gems,property_stolen_livestock,property_stolen_money,property_stolen_office_type_equipment,property_stolen_other,property_stolen_pending_inventory_of_property,property_stolen_radios_tv_vcr_dvd_players,property_stolen_alcohol,property_stolen_farm_equipment,property_stolen_other_motor_vehicles,property_stolen_tools_power_hand,property_stolen_vehicle_parts_accessories,property_stolen_merchandise,property_stolen_bicycles,property_stolen_computer_hardware_software,property_stolen_credit_debit_cards,property_stolen_negotiable_instruments,property_stolen_nonnegotiable_instruments,property_stolen_purses_handbags_wallets,property_stolen_recordings_audio_visual,property_stolen_recreational_vehicles,property_stolen_special_category,property_stolen_structures_single_occupancy_dwellings,property_stolen_trucks,property_stolen_watercraft,property_stolen_heavy_construction_industrial_equipment,property_stolen_structures_other,property_stolen_structures_other_commercial_business,property_stolen_drugs_narcotics,property_stolen_structures_storage,property_stolen_structures_other_dwellings,property_stolen_structures_public_community,property_stolen_drug_narcotic_equipment,property_stolen_gambling_equipment,property_stolen_aircraft,property_stolen_structures_industrial_manufacturing,property_stolen_buses,property_stolen_mean_value_automobile,property_stolen_mean_value_clothes_furs,property_stolen_mean_value_consumable_goods,property_stolen_mean_value_firearms,property_stolen_mean_value_household_goods,property_stolen_mean_value_jewelry_precious_metals_gems,property_stolen_mean_value_livestock,property_stolen_mean_value_money,property_stolen_mean_value_office_type_equipment,property_stolen_mean_value_other,property_stolen_mean_value_pending_inventory_of_property,property_stolen_mean_value_radios_tv_vcr_dvd_players,property_stolen_mean_value_alcohol,property_stolen_mean_value_farm_equipment,property_stolen_mean_value_other_motor_vehicles,property_stolen_mean_value_tools_power_hand,property_stolen_mean_value_vehicle_parts_accessories,property_stolen_mean_value_merchandise,property_stolen_mean_value_bicycles,property_stolen_mean_value_computer_hardware_software,property_stolen_mean_value_credit_debit_cards,property_stolen_mean_value_negotiable_instruments,property_stolen_mean_value_nonnegotiable_instruments,property_stolen_mean_value_purses_handbags_wallets,property_stolen_mean_value_recordings_audio_visual,property_stolen_mean_value_recreational_vehicles,property_stolen_mean_value_special_category,property_stolen_mean_value_structures_single_occupancy_dwellings,property_stolen_mean_value_trucks,property_stolen_mean_value_watercraft,property_stolen_mean_value_heavy_construction_industrial_equipment,property_stolen_mean_value_structures_other,property_stolen_mean_value_structures_other_commercial_business,property_stolen_mean_value_drugs_narcotics,property_stolen_mean_value_structures_storage,property_stolen_mean_value_structures_other_dwellings,property_stolen_mean_value_structures_public_community,property_stolen_mean_value_drug_narcotic_equipment,property_stolen_mean_value_gambling_equipment,property_stolen_mean_value_aircraft,property_stolen_mean_value_structures_industrial_manufacturing,property_stolen_mean_value_buses,property_stolen_median_value_automobile,property_stolen_median_value_clothes_furs,property_stolen_median_value_consumable_goods,property_stolen_median_value_firearms,property_stolen_median_value_household_goods,property_stolen_median_value_jewelry_precious_metals_gems,property_stolen_median_value_livestock,property_stolen_median_value_money,property_stolen_median_value_office_type_equipment,property_stolen_median_value_other,property_stolen_median_value_pending_inventory_of_property,property_stolen_median_value_radios_tv_vcr_dvd_players,property_stolen_median_value_alcohol,property_stolen_median_value_farm_equipment,property_stolen_median_value_other_motor_vehicles,property_stolen_median_value_tools_power_hand,property_stolen_median_value_vehicle_parts_accessories,property_stolen_median_value_merchandise,property_stolen_median_value_bicycles,property_stolen_median_value_computer_hardware_software,property_stolen_median_value_credit_debit_cards,property_stolen_median_value_negotiable_instruments,property_stolen_median_value_nonnegotiable_instruments,property_stolen_median_value_purses_handbags_wallets,property_stolen_median_value_recordings_audio_visual,property_stolen_median_value_recreational_vehicles,property_stolen_median_value_special_category,property_stolen_median_value_structures_single_occupancy_dwellings,property_stolen_median_value_trucks,property_stolen_median_value_watercraft,property_stolen_median_value_heavy_construction_industrial_equipment,property_stolen_median_value_structures_other,property_stolen_median_value_structures_other_commercial_business,property_stolen_median_value_drugs_narcotics,property_stolen_median_value_structures_storage,property_stolen_median_value_structures_other_dwellings,property_stolen_median_value_structures_public_community,property_stolen_median_value_drug_narcotic_equipment,property_stolen_median_value_gambling_equipment,property_stolen_median_value_aircraft,property_stolen_median_value_structures_industrial_manufacturing,property_stolen_median_value_buses,property_destroyed_automobile,property_destroyed_clothes_furs,property_destroyed_consumable_goods,property_destroyed_household_goods,property_destroyed_livestock,property_destroyed_money,property_destroyed_office_type_equipment,property_destroyed_other,property_destroyed_radios_tv_vcr_dvd_players,property_destroyed_firearms,property_destroyed_jewelry_precious_metals_gems,property_destroyed_pending_inventory_of_property,property_destroyed_buses,property_destroyed_structures_single_occupancy_dwellings,property_destroyed_structures_storage,property_destroyed_farm_equipment,property_destroyed_structures_other,property_destroyed_structures_other_dwellings,property_destroyed_structures_public_community,property_destroyed_bicycles,property_destroyed_merchandise,property_destroyed_other_motor_vehicles,property_destroyed_recreational_vehicles,property_destroyed_special_category,property_destroyed_structures_other_commercial_business,property_destroyed_vehicle_parts_accessories,property_destroyed_watercraft,property_destroyed_heavy_construction_industrial_equipment,property_destroyed_computer_hardware_software,property_destroyed_tools_power_hand,property_destroyed_trucks,property_destroyed_alcohol,property_destroyed_recordings_audio_visual,property_destroyed_structures_industrial_manufacturing,property_destroyed_negotiable_instruments,property_destroyed_aircraft,property_destroyed_drugs_narcotics,property_destroyed_nonnegotiable_instruments,property_destroyed_gambling_equipment,property_destroyed_purses_handbags_wallets,property_destroyed_credit_debit_cards,property_destroyed_drug_narcotic_equipment,property_destroyed_mean_value_automobile,property_destroyed_mean_value_clothes_furs,property_destroyed_mean_value_consumable_goods,property_destroyed_mean_value_household_goods,property_destroyed_mean_value_livestock,property_destroyed_mean_value_money,property_destroyed_mean_value_office_type_equipment,property_destroyed_mean_value_other,property_destroyed_mean_value_radios_tv_vcr_dvd_players,property_destroyed_mean_value_firearms,property_destroyed_mean_value_jewelry_precious_metals_gems,property_destroyed_mean_value_pending_inventory_of_property,property_destroyed_mean_value_buses,property_destroyed_mean_value_structures_single_occupancy_dwellings,property_destroyed_mean_value_structures_storage,property_destroyed_mean_value_farm_equipment,property_destroyed_mean_value_structures_other,property_destroyed_mean_value_structures_other_dwellings,property_destroyed_mean_value_structures_public_community,property_destroyed_mean_value_bicycles,property_destroyed_mean_value_merchandise,property_destroyed_mean_value_other_motor_vehicles,property_destroyed_mean_value_recreational_vehicles,property_destroyed_mean_value_special_category,property_destroyed_mean_value_structures_other_commercial_business,property_destroyed_mean_value_vehicle_parts_accessories,property_destroyed_mean_value_watercraft,property_destroyed_mean_value_heavy_construction_industrial_equipment,property_destroyed_mean_value_computer_hardware_software,property_destroyed_mean_value_tools_power_hand,property_destroyed_mean_value_trucks,property_destroyed_mean_value_alcohol,property_destroyed_mean_value_recordings_audio_visual,property_destroyed_mean_value_structures_industrial_manufacturing,property_destroyed_mean_value_negotiable_instruments,property_destroyed_mean_value_aircraft,property_destroyed_mean_value_drugs_narcotics,property_destroyed_mean_value_nonnegotiable_instruments,property_destroyed_mean_value_gambling_equipment,property_destroyed_mean_value_purses_handbags_wallets,property_destroyed_mean_value_credit_debit_cards,property_destroyed_mean_value_drug_narcotic_equipment,property_destroyed_median_value_automobile,property_destroyed_median_value_clothes_furs,property_destroyed_median_value_consumable_goods,property_destroyed_median_value_household_goods,property_destroyed_median_value_livestock,property_destroyed_median_value_money,property_destroyed_median_value_office_type_equipment,property_destroyed_median_value_other,property_destroyed_median_value_radios_tv_vcr_dvd_players,property_destroyed_median_value_firearms,property_destroyed_median_value_jewelry_precious_metals_gems,property_destroyed_median_value_pending_inventory_of_property,property_destroyed_median_value_buses,property_destroyed_median_value_structures_single_occupancy_dwellings,property_destroyed_median_value_structures_storage,property_destroyed_median_value_farm_equipment,property_destroyed_median_value_structures_other,property_destroyed_median_value_structures_other_dwellings,property_destroyed_median_value_structures_public_community,property_destroyed_median_value_bicycles,property_destroyed_median_value_merchandise,property_destroyed_median_value_other_motor_vehicles,property_destroyed_median_value_recreational_vehicles,property_destroyed_median_value_special_category,property_destroyed_median_value_structures_other_commercial_business,property_destroyed_median_value_vehicle_parts_accessories,property_destroyed_median_value_watercraft,property_destroyed_median_value_heavy_construction_industrial_equipment,property_destroyed_median_value_computer_hardware_software,property_destroyed_median_value_tools_power_hand,property_destroyed_median_value_trucks,property_destroyed_median_value_alcohol,property_destroyed_median_value_recordings_audio_visual,property_destroyed_median_value_structures_industrial_manufacturing,property_destroyed_median_value_negotiable_instruments,property_destroyed_median_value_aircraft,property_destroyed_median_value_drugs_narcotics,property_destroyed_median_value_nonnegotiable_instruments,property_destroyed_median_value_gambling_equipment,property_destroyed_median_value_purses_handbags_wallets,property_destroyed_median_value_credit_debit_cards,property_destroyed_median_value_drug_narcotic_equipment,property_recovered_automobile,property_recovered_clothes_furs,property_recovered_consumable_goods,property_recovered_firearms,property_recovered_household_goods,property_recovered_jewelry_precious_metals_gems,property_recovered_money,property_recovered_office_type_equipment,property_recovered_other,property_recovered_radios_tv_vcr_dvd_players,property_recovered_livestock,property_recovered_other_motor_vehicles,property_recovered_vehicle_parts_accessories,property_recovered_tools_power_hand,property_recovered_alcohol,property_recovered_bicycles,property_recovered_merchandise,property_recovered_recordings_audio_visual,property_recovered_recreational_vehicles,property_recovered_watercraft,property_recovered_credit_debit_cards,property_recovered_computer_hardware_software,property_recovered_heavy_construction_industrial_equipment,property_recovered_negotiable_instruments,property_recovered_nonnegotiable_instruments,property_recovered_purses_handbags_wallets,property_recovered_special_category,property_recovered_structures_storage,property_recovered_trucks,property_recovered_farm_equipment,property_recovered_structures_other_dwellings,property_recovered_drug_narcotic_equipment,property_recovered_drugs_narcotics,property_recovered_gambling_equipment,property_recovered_buses,property_recovered_aircraft,property_recovered_pending_inventory_of_property,property_recovered_structures_other,property_recovered_mean_value_automobile,property_recovered_mean_value_clothes_furs,property_recovered_mean_value_consumable_goods,property_recovered_mean_value_firearms,property_recovered_mean_value_household_goods,property_recovered_mean_value_jewelry_precious_metals_gems,property_recovered_mean_value_money,property_recovered_mean_value_office_type_equipment,property_recovered_mean_value_other,property_recovered_mean_value_radios_tv_vcr_dvd_players,property_recovered_mean_value_livestock,property_recovered_mean_value_other_motor_vehicles,property_recovered_mean_value_vehicle_parts_accessories,property_recovered_mean_value_tools_power_hand,property_recovered_mean_value_alcohol,property_recovered_mean_value_bicycles,property_recovered_mean_value_merchandise,property_recovered_mean_value_recordings_audio_visual,property_recovered_mean_value_recreational_vehicles,property_recovered_mean_value_watercraft,property_recovered_mean_value_credit_debit_cards,property_recovered_mean_value_computer_hardware_software,property_recovered_mean_value_heavy_construction_industrial_equipment,property_recovered_mean_value_negotiable_instruments,property_recovered_mean_value_nonnegotiable_instruments,property_recovered_mean_value_purses_handbags_wallets,property_recovered_mean_value_special_category,property_recovered_mean_value_structures_storage,property_recovered_mean_value_trucks,property_recovered_mean_value_farm_equipment,property_recovered_mean_value_structures_other_dwellings,property_recovered_mean_value_drug_narcotic_equipment,property_recovered_mean_value_drugs_narcotics,property_recovered_mean_value_gambling_equipment,property_recovered_mean_value_buses,property_recovered_mean_value_aircraft,property_recovered_mean_value_pending_inventory_of_property,property_recovered_mean_value_structures_other,property_recovered_median_value_automobile,property_recovered_median_value_clothes_furs,property_recovered_median_value_consumable_goods,property_recovered_median_value_firearms,property_recovered_median_value_household_goods,property_recovered_median_value_jewelry_precious_metals_gems,property_recovered_median_value_money,property_recovered_median_value_office_type_equipment,property_recovered_median_value_other,property_recovered_median_value_radios_tv_vcr_dvd_players,property_recovered_median_value_livestock,property_recovered_median_value_other_motor_vehicles,property_recovered_median_value_vehicle_parts_accessories,property_recovered_median_value_tools_power_hand,property_recovered_median_value_alcohol,property_recovered_median_value_bicycles,property_recovered_median_value_merchandise,property_recovered_median_value_recordings_audio_visual,property_recovered_median_value_recreational_vehicles,property_recovered_median_value_watercraft,property_recovered_median_value_credit_debit_cards,property_recovered_median_value_computer_hardware_software,property_recovered_median_value_heavy_construction_industrial_equipment,property_recovered_median_value_negotiable_instruments,property_recovered_median_value_nonnegotiable_instruments,property_recovered_median_value_purses_handbags_wallets,property_recovered_median_value_special_category,property_recovered_median_value_structures_storage,property_recovered_median_value_trucks,property_recovered_median_value_farm_equipment,property_recovered_median_value_structures_other_dwellings,property_recovered_median_value_drug_narcotic_equipment,property_recovered_median_value_drugs_narcotics,property_recovered_median_value_gambling_equipment,property_recovered_median_value_buses,property_recovered_median_value_aircraft,property_recovered_median_value_pending_inventory_of_property,property_recovered_median_value_structures_other,property_seized_consumable_goods,property_seized_drugs_narcotics,property_seized_firearms,property_seized_other,property_seized_radios_tv_vcr_dvd_players,property_seized_pending_inventory_of_property,property_seized_drug_narcotic_equipment,property_seized_gambling_equipment,property_seized_money,property_seized_negotiable_instruments,property_seized_alcohol,property_seized_vehicle_parts_accessories,property_seized_special_category,property_seized_nonnegotiable_instruments,property_seized_purses_handbags_wallets,property_seized_automobile,property_seized_jewelry_precious_metals_gems,property_seized_aircraft,property_seized_trucks,property_seized_clothes_furs,property_seized_farm_equipment,property_seized_office_type_equipment,property_seized_computer_hardware_software,property_seized_bicycles,property_seized_credit_debit_cards,property_seized_household_goods,property_seized_other_motor_vehicles,property_seized_tools_power_hand,property_seized_recordings_audio_visual,property_seized_structures_single_occupancy_dwellings,property_seized_mean_value_consumable_goods,property_seized_mean_value_drugs_narcotics,property_seized_mean_value_firearms,property_seized_mean_value_other,property_seized_mean_value_radios_tv_vcr_dvd_players,property_seized_mean_value_pending_inventory_of_property,property_seized_mean_value_drug_narcotic_equipment,property_seized_mean_value_gambling_equipment,property_seized_mean_value_money,property_seized_mean_value_negotiable_instruments,property_seized_mean_value_alcohol,property_seized_mean_value_vehicle_parts_accessories,property_seized_mean_value_special_category,property_seized_mean_value_nonnegotiable_instruments,property_seized_mean_value_purses_handbags_wallets,property_seized_mean_value_automobile,property_seized_mean_value_jewelry_precious_metals_gems,property_seized_mean_value_aircraft,property_seized_mean_value_trucks,property_seized_mean_value_clothes_furs,property_seized_mean_value_farm_equipment,property_seized_mean_value_office_type_equipment,property_seized_mean_value_computer_hardware_software,property_seized_mean_value_bicycles,property_seized_mean_value_credit_debit_cards,property_seized_mean_value_household_goods,property_seized_mean_value_other_motor_vehicles,property_seized_mean_value_tools_power_hand,property_seized_mean_value_recordings_audio_visual,property_seized_mean_value_structures_single_occupancy_dwellings,property_seized_median_value_consumable_goods,property_seized_median_value_drugs_narcotics,property_seized_median_value_firearms,property_seized_median_value_other,property_seized_median_value_radios_tv_vcr_dvd_players,property_seized_median_value_pending_inventory_of_property,property_seized_median_value_drug_narcotic_equipment,property_seized_median_value_gambling_equipment,property_seized_median_value_money,property_seized_median_value_negotiable_instruments,property_seized_median_value_alcohol,property_seized_median_value_vehicle_parts_accessories,property_seized_median_value_special_category,property_seized_median_value_nonnegotiable_instruments,property_seized_median_value_purses_handbags_wallets,property_seized_median_value_automobile,property_seized_median_value_jewelry_precious_metals_gems,property_seized_median_value_aircraft,property_seized_median_value_trucks,property_seized_median_value_clothes_furs,property_seized_median_value_farm_equipment,property_seized_median_value_office_type_equipment,property_seized_median_value_computer_hardware_software,property_seized_median_value_bicycles,property_seized_median_value_credit_debit_cards,property_seized_median_value_household_goods,property_seized_median_value_other_motor_vehicles,property_seized_median_value_tools_power_hand,property_seized_median_value_recordings_audio_visual,property_seized_median_value_structures_single_occupancy_dwellings,property_counterfeited_automobile,property_counterfeited_money,property_counterfeited_other,property_counterfeited_pending_inventory_of_property,property_counterfeited_clothes_furs,property_counterfeited_consumable_goods,property_counterfeited_jewelry_precious_metals_gems,property_counterfeited_office_type_equipment,property_counterfeited_radios_tv_vcr_dvd_players,property_counterfeited_negotiable_instruments,property_counterfeited_credit_debit_cards,property_counterfeited_nonnegotiable_instruments,property_counterfeited_structures_public_community,property_counterfeited_special_category,property_counterfeited_drugs_narcotics,property_counterfeited_farm_equipment,property_counterfeited_vehicle_parts_accessories,property_counterfeited_household_goods,property_counterfeited_recordings_audio_visual,property_counterfeited_tools_power_hand,property_counterfeited_alcohol,property_counterfeited_recreational_vehicles,property_counterfeited_structures_industrial_manufacturing,property_counterfeited_structures_single_occupancy_dwellings,property_counterfeited_drug_narcotic_equipment,property_counterfeited_merchandise,property_counterfeited_computer_hardware_software,property_counterfeited_firearms,property_counterfeited_mean_value_automobile,property_counterfeited_mean_value_money,property_counterfeited_mean_value_other,property_counterfeited_mean_value_pending_inventory_of_property,property_counterfeited_mean_value_clothes_furs,property_counterfeited_mean_value_consumable_goods,property_counterfeited_mean_value_jewelry_precious_metals_gems,property_counterfeited_mean_value_office_type_equipment,property_counterfeited_mean_value_radios_tv_vcr_dvd_players,property_counterfeited_mean_value_negotiable_instruments,property_counterfeited_mean_value_credit_debit_cards,property_counterfeited_mean_value_nonnegotiable_instruments,property_counterfeited_mean_value_structures_public_community,property_counterfeited_mean_value_special_category,property_counterfeited_mean_value_drugs_narcotics,property_counterfeited_mean_value_farm_equipment,property_counterfeited_mean_value_vehicle_parts_accessories,property_counterfeited_mean_value_household_goods,property_counterfeited_mean_value_recordings_audio_visual,property_counterfeited_mean_value_tools_power_hand,property_counterfeited_mean_value_alcohol,property_counterfeited_mean_value_recreational_vehicles,property_counterfeited_mean_value_structures_industrial_manufacturing,property_counterfeited_mean_value_structures_single_occupancy_dwellings,property_counterfeited_mean_value_drug_narcotic_equipment,property_counterfeited_mean_value_merchandise,property_counterfeited_mean_value_computer_hardware_software,property_counterfeited_mean_value_firearms,property_counterfeited_median_value_automobile,property_counterfeited_median_value_money,property_counterfeited_median_value_other,property_counterfeited_median_value_pending_inventory_of_property,property_counterfeited_median_value_clothes_furs,property_counterfeited_median_value_consumable_goods,property_counterfeited_median_value_jewelry_precious_metals_gems,property_counterfeited_median_value_office_type_equipment,property_counterfeited_median_value_radios_tv_vcr_dvd_players,property_counterfeited_median_value_negotiable_instruments,property_counterfeited_median_value_credit_debit_cards,property_counterfeited_median_value_nonnegotiable_instruments,property_counterfeited_median_value_structures_public_community,property_counterfeited_median_value_special_category,property_counterfeited_median_value_drugs_narcotics,property_counterfeited_median_value_farm_equipment,property_counterfeited_median_value_vehicle_parts_accessories,property_counterfeited_median_value_household_goods,property_counterfeited_median_value_recordings_audio_visual,property_counterfeited_median_value_tools_power_hand,property_counterfeited_median_value_alcohol,property_counterfeited_median_value_recreational_vehicles,property_counterfeited_median_value_structures_industrial_manufacturing,property_counterfeited_median_value_structures_single_occupancy_dwellings,property_counterfeited_median_value_drug_narcotic_equipment,property_counterfeited_median_value_merchandise,property_counterfeited_median_value_computer_hardware_software,property_counterfeited_median_value_firearms,property_burned_pending_inventory_of_property,property_burned_automobile,property_burned_other,property_burned_structures_single_occupancy_dwellings,property_burned_household_goods,property_burned_special_category,property_burned_structures_other,property_burned_structures_other_dwellings,property_burned_structures_storage,property_burned_vehicle_parts_accessories,property_burned_structures_public_community,property_burned_bicycles,property_burned_structures_other_commercial_business,property_burned_clothes_furs,property_burned_farm_equipment,property_burned_buses,property_burned_trucks,property_burned_heavy_construction_industrial_equipment,property_burned_money,property_burned_watercraft,property_burned_computer_hardware_software,property_burned_consumable_goods,property_burned_other_motor_vehicles,property_burned_recreational_vehicles,property_burned_radios_tv_vcr_dvd_players,property_burned_structures_industrial_manufacturing,property_burned_tools_power_hand,property_burned_purses_handbags_wallets,property_burned_jewelry_precious_metals_gems,property_burned_recordings_audio_visual,property_burned_credit_debit_cards,property_burned_firearms,property_burned_mean_value_pending_inventory_of_property,property_burned_mean_value_automobile,property_burned_mean_value_other,property_burned_mean_value_structures_single_occupancy_dwellings,property_burned_mean_value_household_goods,property_burned_mean_value_special_category,property_burned_mean_value_structures_other,property_burned_mean_value_structures_other_dwellings,property_burned_mean_value_structures_storage,property_burned_mean_value_vehicle_parts_accessories,property_burned_mean_value_structures_public_community,property_burned_mean_value_bicycles,property_burned_mean_value_structures_other_commercial_business,property_burned_mean_value_clothes_furs,property_burned_mean_value_farm_equipment,property_burned_mean_value_buses,property_burned_mean_value_trucks,property_burned_mean_value_heavy_construction_industrial_equipment,property_burned_mean_value_money,property_burned_mean_value_watercraft,property_burned_mean_value_computer_hardware_software,property_burned_mean_value_consumable_goods,property_burned_mean_value_other_motor_vehicles,property_burned_mean_value_recreational_vehicles,property_burned_mean_value_radios_tv_vcr_dvd_players,property_burned_mean_value_structures_industrial_manufacturing,property_burned_mean_value_tools_power_hand,property_burned_mean_value_purses_handbags_wallets,property_burned_mean_value_jewelry_precious_metals_gems,property_burned_mean_value_recordings_audio_visual,property_burned_mean_value_credit_debit_cards,property_burned_mean_value_firearms,property_burned_median_value_pending_inventory_of_property,property_burned_median_value_automobile,property_burned_median_value_other,property_burned_median_value_structures_single_occupancy_dwellings,property_burned_median_value_household_goods,property_burned_median_value_special_category,property_burned_median_value_structures_other,property_burned_median_value_structures_other_dwellings,property_burned_median_value_structures_storage,property_burned_median_value_vehicle_parts_accessories,property_burned_median_value_structures_public_community,property_burned_median_value_bicycles,property_burned_median_value_structures_other_commercial_business,property_burned_median_value_clothes_furs,property_burned_median_value_farm_equipment,property_burned_median_value_buses,property_burned_median_value_trucks,property_burned_median_value_heavy_construction_industrial_equipment,property_burned_median_value_money,property_burned_median_value_watercraft,property_burned_median_value_computer_hardware_software,property_burned_median_value_consumable_goods,property_burned_median_value_other_motor_vehicles,property_burned_median_value_recreational_vehicles,property_burned_median_value_radios_tv_vcr_dvd_players,property_burned_median_value_structures_industrial_manufacturing,property_burned_median_value_tools_power_hand,property_burned_median_value_purses_handbags_wallets,property_burned_median_value_jewelry_precious_metals_gems,property_burned_median_value_recordings_audio_visual,property_burned_median_value_credit_debit_cards,property_burned_median_value_firearms,drugs_unknown_type_drug,drugs_cocaine,drugs_marijuana,drugs_hashish,drugs_amphetamines_methamphetamines,drugs_other_hallucinogens,drugs_other_stimulants,drugs_crack_cocaine,drugs_lsd,drugs_other_narcotics,drugs_barbiturates,drugs_heroin,drugs_morphine,drugs_other_depressants,drugs_pcp,property_seized_merchandise,property_seized_watercraft,property_seized_structures_other_dwellings,property_seized_recreational_vehicles,property_seized_structures_other,property_seized_mean_value_merchandise,property_seized_mean_value_watercraft,property_seized_mean_value_structures_other_dwellings,property_seized_mean_value_recreational_vehicles,property_seized_mean_value_structures_other,property_seized_median_value_merchandise,property_seized_median_value_watercraft,property_seized_median_value_structures_other_dwellings,property_seized_median_value_recreational_vehicles,property_seized_median_value_structures_other,property_recovered_structures_other_commercial_business,property_recovered_structures_industrial_manufacturing,property_recovered_structures_single_occupancy_dwellings,property_recovered_structures_public_community,property_recovered_mean_value_structures_other_commercial_business,property_recovered_mean_value_structures_industrial_manufacturing,property_recovered_mean_value_structures_single_occupancy_dwellings,property_recovered_mean_value_structures_public_community,property_recovered_median_value_structures_other_commercial_business,property_recovered_median_value_structures_industrial_manufacturing,property_recovered_median_value_structures_single_occupancy_dwellings,property_recovered_median_value_structures_public_community,property_counterfeited_livestock,property_counterfeited_gambling_equipment,property_counterfeited_purses_handbags_wallets,property_counterfeited_mean_value_livestock,property_counterfeited_mean_value_gambling_equipment,property_counterfeited_mean_value_purses_handbags_wallets,property_counterfeited_median_value_livestock,property_counterfeited_median_value_gambling_equipment,property_counterfeited_median_value_purses_handbags_wallets,property_burned_livestock,property_burned_office_type_equipment,property_burned_gambling_equipment,property_burned_drugs_narcotics,property_burned_mean_value_livestock,property_burned_mean_value_office_type_equipment,property_burned_mean_value_gambling_equipment,property_burned_mean_value_drugs_narcotics,property_burned_median_value_livestock,property_burned_median_value_office_type_equipment,property_burned_median_value_gambling_equipment,property_burned_median_value_drugs_narcotics,drugs_opium,property_counterfeited_trucks,property_counterfeited_heavy_construction_industrial_equipment,property_counterfeited_other_motor_vehicles,property_counterfeited_mean_value_trucks,property_counterfeited_mean_value_heavy_construction_industrial_equipment,property_counterfeited_mean_value_other_motor_vehicles,property_counterfeited_median_value_trucks,property_counterfeited_median_value_heavy_construction_industrial_equipment,property_counterfeited_median_value_other_motor_vehicles,property_burned_alcohol,property_burned_merchandise,property_burned_nonnegotiable_instruments,property_burned_aircraft,property_burned_mean_value_alcohol,property_burned_mean_value_merchandise,property_burned_mean_value_nonnegotiable_instruments,property_burned_mean_value_aircraft,property_burned_median_value_alcohol,property_burned_median_value_merchandise,property_burned_median_value_nonnegotiable_instruments,property_burned_median_value_aircraft,property_seized_heavy_construction_industrial_equipment,property_seized_mean_value_heavy_construction_industrial_equipment,property_seized_median_value_heavy_construction_industrial_equipment,property_burned_drug_narcotic_equipment,property_burned_mean_value_drug_narcotic_equipment,property_burned_median_value_drug_narcotic_equipment,property_seized_buses,property_seized_mean_value_buses,property_seized_median_value_buses,property_counterfeited_structures_other_commercial_business,property_counterfeited_aircraft,property_counterfeited_mean_value_structures_other_commercial_business,property_counterfeited_mean_value_aircraft,property_counterfeited_median_value_structures_other_commercial_business,property_counterfeited_median_value_aircraft,property_burned_negotiable_instruments,property_burned_mean_value_negotiable_instruments,property_burned_median_value_negotiable_instruments,property_counterfeited_structures_other_dwellings,property_counterfeited_mean_value_structures_other_dwellings,property_counterfeited_median_value_structures_other_dwellings,property_seized_livestock,property_seized_mean_value_livestock,property_seized_median_value_livestock,property_counterfeited_bicycles,property_counterfeited_mean_value_bicycles,property_counterfeited_median_value_bicycles,property_counterfeited_buses,property_counterfeited_watercraft,property_counterfeited_structures_other,property_counterfeited_mean_value_buses,property_counterfeited_mean_value_watercraft,property_counterfeited_mean_value_structures_other,property_counterfeited_median_value_buses,property_counterfeited_median_value_watercraft,property_counterfeited_median_value_structures_other,property_seized_structures_industrial_manufacturing,property_seized_mean_value_structures_industrial_manufacturing,property_seized_median_value_structures_industrial_manufacturing,property_seized_structures_public_community,property_seized_mean_value_structures_public_community,property_seized_median_value_structures_public_community,property_seized_structures_other_commercial_business,property_seized_structures_storage,property_seized_mean_value_structures_other_commercial_business,property_seized_mean_value_structures_storage,property_seized_median_value_structures_other_commercial_business,property_seized_median_value_structures_storage,property_counterfeited_structures_storage,property_counterfeited_mean_value_structures_storage,property_counterfeited_median_value_structures_storage,property_stolen_recreational_sports_equipment,property_stolen_portible_electronic_communications,property_stolen_lawn_yard_garden_equipment,property_stolen_musical_instruments,property_stolen_building_materials,property_stolen_logging_equipment,property_stolen_pets,property_stolen_photographic_optical_equipment,property_stolen_weapons_other,property_stolen_chemicals,property_stolen_documents_personal_or_business,property_stolen_fuel,property_stolen_identity_intangible,property_stolen_identity_documents,property_stolen_metals_non_precious,property_stolen_trailers,property_stolen_aircraft_parts_accessories,property_stolen_camping_hunting_fishing_equipment_supplies,property_stolen_law_enforcement_equipment,property_stolen_firearm_accessories,property_stolen_watercraft_equipment_parts_accessories,property_stolen_medical_medical_lab_equipment,property_stolen_collections_collectibles,property_stolen_artistic_supplies_accessories,property_stolen_mean_value_recreational_sports_equipment,property_stolen_mean_value_portible_electronic_communications,property_stolen_mean_value_lawn_yard_garden_equipment,property_stolen_mean_value_musical_instruments,property_stolen_mean_value_building_materials,property_stolen_mean_value_logging_equipment,property_stolen_mean_value_pets,property_stolen_mean_value_photographic_optical_equipment,property_stolen_mean_value_weapons_other,property_stolen_mean_value_chemicals,property_stolen_mean_value_documents_personal_or_business,property_stolen_mean_value_fuel,property_stolen_mean_value_identity_intangible,property_stolen_mean_value_identity_documents,property_stolen_mean_value_metals_non_precious,property_stolen_mean_value_trailers,property_stolen_mean_value_aircraft_parts_accessories,property_stolen_mean_value_camping_hunting_fishing_equipment_supplies,property_stolen_mean_value_law_enforcement_equipment,property_stolen_mean_value_firearm_accessories,property_stolen_mean_value_watercraft_equipment_parts_accessories,property_stolen_mean_value_medical_medical_lab_equipment,property_stolen_mean_value_collections_collectibles,property_stolen_mean_value_artistic_supplies_accessories,property_stolen_median_value_recreational_sports_equipment,property_stolen_median_value_portible_electronic_communications,property_stolen_median_value_lawn_yard_garden_equipment,property_stolen_median_value_musical_instruments,property_stolen_median_value_building_materials,property_stolen_median_value_logging_equipment,property_stolen_median_value_pets,property_stolen_median_value_photographic_optical_equipment,property_stolen_median_value_weapons_other,property_stolen_median_value_chemicals,property_stolen_median_value_documents_personal_or_business,property_stolen_median_value_fuel,property_stolen_median_value_identity_intangible,property_stolen_median_value_identity_documents,property_stolen_median_value_metals_non_precious,property_stolen_median_value_trailers,property_stolen_median_value_aircraft_parts_accessories,property_stolen_median_value_camping_hunting_fishing_equipment_supplies,property_stolen_median_value_law_enforcement_equipment,property_stolen_median_value_firearm_accessories,property_stolen_median_value_watercraft_equipment_parts_accessories,property_stolen_median_value_medical_medical_lab_equipment,property_stolen_median_value_collections_collectibles,property_stolen_median_value_artistic_supplies_accessories,property_counterfeited_identity_intangible,property_counterfeited_identity_documents,property_counterfeited_documents_personal_or_business,property_counterfeited_mean_value_identity_intangible,property_counterfeited_mean_value_identity_documents,property_counterfeited_mean_value_documents_personal_or_business,property_counterfeited_median_value_identity_intangible,property_counterfeited_median_value_identity_documents,property_counterfeited_median_value_documents_personal_or_business,property_destroyed_building_materials,property_destroyed_metals_non_precious,property_destroyed_photographic_optical_equipment,property_destroyed_mean_value_building_materials,property_destroyed_mean_value_metals_non_precious,property_destroyed_mean_value_photographic_optical_equipment,property_destroyed_median_value_building_materials,property_destroyed_median_value_metals_non_precious,property_destroyed_median_value_photographic_optical_equipment,property_seized_identity_intangible,property_seized_photographic_optical_equipment,property_seized_weapons_other,property_seized_mean_value_identity_intangible,property_seized_mean_value_photographic_optical_equipment,property_seized_mean_value_weapons_other,property_seized_median_value_identity_intangible,property_seized_median_value_photographic_optical_equipment,property_seized_median_value_weapons_other,property_recovered_recreational_sports_equipment,property_recovered_documents_personal_or_business,property_recovered_identity_documents,property_recovered_logging_equipment,property_recovered_metals_non_precious,property_recovered_pets,property_recovered_photographic_optical_equipment,property_recovered_building_materials,property_recovered_musical_instruments,property_recovered_camping_hunting_fishing_equipment_supplies,property_recovered_fuel,property_recovered_identity_intangible,property_recovered_weapons_other,property_recovered_trailers,property_recovered_collections_collectibles,property_recovered_mean_value_recreational_sports_equipment,property_recovered_mean_value_documents_personal_or_business,property_recovered_mean_value_identity_documents,property_recovered_mean_value_logging_equipment,property_recovered_mean_value_metals_non_precious,property_recovered_mean_value_pets,property_recovered_mean_value_photographic_optical_equipment,property_recovered_mean_value_building_materials,property_recovered_mean_value_musical_instruments,property_recovered_mean_value_camping_hunting_fishing_equipment_supplies,property_recovered_mean_value_fuel,property_recovered_mean_value_identity_intangible,property_recovered_mean_value_weapons_other,property_recovered_mean_value_trailers,property_recovered_mean_value_collections_collectibles,property_recovered_median_value_recreational_sports_equipment,property_recovered_median_value_documents_personal_or_business,property_recovered_median_value_identity_documents,property_recovered_median_value_logging_equipment,property_recovered_median_value_metals_non_precious,property_recovered_median_value_pets,property_recovered_median_value_photographic_optical_equipment,property_recovered_median_value_building_materials,property_recovered_median_value_musical_instruments,property_recovered_median_value_camping_hunting_fishing_equipment_supplies,property_recovered_median_value_fuel,property_recovered_median_value_identity_intangible,property_recovered_median_value_weapons_other,property_recovered_median_value_trailers,property_recovered_median_value_collections_collectibles,property_burned_recreational_sports_equipment,property_burned_mean_value_recreational_sports_equipment,property_burned_median_value_recreational_sports_equipment,property_stolen_crops,property_stolen_explosives,property_stolen_mean_value_crops,property_stolen_mean_value_explosives,property_stolen_median_value_crops,property_stolen_median_value_explosives,property_destroyed_lawn_yard_garden_equipment,property_destroyed_medical_medical_lab_equipment,property_destroyed_portible_electronic_communications,property_destroyed_trailers,property_destroyed_law_enforcement_equipment,property_destroyed_recreational_sports_equipment,property_destroyed_artistic_supplies_accessories,property_destroyed_collections_collectibles,property_destroyed_watercraft_equipment_parts_accessories,property_destroyed_crops,property_destroyed_camping_hunting_fishing_equipment_supplies,property_destroyed_musical_instruments,property_destroyed_identity_documents,property_destroyed_pets,property_destroyed_weapons_other,property_destroyed_chemicals,property_destroyed_firearm_accessories,property_destroyed_fuel,property_destroyed_aircraft_parts_accessories,property_destroyed_logging_equipment,property_destroyed_documents_personal_or_business,property_destroyed_mean_value_lawn_yard_garden_equipment,property_destroyed_mean_value_medical_medical_lab_equipment,property_destroyed_mean_value_portible_electronic_communications,property_destroyed_mean_value_trailers,property_destroyed_mean_value_law_enforcement_equipment,property_destroyed_mean_value_recreational_sports_equipment,property_destroyed_mean_value_artistic_supplies_accessories,property_destroyed_mean_value_collections_collectibles,property_destroyed_mean_value_watercraft_equipment_parts_accessories,property_destroyed_mean_value_crops,property_destroyed_mean_value_camping_hunting_fishing_equipment_supplies,property_destroyed_mean_value_musical_instruments,property_destroyed_mean_value_identity_documents,property_destroyed_mean_value_pets,property_destroyed_mean_value_weapons_other,property_destroyed_mean_value_chemicals,property_destroyed_mean_value_firearm_accessories,property_destroyed_mean_value_fuel,property_destroyed_mean_value_aircraft_parts_accessories,property_destroyed_mean_value_logging_equipment,property_destroyed_mean_value_documents_personal_or_business,property_destroyed_median_value_lawn_yard_garden_equipment,property_destroyed_median_value_medical_medical_lab_equipment,property_destroyed_median_value_portible_electronic_communications,property_destroyed_median_value_trailers,property_destroyed_median_value_law_enforcement_equipment,property_destroyed_median_value_recreational_sports_equipment,property_destroyed_median_value_artistic_supplies_accessories,property_destroyed_median_value_collections_collectibles,property_destroyed_median_value_watercraft_equipment_parts_accessories,property_destroyed_median_value_crops,property_destroyed_median_value_camping_hunting_fishing_equipment_supplies,property_destroyed_median_value_musical_instruments,property_destroyed_median_value_identity_documents,property_destroyed_median_value_pets,property_destroyed_median_value_weapons_other,property_destroyed_median_value_chemicals,property_destroyed_median_value_firearm_accessories,property_destroyed_median_value_fuel,property_destroyed_median_value_aircraft_parts_accessories,property_destroyed_median_value_logging_equipment,property_destroyed_median_value_documents_personal_or_business,property_seized_chemicals,property_seized_documents_personal_or_business,property_seized_identity_documents,property_seized_recreational_sports_equipment,property_seized_portible_electronic_communications,property_seized_explosives,property_seized_firearm_accessories,property_seized_law_enforcement_equipment,property_seized_collections_collectibles,property_seized_trailers,property_seized_mean_value_chemicals,property_seized_mean_value_documents_personal_or_business,property_seized_mean_value_identity_documents,property_seized_mean_value_recreational_sports_equipment,property_seized_mean_value_portible_electronic_communications,property_seized_mean_value_explosives,property_seized_mean_value_firearm_accessories,property_seized_mean_value_law_enforcement_equipment,property_seized_mean_value_collections_collectibles,property_seized_mean_value_trailers,property_seized_median_value_chemicals,property_seized_median_value_documents_personal_or_business,property_seized_median_value_identity_documents,property_seized_median_value_recreational_sports_equipment,property_seized_median_value_portible_electronic_communications,property_seized_median_value_explosives,property_seized_median_value_firearm_accessories,property_seized_median_value_law_enforcement_equipment,property_seized_median_value_collections_collectibles,property_seized_median_value_trailers,property_counterfeited_collections_collectibles,property_counterfeited_medical_medical_lab_equipment,property_counterfeited_fuel,property_counterfeited_mean_value_collections_collectibles,property_counterfeited_mean_value_medical_medical_lab_equipment,property_counterfeited_mean_value_fuel,property_counterfeited_median_value_collections_collectibles,property_counterfeited_median_value_medical_medical_lab_equipment,property_counterfeited_median_value_fuel,property_recovered_chemicals,property_recovered_crops,property_recovered_portible_electronic_communications,property_recovered_explosives,property_recovered_lawn_yard_garden_equipment,property_recovered_firearm_accessories,property_recovered_law_enforcement_equipment,property_recovered_medical_medical_lab_equipment,property_recovered_artistic_supplies_accessories,property_recovered_watercraft_equipment_parts_accessories,property_recovered_aircraft_parts_accessories,property_recovered_mean_value_chemicals,property_recovered_mean_value_crops,property_recovered_mean_value_portible_electronic_communications,property_recovered_mean_value_explosives,property_recovered_mean_value_lawn_yard_garden_equipment,property_recovered_mean_value_firearm_accessories,property_recovered_mean_value_law_enforcement_equipment,property_recovered_mean_value_medical_medical_lab_equipment,property_recovered_mean_value_artistic_supplies_accessories,property_recovered_mean_value_watercraft_equipment_parts_accessories,property_recovered_mean_value_aircraft_parts_accessories,property_recovered_median_value_chemicals,property_recovered_median_value_crops,property_recovered_median_value_portible_electronic_communications,property_recovered_median_value_explosives,property_recovered_median_value_lawn_yard_garden_equipment,property_recovered_median_value_firearm_accessories,property_recovered_median_value_law_enforcement_equipment,property_recovered_median_value_medical_medical_lab_equipment,property_recovered_median_value_artistic_supplies_accessories,property_recovered_median_value_watercraft_equipment_parts_accessories,property_recovered_median_value_aircraft_parts_accessories,property_burned_building_materials,property_burned_crops,property_burned_lawn_yard_garden_equipment,property_burned_metals_non_precious,property_burned_camping_hunting_fishing_equipment_supplies,property_burned_photographic_optical_equipment,property_burned_trailers,property_burned_pets,property_burned_mean_value_building_materials,property_burned_mean_value_crops,property_burned_mean_value_lawn_yard_garden_equipment,property_burned_mean_value_metals_non_precious,property_burned_mean_value_camping_hunting_fishing_equipment_supplies,property_burned_mean_value_photographic_optical_equipment,property_burned_mean_value_trailers,property_burned_mean_value_pets,property_burned_median_value_building_materials,property_burned_median_value_crops,property_burned_median_value_lawn_yard_garden_equipment,property_burned_median_value_metals_non_precious,property_burned_median_value_camping_hunting_fishing_equipment_supplies,property_burned_median_value_photographic_optical_equipment,property_burned_median_value_trailers,property_burned_median_value_pets,property_counterfeited_crops,property_counterfeited_metals_non_precious,property_counterfeited_logging_equipment,property_counterfeited_photographic_optical_equipment,property_counterfeited_recreational_sports_equipment,property_counterfeited_trailers,property_counterfeited_musical_instruments,property_counterfeited_portible_electronic_communications,property_counterfeited_artistic_supplies_accessories,property_counterfeited_mean_value_crops,property_counterfeited_mean_value_metals_non_precious,property_counterfeited_mean_value_logging_equipment,property_counterfeited_mean_value_photographic_optical_equipment,property_counterfeited_mean_value_recreational_sports_equipment,property_counterfeited_mean_value_trailers,property_counterfeited_mean_value_musical_instruments,property_counterfeited_mean_value_portible_electronic_communications,property_counterfeited_mean_value_artistic_supplies_accessories,property_counterfeited_median_value_crops,property_counterfeited_median_value_metals_non_precious,property_counterfeited_median_value_logging_equipment,property_counterfeited_median_value_photographic_optical_equipment,property_counterfeited_median_value_recreational_sports_equipment,property_counterfeited_median_value_trailers,property_counterfeited_median_value_musical_instruments,property_counterfeited_median_value_portible_electronic_communications,property_counterfeited_median_value_artistic_supplies_accessories,property_destroyed_identity_intangible,property_destroyed_explosives,property_destroyed_mean_value_identity_intangible,property_destroyed_mean_value_explosives,property_destroyed_median_value_identity_intangible,property_destroyed_median_value_explosives,property_seized_camping_hunting_fishing_equipment_supplies,property_seized_lawn_yard_garden_equipment,property_seized_fuel,property_seized_medical_medical_lab_equipment,property_seized_artistic_supplies_accessories,property_seized_metals_non_precious,property_seized_musical_instruments,property_seized_watercraft_equipment_parts_accessories,property_seized_mean_value_camping_hunting_fishing_equipment_supplies,property_seized_mean_value_lawn_yard_garden_equipment,property_seized_mean_value_fuel,property_seized_mean_value_medical_medical_lab_equipment,property_seized_mean_value_artistic_supplies_accessories,property_seized_mean_value_metals_non_precious,property_seized_mean_value_musical_instruments,property_seized_mean_value_watercraft_equipment_parts_accessories,property_seized_median_value_camping_hunting_fishing_equipment_supplies,property_seized_median_value_lawn_yard_garden_equipment,property_seized_median_value_fuel,property_seized_median_value_medical_medical_lab_equipment,property_seized_median_value_artistic_supplies_accessories,property_seized_median_value_metals_non_precious,property_seized_median_value_musical_instruments,property_seized_median_value_watercraft_equipment_parts_accessories,property_burned_fuel,property_burned_explosives,property_burned_collections_collectibles,property_burned_logging_equipment,property_burned_medical_medical_lab_equipment,property_burned_identity_documents,property_burned_musical_instruments,property_burned_firearm_accessories,property_burned_weapons_other,property_burned_documents_personal_or_business,property_burned_artistic_supplies_accessories,property_burned_mean_value_fuel,property_burned_mean_value_explosives,property_burned_mean_value_collections_collectibles,property_burned_mean_value_logging_equipment,property_burned_mean_value_medical_medical_lab_equipment,property_burned_mean_value_identity_documents,property_burned_mean_value_musical_instruments,property_burned_mean_value_firearm_accessories,property_burned_mean_value_weapons_other,property_burned_mean_value_documents_personal_or_business,property_burned_mean_value_artistic_supplies_accessories,property_burned_median_value_fuel,property_burned_median_value_explosives,property_burned_median_value_collections_collectibles,property_burned_median_value_logging_equipment,property_burned_median_value_medical_medical_lab_equipment,property_burned_median_value_identity_documents,property_burned_median_value_musical_instruments,property_burned_median_value_firearm_accessories,property_burned_median_value_weapons_other,property_burned_median_value_documents_personal_or_business,property_burned_median_value_artistic_supplies_accessories,property_seized_pets,property_seized_crops,property_seized_building_materials,property_seized_mean_value_pets,property_seized_mean_value_crops,property_seized_mean_value_building_materials,property_seized_median_value_pets,property_seized_median_value_crops,property_seized_median_value_building_materials,property_counterfeited_aircraft_parts_accessories,property_counterfeited_lawn_yard_garden_equipment,property_counterfeited_chemicals,property_counterfeited_mean_value_aircraft_parts_accessories,property_counterfeited_mean_value_lawn_yard_garden_equipment,property_counterfeited_mean_value_chemicals,property_counterfeited_median_value_aircraft_parts_accessories,property_counterfeited_median_value_lawn_yard_garden_equipment,property_counterfeited_median_value_chemicals,property_burned_portible_electronic_communications,property_burned_chemicals,property_burned_watercraft_equipment_parts_accessories,property_burned_mean_value_portible_electronic_communications,property_burned_mean_value_chemicals,property_burned_mean_value_watercraft_equipment_parts_accessories,property_burned_median_value_portible_electronic_communications,property_burned_median_value_chemicals,property_burned_median_value_watercraft_equipment_parts_accessories,property_seized_aircraft_parts_accessories,property_seized_logging_equipment,property_seized_mean_value_aircraft_parts_accessories,property_seized_mean_value_logging_equipment,property_seized_median_value_aircraft_parts_accessories,property_seized_median_value_logging_equipment,property_counterfeited_building_materials,property_counterfeited_explosives,property_counterfeited_weapons_other,property_counterfeited_camping_hunting_fishing_equipment_supplies,property_counterfeited_law_enforcement_equipment,property_counterfeited_mean_value_building_materials,property_counterfeited_mean_value_explosives,property_counterfeited_mean_value_weapons_other,property_counterfeited_mean_value_camping_hunting_fishing_equipment_supplies,property_counterfeited_mean_value_law_enforcement_equipment,property_counterfeited_median_value_building_materials,property_counterfeited_median_value_explosives,property_counterfeited_median_value_weapons_other,property_counterfeited_median_value_camping_hunting_fishing_equipment_supplies,property_counterfeited_median_value_law_enforcement_equipment,property_counterfeited_firearm_accessories,property_counterfeited_mean_value_firearm_accessories,property_counterfeited_median_value_firearm_accessories,property_burned_law_enforcement_equipment,property_burned_mean_value_law_enforcement_equipment,property_burned_median_value_law_enforcement_equipment,property_counterfeited_watercraft_equipment_parts_accessories,property_counterfeited_mean_value_watercraft_equipment_parts_accessories,property_counterfeited_median_value_watercraft_equipment_parts_accessories,property_burned_identity_intangible,property_burned_mean_value_identity_intangible,property_burned_median_value_identity_intangible,property_counterfeited_pets,property_counterfeited_mean_value_pets,property_counterfeited_median_value_pets,property_burned_aircraft_parts_accessories,property_burned_mean_value_aircraft_parts_accessories,property_burned_median_value_aircraft_parts_accessories
KS0700100,2001,Osage City Police Department,Kansas,3041,2,2,7,0,3,2,0,9,3,31,0,6,0,0,0,3,7,0,9,0,4,1,3,6,8,0,0,0,0,0,0,0,0,0,0,0,0,0,0,0,0,0,6883,138,142,0,3642,473,0,152,77,718,0,1162,0,0,0,1065,499,0,229,0,0,465,0,39,567,0,0,0,0,0,0,0,0,0,0,0,0,0,0,0,0,0,6883,138,36,0,344,473,0,172,69,86,0,430,0,0,0,843,430,0,172,0,0,465,0,34,258,0,0,0,0,0,0,0,0,0,0,0,0,0,0,0,0,0,14,0,0,1,1,0,2,16,0,0,1,0,0,2,0,0,1,0,1,1,0,0,0,0,1,2,0,0,0,0,0,0,0,0,0,0,0,0,0,0,0,0,533,0,0,344,34,0,129,1301,0,0,60,0,0,129,0,0,172,0,0,0,0,0,0,0,17,637,0,0,0,0,0,0,0,0,0,0,0,0,0,0,0,0,258,0,0,344,34,0,129,86,0,0,60,0,0,129,0,0,172,0,0,0,0,0,0,0,17,637,0,0,0,0,0,0,0,0,0,0,0,0,0,0,0,0,0,1,0,0,0,1,0,0,1,0,0,0,0,0,0,1,0,1,0,0,0,0,0,0,0,0,0,0,0,0,0,0,0,0,0,0,0,0,0,138,0,0,0,688,0,0,2581,0,0,0,0,0,0,129,0,189,0,0,0,0,0,0,0,0,0,0,0,0,0,0,0,0,0,0,0,0,0,138,0,0,0,688,0,0,2581,0,0,0,0,0,0,129,0,189,0,0,0,0,0,0,0,0,0,0,0,0,0,0,0,0,0,0,0,0,0,8,0,0,0,0,8,0,0,0,0,0,0,0,0,0,0,0,0,0,0,0,0,0,0,0,0,0,0,0,0,0,0,0,0,0,0,0,0,0,0,0,0,0,0,0,0,0,0,0,0,0,0,0,0,0,0,0,0,0,0,0,0,0,0,0,0,0,0,0,0,0,0,0,0,0,0,0,0,0,0,0,0,0,0,0,0,0,0,0,0,0,1,0,0,0,0,0,0,0,0,0,,0,0,0,0,0,0,0,0,0,,0,0,0,0,0,0,0,310,0,0,0,0,0,0,0,0,0,,0,0,0,0,0,0,0,0,0,,0,0,0,0,0,0,0,310,0,0,0,0,0,0,0,0,0,,0,0,0,0,0,0,0,0,0,,0,0,0,0,0,0,1,2,0,0,0,0,1,0,0,0,0,0,0,0,0,0,0,0,0,0,0,0,0,0,0,0,0,0,0,0,0,0,55067,33180,0,0,0,0,68833,0,0,0,0,0,0,0,0,0,0,0,0,0,0,0,0,0,0,0,0,0,0,0,0,0,55067,33180,0,0,0,0,68833,0,0,0,0,0,0,0,0,0,0,0,0,0,0,0,0,0,0,0,0,0,0,0,0,0,0,7,0,1,0,0,0,0,1,0,0,0,0,0,0,0,0,0,0,0,0,0,0,0,0,0,0,0,0,0,0,0,0,0,0,0,0,0,0,0,0,0,0,0,0,0,0,0,0,0,0,0,,0,0,0,,0,0,0,,0,0,0,0,0,0,0,0,0,0,0,0,0,0,0,0,0,0,0,0,0,0,0,0,0,0,,,,0,0,0,0,0,0,0,0,0,0,0,0,0,0,0,0,0,0,0,0,0,,0,0,,0,0,,0,0,,,,,,,0,0,0,0,0,0,,,,,,,,,,,,,,,,,,,,,,,,,,,,,,,,,,,,,,,,,,,,,,,,,,,,,,,,,,,,,,,,,,,,,,,,,,,,,,,,,,,,,,,,,,,,,,,,,,,,,,,,,,,,,,,,,,,,,,,,,,,,,,,,,,,,,,,,,,,,,,,,,,,,,,,,,,,,,,,,,,,,,,,,,,,,,,,,,,,,,,,,,,,,,,,,,,,,,,,,,,,,,,,,,,,,,,,,,,,,,,,,,,,,,,,,,,,,,,,,,,,,,,,,,,,,,,,,,,,,,,,,,,,,,,,,,,,,,,,,,,,,,,,,,,,,,,,,,,,,,,,,,,,,,,,,,,,,,,,,,,,,,,,,,,,,,,,,,,,,,,,,,,,,,,,,,,,,,,,,,,,,,,,,,,,,,,,,,,,,,,,,,,,,,,,,,,,,,,,,,,,,,,,,,,,,,,,,,,,,,,,,,,,,,,,,,,,,,,,,,,,,,,,,,,,,,,,,,,,,,,,,,,,,,,,
KS0700100,2002,Osage City Police Department,Kansas,3065,2,2,6,2,2,5,0,12,1,30,0,10,2,0,0,4,12,0,4,2,0,0,1,1,14,0,0,0,0,0,0,0,0,0,0,0,0,0,0,0,0,0,12705,55,46,280,427,88,0,640,508,265,0,483,44,0,0,140,321,0,344,551,0,0,0,0,485,0,0,0,0,0,0,0,0,0,0,0,0,0,0,0,0,0,12705,55,46,280,427,85,0,169,508,85,0,364,44,0,0,148,324,0,136,551,0,0,0,0,168,0,0,0,0,0,0,0,0,0,0,0,0,0,0,0,0,0,16,0,0,1,0,0,0,23,2,0,0,0,0,3,0,0,4,0,1,0,0,0,0,0,0,0,0,0,0,0,2,0,0,0,0,0,0,0,0,0,0,0,1376,0,0,0,0,0,0,113,0,0,0,0,0,356,0,0,1948,0,847,0,0,0,0,0,0,0,0,0,0,0,1186,0,0,0,0,0,0,0,0,0,0,0,856,0,0,0,0,0,0,17,0,0,0,0,0,34,0,0,1948,0,847,0,0,0,0,0,0,0,0,0,0,0,1186,0,0,0,0,0,0,0,0,0,0,0,0,1,0,0,0,1,0,0,0,0,0,0,0,0,0,0,0,0,0,0,0,0,0,0,0,1,0,0,0,0,0,0,0,0,0,0,0,0,0,85,0,0,0,0,0,0,0,0,0,0,0,0,0,0,0,0,0,0,0,0,0,0,0,0,0,0,0,0,0,0,0,0,0,0,0,0,0,85,0,0,0,0,0,0,0,0,0,0,0,0,0,0,0,0,0,0,0,0,0,0,0,0,0,0,0,0,0,0,0,0,0,0,0,0,0,7,0,0,0,0,6,0,0,0,0,0,0,0,0,0,0,0,0,0,0,0,0,0,0,0,0,0,0,0,0,0,0,0,0,0,0,0,0,0,0,0,0,0,0,0,0,0,0,0,0,0,0,0,0,0,0,0,0,0,0,0,0,0,0,0,0,0,0,0,0,0,0,0,0,0,0,0,0,0,0,0,0,0,0,0,0,0,0,0,0,2,0,0,0,0,0,0,0,0,0,0,0,0,0,0,0,0,0,0,0,0,,0,0,0,0,0,0,361,0,0,0,0,0,0,0,0,0,0,0,0,0,0,0,0,0,0,0,0,,0,0,0,0,0,0,361,0,0,0,0,0,0,0,0,0,0,0,0,0,0,0,0,0,0,0,0,,0,0,0,0,0,0,1,1,0,0,0,1,0,1,0,0,0,0,0,0,0,0,0,0,0,0,0,0,0,0,0,0,0,,0,0,0,0,68,0,0,0,0,16940,0,40655,0,0,0,0,0,0,0,0,0,0,0,0,0,0,0,0,0,0,0,,0,0,0,0,68,0,0,0,0,16940,0,40655,0,0,0,0,0,0,0,0,0,0,0,0,0,0,0,0,0,0,0,,0,0,0,0,0,4,0,4,0,0,0,0,0,0,0,0,0,0,0,0,0,0,0,0,0,0,0,0,0,0,0,0,0,0,0,0,0,0,0,0,0,0,0,0,0,0,0,0,0,0,0,0,0,0,0,0,,0,0,0,,0,0,0,,0,0,0,0,0,0,0,0,0,0,0,0,0,0,0,0,0,0,0,0,0,0,0,0,0,0,,,,0,0,0,0,0,0,0,0,0,0,0,0,0,0,0,0,0,0,0,0,0,,,0,,,0,,,0,0,0,0,,,,0,0,0,0,0,0,0,0,0,,,,,,,,,,,,,,,,,,,,,,,,,,,,,,,,,,,,,,,,,,,,,,,,,,,,,,,,,,,,,,,,,,,,,,,,,,,,,,,,,,,,,,,,,,,,,,,,,,,,,,,,,,,,,,,,,,,,,,,,,,,,,,,,,,,,,,,,,,,,,,,,,,,,,,,,,,,,,,,,,,,,,,,,,,,,,,,,,,,,,,,,,,,,,,,,,,,,,,,,,,,,,,,,,,,,,,,,,,,,,,,,,,,,,,,,,,,,,,,,,,,,,,,,,,,,,,,,,,,,,,,,,,,,,,,,,,,,,,,,,,,,,,,,,,,,,,,,,,,,,,,,,,,,,,,,,,,,,,,,,,,,,,,,,,,,,,,,,,,,,,,,,,,,,,,,,,,,,,,,,,,,,,,,,,,,,,,,,,,,,,,,,,,,,,,,,,,,,,,,,,,,,,,,,,,,,,,,,,,,,,,,,,,,,,,,,,,,,,,,,,,,,,,,,,,,,,,,,,,,,,,,,,,,
KS0700100,2003,Osage City Police Department,Kansas,3035,2,1,3,0,1,0,0,15,0,18,0,7,0,0,0,2,11,0,1,0,1,0,0,1,2,0,0,0,0,0,0,0,0,2,0,0,0,0,0,0,0,0,48386,0,17,0,1905,0,0,237,0,147,0,159,0,0,0,1154,131,0,25,0,0,0,0,8,81,0,0,0,0,0,0,0,0,248,0,0,0,0,0,0,0,0,48386,0,17,0,1905,0,0,133,0,20,0,166,0,0,0,1154,166,0,25,0,0,0,0,8,81,0,0,0,0,0,0,0,0,248,0,0,0,0,0,0,0,0,17,0,0,2,0,0,1,19,0,0,0,0,0,0,0,0,5,0,0,0,0,0,0,0,2,0,0,0,0,0,2,0,0,0,0,0,0,0,0,0,0,0,1427,0,0,2567,0,0,0,52,0,0,0,0,0,0,0,0,248,0,0,0,0,0,0,0,3,0,0,0,0,0,0,0,0,0,0,0,0,0,0,0,0,0,580,0,0,2567,0,0,0,0,0,0,0,0,0,0,0,0,248,0,0,0,0,0,0,0,3,0,0,0,0,0,0,0,0,0,0,0,0,0,0,0,0,0,0,0,0,0,0,0,0,0,1,0,0,0,0,0,0,0,0,0,0,0,0,0,0,0,0,0,0,0,0,0,0,0,1,0,0,0,0,0,0,0,0,0,0,0,0,0,195,0,0,0,0,0,0,0,0,0,0,0,0,0,0,0,0,0,0,0,0,0,0,0,0,0,0,0,0,0,0,0,0,0,0,0,0,0,195,0,0,0,0,0,0,0,0,0,0,0,0,0,0,0,0,0,0,0,0,0,0,0,0,0,0,0,0,0,0,4,0,0,0,0,4,0,0,0,0,0,0,0,0,0,0,0,0,0,0,0,0,0,0,0,0,0,0,0,0,0,0,0,0,0,17,0,0,0,0,0,0,0,0,0,0,0,0,0,0,0,0,0,0,0,0,0,0,0,0,0,0,0,0,0,17,0,0,0,0,0,0,0,0,0,0,0,0,0,0,0,0,0,0,0,0,0,0,0,0,0,0,0,0,0,0,0,0,0,0,0,0,0,0,0,0,0,0,0,0,0,0,0,0,0,0,0,0,0,0,0,0,0,0,0,0,0,0,0,0,0,0,0,0,0,0,0,0,0,0,0,0,0,0,0,0,0,0,0,0,0,0,0,0,0,0,0,0,0,0,0,0,0,0,0,0,0,0,0,0,0,0,0,0,0,0,0,0,0,0,0,0,0,0,0,0,0,0,0,0,0,0,0,0,0,0,0,0,0,0,0,0,0,,0,0,0,0,0,0,0,0,0,0,0,0,0,0,0,0,0,0,0,0,0,0,0,0,0,0,0,0,0,0,0,,0,0,0,0,0,0,0,0,0,0,0,0,0,0,0,0,0,0,0,0,0,0,0,0,0,0,0,0,0,0,0,,0,0,0,4,0,1,0,0,0,0,0,0,0,0,0,0,0,0,0,0,0,0,0,0,0,0,0,0,0,0,0,0,0,0,0,0,0,0,0,0,0,0,0,0,0,0,0,0,0,0,0,0,0,0,0,0,0,0,0,0,0,0,0,0,0,,0,0,,0,0,,0,0,0,0,0,0,0,0,0,0,0,0,0,0,0,0,0,,,,0,0,0,0,0,0,0,0,0,0,0,0,0,0,0,0,0,0,0,0,0,0,0,0,0,0,0,0,0,0,0,0,0,,,,0,0,0,0,0,0,,,,,,,,,,,,,,,,,,,,,,,,,,,,,,,,,,,,,,,,,,,,,,,,,,,,,,,,,,,,,,,,,,,,,,,,,,,,,,,,,,,,,,,,,,,,,,,,,,,,,,,,,,,,,,,,,,,,,,,,,,,,,,,,,,,,,,,,,,,,,,,,,,,,,,,,,,,,,,,,,,,,,,,,,,,,,,,,,,,,,,,,,,,,,,,,,,,,,,,,,,,,,,,,,,,,,,,,,,,,,,,,,,,,,,,,,,,,,,,,,,,,,,,,,,,,,,,,,,,,,,,,,,,,,,,,,,,,,,,,,,,,,,,,,,,,,,,,,,,,,,,,,,,,,,,,,,,,,,,,,,,,,,,,,,,,,,,,,,,,,,,,,,,,,,,,,,,,,,,,,,,,,,,,,,,,,,,,,,,,,,,,,,,,,,,,,,,,,,,,,,,,,,,,,,,,,,,,,,,,,,,,,,,,,,,,,,,,,,,,,,,,,,,,,,,,,,,,,,,,,,,,,,,,,,,
KS0700100,2004,Osage City Police Department,Kansas,2967,0,1,1,0,2,2,2,4,1,13,0,4,1,0,0,2,6,0,2,1,0,1,1,2,2,0,1,0,1,0,0,0,0,1,0,0,0,0,0,0,0,0,0,105,26,0,81,1250,16,348,323,494,0,236,0,0,0,3345,166,0,222,1936,0,0,0,8,145,0,161,0,40329,0,0,0,0,126,0,0,0,0,0,0,0,0,0,105,26,0,81,1250,16,183,323,65,0,141,0,0,0,3345,121,0,222,1936,0,0,0,8,145,0,161,0,40329,0,0,0,0,126,0,0,0,0,0,0,0,0,4,0,0,0,0,0,0,9,1,0,0,0,0,5,1,0,0,1,0,0,0,0,0,2,1,3,0,0,0,0,0,0,0,0,0,0,0,0,0,0,0,0,537,0,0,0,0,0,0,229,161,0,0,0,0,264,242,0,0,726,0,0,0,0,0,65,16,148,0,0,0,0,0,0,0,0,0,0,0,0,0,0,0,0,484,0,0,0,0,0,0,161,161,0,0,0,0,161,242,0,0,726,0,0,0,0,0,65,16,81,0,0,0,0,0,0,0,0,0,0,0,0,0,0,0,0,0,0,0,0,0,0,0,0,0,0,0,0,0,0,0,1,0,0,0,0,0,0,0,0,0,0,0,0,1,0,0,0,0,0,0,0,0,0,0,0,0,0,0,0,0,0,0,0,0,0,0,0,0,363,0,0,0,0,0,0,0,0,0,0,0,0,40329,0,0,0,0,0,0,0,0,0,0,0,0,0,0,0,0,0,0,0,0,0,0,0,0,363,0,0,0,0,0,0,0,0,0,0,0,0,40329,0,0,0,0,0,0,0,0,0,0,3,0,0,0,0,3,0,0,0,0,0,0,0,0,0,0,0,0,0,0,0,0,0,0,0,0,0,0,0,0,0,0,0,0,0,16,0,0,0,0,0,0,0,0,0,0,0,0,0,0,0,0,0,0,0,0,0,0,0,0,0,0,0,0,0,8,0,0,0,0,0,0,0,0,0,0,0,0,0,0,0,0,0,0,0,0,0,0,0,0,0,0,0,0,0,0,0,0,0,0,0,0,0,0,0,0,0,0,0,0,0,0,0,0,0,0,0,0,0,0,0,0,0,0,0,0,0,0,0,0,0,0,0,0,0,0,0,0,0,0,0,0,0,0,0,0,0,0,0,0,0,0,0,0,0,0,0,0,0,0,0,0,0,0,0,0,0,0,0,0,0,0,0,0,0,0,0,0,0,0,0,0,0,0,0,0,0,0,0,0,0,0,0,0,0,0,0,0,0,0,0,0,0,,0,0,0,0,0,0,0,0,0,0,0,0,0,0,0,0,0,0,0,0,0,0,0,0,0,0,0,0,0,0,0,,0,0,0,0,0,0,0,0,0,0,0,0,0,0,0,0,0,0,0,0,0,0,0,0,0,0,0,0,0,0,0,,0,0,0,3,0,1,0,0,0,0,0,0,0,0,0,0,0,0,0,0,0,0,0,0,0,0,0,0,0,0,0,0,0,0,0,0,0,0,0,0,0,0,0,0,0,0,0,0,0,0,0,0,0,0,,0,0,0,,0,0,0,,0,0,0,0,0,0,0,0,0,0,0,0,0,0,0,0,0,0,0,0,0,0,0,0,0,0,0,0,0,0,0,0,,0,,0,,0,0,0,0,0,0,0,0,0,0,0,0,0,,0,0,,0,0,,0,0,0,0,0,,,,,0,,0,,0,,,,,,,,,,,,,,,,,,,,,,,,,,,,,,,,,,,,,,,,,,,,,,,,,,,,,,,,,,,,,,,,,,,,,,,,,,,,,,,,,,,,,,,,,,,,,,,,,,,,,,,,,,,,,,,,,,,,,,,,,,,,,,,,,,,,,,,,,,,,,,,,,,,,,,,,,,,,,,,,,,,,,,,,,,,,,,,,,,,,,,,,,,,,,,,,,,,,,,,,,,,,,,,,,,,,,,,,,,,,,,,,,,,,,,,,,,,,,,,,,,,,,,,,,,,,,,,,,,,,,,,,,,,,,,,,,,,,,,,,,,,,,,,,,,,,,,,,,,,,,,,,,,,,,,,,,,,,,,,,,,,,,,,,,,,,,,,,,,,,,,,,,,,,,,,,,,,,,,,,,,,,,,,,,,,,,,,,,,,,,,,,,,,,,,,,,,,,,,,,,,,,,,,,,,,,,,,,,,,,,,,,,,,,,,,,,,,,,,,,,,,,,,,,,,,,,,,,,,,,,,,,,,,,,,,
KS0700100,2005,Osage City Police Department,Kansas,3002,6,0,9,2,2,2,0,12,1,21,0,5,0,0,0,3,6,0,2,2,2,3,2,8,2,0,4,0,1,0,0,0,0,0,0,0,0,0,0,0,0,0,15212,0,182,819,259,3344,0,1370,23,603,0,1545,0,0,0,1727,126,0,148,2964,0,62,0,52,1209,0,55,0,12482,0,0,0,0,0,0,0,0,0,0,0,0,0,12482,0,48,819,259,3344,0,215,23,92,0,1248,0,0,0,1872,78,0,148,2964,0,62,0,59,1209,0,27,0,12482,0,0,0,0,0,0,0,0,0,0,0,0,0,12,0,1,0,0,0,0,8,0,0,0,0,0,6,1,0,4,0,3,0,0,0,0,1,9,0,0,0,0,0,1,0,0,0,0,0,0,0,0,0,0,0,1011,0,234,0,0,0,0,522,0,0,0,0,0,248,234,0,508,0,208,0,0,0,0,234,528,0,0,0,0,0,234,0,0,0,0,0,0,0,0,0,0,0,779,0,234,0,0,0,0,390,0,0,0,0,0,176,234,0,611,0,156,0,0,0,0,234,468,0,0,0,0,0,234,0,0,0,0,0,0,0,0,0,0,0,5,0,1,0,0,0,0,0,3,0,0,0,0,1,0,1,0,0,0,0,0,0,0,0,0,0,0,0,1,0,0,0,0,0,0,0,0,0,16383,0,16,0,0,0,0,0,343,0,0,0,0,3120,0,156,0,0,0,0,0,0,0,0,0,0,0,0,12482,0,0,0,0,0,0,0,0,0,15602,0,16,0,0,0,0,0,476,0,0,0,0,3120,0,156,0,0,0,0,0,0,0,0,0,0,0,0,12482,0,0,0,0,0,0,0,0,0,0,0,0,0,0,0,0,0,0,0,0,0,0,0,0,0,0,0,0,0,0,0,0,0,0,0,0,0,0,0,0,0,0,0,0,0,0,0,0,0,0,0,0,0,0,0,0,0,0,0,0,0,0,0,0,0,0,0,0,0,0,0,0,0,0,0,0,0,0,0,0,0,0,0,0,0,0,0,0,0,0,0,0,0,0,0,0,0,0,0,0,0,0,0,0,0,0,0,0,0,0,3,,0,0,0,0,0,0,0,0,0,,0,0,0,0,0,0,0,0,0,0,0,0,0,0,0,0,0,,0,0,0,0,0,0,0,0,0,,0,0,0,0,0,0,0,0,0,0,0,0,0,0,0,0,0,,0,0,0,0,0,0,0,0,0,,0,0,0,0,0,0,0,0,0,0,0,0,0,0,0,0,0,0,0,0,0,0,0,0,0,0,0,0,0,0,0,0,0,0,0,,0,0,0,0,0,0,0,0,0,0,0,0,0,0,0,0,0,0,0,0,0,0,0,0,0,0,0,0,0,0,0,,0,0,0,0,0,0,0,0,0,0,0,0,0,0,0,0,0,0,0,0,0,0,0,0,0,0,0,0,0,0,0,,0,0,0,0,0,0,0,0,0,0,0,0,0,0,0,0,0,0,0,0,0,0,0,0,0,0,0,0,0,0,0,0,0,0,0,0,0,0,0,0,0,0,0,0,0,0,0,0,0,0,0,0,0,0,,0,0,0,,0,0,0,,0,0,0,0,0,0,0,0,0,0,0,0,0,0,0,0,0,0,0,0,0,0,0,0,0,0,0,0,0,0,0,0,0,0,0,0,0,0,0,0,0,0,0,0,0,0,0,0,0,0,0,0,0,0,0,0,0,0,0,0,0,0,0,0,0,0,0,0,0,0,0,,,,,,,,,,,,,,,,,,,,,,,,,,,,,,,,,,,,,,,,,,,,,,,,,,,,,,,,,,,,,,,,,,,,,,,,,,,,,,,,,,,,,,,,,,,,,,,,,,,,,,,,,,,,,,,,,,,,,,,,,,,,,,,,,,,,,,,,,,,,,,,,,,,,,,,,,,,,,,,,,,,,,,,,,,,,,,,,,,,,,,,,,,,,,,,,,,,,,,,,,,,,,,,,,,,,,,,,,,,,,,,,,,,,,,,,,,,,,,,,,,,,,,,,,,,,,,,,,,,,,,,,,,,,,,,,,,,,,,,,,,,,,,,,,,,,,,,,,,,,,,,,,,,,,,,,,,,,,,,,,,,,,,,,,,,,,,,,,,,,,,,,,,,,,,,,,,,,,,,,,,,,,,,,,,,,,,,,,,,,,,,,,,,,,,,,,,,,,,,,,,,,,,,,,,,,,,,,,,,,,,,,,,,,,,,,,,,,,,,,,,,,,,,,,,,,,,,,,,,,,,,,,,,,,,,
KS0700100,2006,Osage City Police Department,Kansas,3008,7,0,14,3,3,4,0,15,1,24,0,6,1,0,0,8,12,0,8,1,4,0,5,5,5,0,4,0,1,0,0,0,0,2,0,0,0,0,0,0,0,0,7668,0,81,499,7066,1938,0,653,38,556,0,699,154,0,0,1528,124,0,232,1663,0,0,0,51,3535,0,10,0,3023,0,0,0,0,46,0,0,0,0,0,0,0,0,4534,0,52,605,2947,1651,0,200,38,151,0,293,154,0,0,718,113,0,140,1663,0,0,0,30,1081,0,11,0,3023,0,0,0,0,46,0,0,0,0,0,0,0,0,13,0,1,4,0,0,0,12,0,0,0,0,0,11,0,0,0,4,6,0,0,0,3,5,9,0,0,0,1,0,4,0,0,0,0,0,0,0,0,0,0,0,623,0,952,419,0,0,0,286,0,0,0,0,0,389,0,0,0,323,572,0,0,0,1159,163,518,0,0,0,1663,0,239,0,0,0,0,0,0,0,0,0,0,0,453,0,952,227,0,0,0,189,0,0,0,0,0,376,0,0,0,265,756,0,0,0,756,76,151,0,0,0,1663,0,151,0,0,0,0,0,0,0,0,0,0,0,2,0,0,0,0,0,1,0,3,1,0,0,0,0,0,2,0,0,0,0,1,1,0,0,0,2,0,0,1,0,0,0,0,0,0,0,0,0,8321,0,0,0,0,0,17,0,42,15,0,0,0,0,0,140,0,0,0,0,0,0,0,0,0,72,0,0,3023,0,0,0,0,0,0,0,0,0,8321,0,0,0,0,0,17,0,30,15,0,0,0,0,0,140,0,0,0,0,0,0,0,0,0,72,0,0,3023,0,0,0,0,0,0,0,0,0,0,8,0,0,0,0,8,0,0,0,0,0,0,0,0,0,0,0,0,0,0,0,0,0,0,0,0,0,0,0,0,0,0,0,0,0,73,0,0,0,0,0,0,0,0,0,0,0,0,0,0,0,0,0,0,0,0,0,0,0,0,0,0,0,0,0,45,0,0,0,0,0,0,0,0,0,0,0,0,0,0,0,0,0,0,0,0,0,0,0,0,0,1,0,0,0,0,0,0,0,0,4,,0,0,0,0,0,0,0,0,0,,0,0,0,0,0,0,0,0,0,0,0,0,0,0,0,0,0,,0,0,0,0,0,0,0,0,0,,0,0,0,0,0,0,0,0,0,0,0,0,0,0,0,0,0,,0,0,0,0,0,0,0,0,0,,0,0,0,0,0,0,0,0,1,0,1,0,0,0,0,0,0,0,1,0,0,0,0,0,0,0,0,0,0,0,0,0,0,0,0,,0,0,0,0,151,0,45,0,0,0,0,0,0,0,38,0,0,0,0,0,0,0,0,0,0,0,0,0,0,0,0,,0,0,0,0,151,0,45,0,0,0,0,0,0,0,38,0,0,0,0,0,0,0,0,0,0,0,0,0,0,0,0,,0,0,0,8,0,1,0,0,0,0,0,0,0,0,0,0,0,0,0,0,0,0,0,0,0,0,0,0,0,0,0,0,0,0,0,0,0,0,0,0,0,0,0,0,0,0,0,0,0,0,0,0,0,0,0,0,0,0,0,0,0,0,0,0,0,0,0,0,0,0,0,0,0,0,0,0,0,0,0,0,0,0,0,0,0,0,0,0,0,,,,0,0,0,0,0,0,0,0,0,0,0,0,0,0,0,0,0,0,,,,0,0,0,0,0,0,0,0,0,0,0,0,,,,0,0,0,0,0,0,,,,,,,,,,,,,,,,,,,,,,,,,,,,,,,,,,,,,,,,,,,,,,,,,,,,,,,,,,,,,,,,,,,,,,,,,,,,,,,,,,,,,,,,,,,,,,,,,,,,,,,,,,,,,,,,,,,,,,,,,,,,,,,,,,,,,,,,,,,,,,,,,,,,,,,,,,,,,,,,,,,,,,,,,,,,,,,,,,,,,,,,,,,,,,,,,,,,,,,,,,,,,,,,,,,,,,,,,,,,,,,,,,,,,,,,,,,,,,,,,,,,,,,,,,,,,,,,,,,,,,,,,,,,,,,,,,,,,,,,,,,,,,,,,,,,,,,,,,,,,,,,,,,,,,,,,,,,,,,,,,,,,,,,,,,,,,,,,,,,,,,,,,,,,,,,,,,,,,,,,,,,,,,,,,,,,,,,,,,,,,,,,,,,,,,,,,,,,,,,,,,,,,,,,,,,,,,,,,,,,,,,,,,,,,,,,,,,,,,,,,,,,,,,,,,,,,,,,,,,,,,,,,,,,,,
KS0700100,2007,Osage City Police Department,Kansas,2936,2,3,17,1,4,8,0,20,2,20,0,8,2,0,0,2,2,0,1,2,2,0,0,4,5,0,1,0,0,0,0,0,0,5,0,0,0,0,0,0,0,0,8781,84,57,147,978,3396,0,156,44,391,0,299,62,0,0,327,193,0,103,1874,0,0,0,33,832,0,4,0,0,0,0,0,0,57,0,0,0,0,0,0,0,0,8781,73,24,147,406,2204,0,103,44,176,0,201,62,0,0,327,193,0,103,1874,0,0,0,22,441,0,4,0,0,0,0,0,0,59,0,0,0,0,0,0,0,0,4,0,0,2,0,0,0,15,1,0,0,0,0,3,0,0,1,0,6,0,0,0,1,4,6,0,0,0,0,0,2,0,0,0,0,0,0,0,0,0,0,0,926,0,0,103,0,0,0,276,441,0,0,0,0,59,0,0,675,0,355,0,0,0,367,250,623,0,0,0,0,0,2524,0,0,0,0,0,0,0,0,0,0,0,603,0,0,103,0,0,0,220,441,0,0,0,0,22,0,0,675,0,294,0,0,0,367,220,514,0,0,0,0,0,2524,0,0,0,0,0,0,0,0,0,0,0,1,0,1,0,3,4,2,0,3,6,0,0,1,0,1,1,0,0,0,0,0,0,0,0,0,1,0,0,0,0,0,0,0,0,0,0,0,0,10213,0,4,0,526,1145,82,0,821,299,0,0,19,0,73,103,0,0,0,0,0,0,0,0,0,73,0,0,0,0,0,0,0,0,0,0,0,0,10213,0,4,0,720,261,82,0,735,272,0,0,19,0,73,103,0,0,0,0,0,0,0,0,0,73,0,0,0,0,0,0,0,0,0,0,0,0,0,17,0,0,0,0,14,0,0,0,0,0,0,0,0,0,0,0,0,0,0,0,0,0,0,0,0,0,0,0,0,0,0,0,0,0,63,0,0,0,0,0,0,0,0,0,0,0,0,0,0,0,0,0,0,0,0,0,0,0,0,0,0,0,0,0,22,0,0,0,0,0,0,0,0,0,0,0,0,0,0,0,0,0,0,0,0,0,0,0,0,0,0,0,0,0,0,0,0,0,0,10,,0,0,0,0,0,0,0,0,0,,0,0,0,0,0,0,0,0,0,0,0,0,0,0,0,0,0,,0,0,0,0,0,0,0,0,0,,0,0,0,0,0,0,0,0,0,0,0,0,0,0,0,0,0,,0,0,0,0,0,0,0,0,0,,0,0,0,0,0,0,0,2,0,0,0,0,0,0,0,0,0,1,0,0,0,0,0,0,0,0,0,0,0,0,0,0,0,0,0,0,0,0,0,1594,0,0,0,0,0,0,0,0,0,73,0,0,0,0,0,0,0,0,0,0,0,0,0,0,0,0,0,0,0,0,0,1594,0,0,0,0,0,0,0,0,0,73,0,0,0,0,0,0,0,0,0,0,0,0,0,0,0,0,0,0,0,2,0,13,0,2,0,0,0,0,2,0,0,1,1,0,0,0,0,0,0,0,0,0,0,0,0,0,0,0,0,0,0,0,0,0,0,0,0,0,0,0,0,,0,0,,0,0,,0,0,0,0,,0,0,0,,0,0,0,,0,0,0,0,0,0,0,0,0,0,0,0,0,0,0,0,0,0,0,0,0,0,0,0,0,0,0,0,0,0,0,0,0,0,0,0,0,0,0,0,0,0,0,0,0,0,0,,,,0,0,0,0,0,0,0,0,0,,,,0,0,0,0,0,0,0,0,0,,,,,,,,,,,,,,,,,,,,,,,,,,,,,,,,,,,,,,,,,,,,,,,,,,,,,,,,,,,,,,,,,,,,,,,,,,,,,,,,,,,,,,,,,,,,,,,,,,,,,,,,,,,,,,,,,,,,,,,,,,,,,,,,,,,,,,,,,,,,,,,,,,,,,,,,,,,,,,,,,,,,,,,,,,,,,,,,,,,,,,,,,,,,,,,,,,,,,,,,,,,,,,,,,,,,,,,,,,,,,,,,,,,,,,,,,,,,,,,,,,,,,,,,,,,,,,,,,,,,,,,,,,,,,,,,,,,,,,,,,,,,,,,,,,,,,,,,,,,,,,,,,,,,,,,,,,,,,,,,,,,,,,,,,,,,,,,,,,,,,,,,,,,,,,,,,,,,,,,,,,,,,,,,,,,,,,,,,,,,,,,,,,,,,,,,,,,,,,,,,,,,,,,,,,,,,,,,,,,,,,,,,,,,,,,,,,,,,,,,,,,,,,,,,,,,,,,,,,,,,,,,,,,,,,,
KS0700100,2008,Osage City Police Department,Kansas,2825,4,2,30,2,5,4,0,13,2,33,0,11,1,0,1,12,6,0,6,2,3,1,3,4,7,0,0,0,2,0,0,0,0,3,0,0,0,0,0,0,0,0,60057,1079,828,439,94,73,0,254,35,266,0,458,8,0,2123,545,429,0,318,853,0,0,0,134,509,0,0,0,15539,0,0,0,0,1864,0,0,0,0,0,0,0,0,12383,1079,41,439,28,64,0,113,35,71,0,212,8,0,2123,219,410,0,241,853,0,0,0,85,481,0,0,0,15539,0,0,0,0,92,0,0,0,0,0,0,0,0,6,0,1,6,0,0,1,13,1,0,0,0,0,11,1,0,2,2,1,0,0,1,0,0,9,0,0,0,0,0,1,0,0,0,0,0,0,0,0,0,0,0,1248,0,142,4883,0,0,28,416,71,0,0,0,0,323,14,0,106,566,28,0,0,566,0,0,313,0,0,0,0,0,2830,0,0,0,0,0,0,0,0,0,0,0,894,0,142,113,0,0,28,142,71,0,0,0,0,142,14,0,106,566,28,0,0,566,0,0,354,0,0,0,0,0,2830,0,0,0,0,0,0,0,0,0,0,0,4,0,1,1,0,0,1,0,4,1,0,1,1,2,0,3,0,1,0,0,0,0,0,0,0,1,0,0,0,0,0,0,0,0,0,0,0,0,58281,0,4,495,0,0,127,0,131,354,0,1557,495,134,0,316,0,679,0,0,0,0,0,0,0,71,0,0,0,0,0,0,0,0,0,0,0,0,9924,0,4,495,0,0,127,0,149,354,0,1557,495,134,0,170,0,679,0,0,0,0,0,0,0,71,0,0,0,0,0,0,0,0,0,0,0,0,0,1,0,0,0,0,1,0,0,0,0,0,0,0,0,0,0,0,0,0,0,0,0,0,0,0,0,0,0,0,0,0,0,0,0,0,7,0,0,0,0,0,0,0,0,0,0,0,0,0,0,0,0,0,0,0,0,0,0,0,0,0,0,0,0,0,7,0,0,0,0,0,0,0,0,0,0,0,0,0,0,0,0,0,0,0,0,0,0,0,0,0,0,0,0,0,0,0,0,0,0,1,,0,0,,0,0,0,0,0,,,0,0,0,0,0,0,0,0,0,0,0,0,0,0,0,0,0,,0,0,,0,0,0,0,0,,,0,0,0,0,0,0,0,0,0,0,0,0,0,0,0,0,0,,0,0,,0,0,0,0,0,,,0,0,0,0,0,0,0,0,0,0,0,0,0,0,0,0,0,0,0,0,0,0,0,0,0,0,0,0,0,0,0,0,0,0,0,0,0,0,0,0,0,0,0,0,0,0,0,0,0,0,0,0,0,0,0,0,0,0,0,0,0,0,0,0,0,0,0,0,0,0,0,0,0,0,0,0,0,0,0,0,0,0,0,0,0,0,0,0,0,0,0,0,0,0,0,0,0,0,0,0,0,0,0,0,0,1,0,0,0,0,0,0,0,0,0,0,0,0,0,0,0,0,0,0,0,0,0,0,0,0,0,0,0,0,0,0,0,0,0,0,0,0,0,0,0,0,0,0,0,0,0,0,0,0,0,,0,0,0,,0,0,0,,0,0,0,0,0,0,0,0,0,0,0,0,0,0,0,0,0,0,0,0,0,0,0,0,0,,,,0,0,0,0,0,0,0,0,0,0,0,0,0,0,0,0,0,0,0,0,0,0,0,0,0,0,0,0,0,0,0,0,0,0,0,0,0,0,0,0,0,0,,,,,,,,,,,,,,,,,,,,,,,,,,,,,,,,,,,,,,,,,,,,,,,,,,,,,,,,,,,,,,,,,,,,,,,,,,,,,,,,,,,,,,,,,,,,,,,,,,,,,,,,,,,,,,,,,,,,,,,,,,,,,,,,,,,,,,,,,,,,,,,,,,,,,,,,,,,,,,,,,,,,,,,,,,,,,,,,,,,,,,,,,,,,,,,,,,,,,,,,,,,,,,,,,,,,,,,,,,,,,,,,,,,,,,,,,,,,,,,,,,,,,,,,,,,,,,,,,,,,,,,,,,,,,,,,,,,,,,,,,,,,,,,,,,,,,,,,,,,,,,,,,,,,,,,,,,,,,,,,,,,,,,,,,,,,,,,,,,,,,,,,,,,,,,,,,,,,,,,,,,,,,,,,,,,,,,,,,,,,,,,,,,,,,,,,,,,,,,,,,,,,,,,,,,,,,,,,,,,,,,,,,,,,,,,,,,,,,,,,,,,,,,,,,,,,,,,,,,,,,,,,,,,,,,,
KS0700100,2009,Osage City Police Department,Kansas,2803,1,2,10,1,2,5,0,10,0,16,0,5,2,0,1,6,7,0,4,6,3,0,7,2,5,0,0,0,1,0,0,0,0,3,0,0,0,0,0,0,0,0,213,149,50,355,1012,5083,0,306,0,190,0,781,271,0,107,449,332,0,174,1369,0,0,0,96,464,0,0,0,7101,0,0,0,0,263,0,0,0,0,0,0,0,0,213,149,42,355,1012,1988,0,201,0,131,0,339,271,0,107,263,50,0,156,852,0,0,0,96,426,0,0,0,7101,0,0,0,0,263,0,0,0,0,0,0,0,0,9,0,0,4,0,0,1,8,1,0,0,0,0,8,1,0,1,1,2,0,0,1,0,0,3,0,0,0,0,0,1,0,0,0,0,0,0,0,0,0,0,0,257,0,0,234,0,0,142,422,284,0,0,0,0,192,284,0,1846,0,156,0,0,284,0,0,1515,0,0,0,0,0,99,0,0,0,0,0,0,0,0,0,0,0,284,0,0,107,0,0,142,249,284,0,0,0,0,53,284,0,1846,0,156,0,0,284,0,0,142,0,0,0,0,0,99,0,0,0,0,0,0,0,0,0,0,0,1,0,1,0,1,1,0,0,2,0,0,0,2,2,0,2,0,1,0,0,0,3,0,0,0,0,0,0,1,0,0,0,1,0,0,0,0,0,213,0,142,0,7,71,0,0,1694,0,0,0,522,263,0,192,0,28,0,0,0,2723,0,0,0,0,0,0,7101,0,0,0,99,0,0,0,0,0,213,0,142,0,7,71,0,0,1694,0,0,0,522,263,0,192,0,28,0,0,0,3197,0,0,0,0,0,0,7101,0,0,0,99,0,0,0,0,0,0,4,0,0,0,0,4,0,0,0,0,0,0,0,0,0,0,0,0,0,0,0,0,0,0,0,0,0,0,0,0,0,0,0,0,0,92,0,0,0,0,0,0,0,0,0,0,0,0,0,0,0,0,0,0,0,0,0,0,0,0,0,0,0,0,0,92,0,0,0,0,0,0,0,0,0,0,0,0,0,0,0,0,0,0,0,0,0,0,0,0,0,0,0,0,0,0,0,0,0,0,1,,0,0,0,0,0,0,0,0,0,0,0,0,0,0,0,0,0,0,0,0,0,0,0,0,0,0,0,,0,0,0,0,0,0,0,0,0,0,0,0,0,0,0,0,0,0,0,0,0,0,0,0,0,0,0,,0,0,0,0,0,0,0,0,0,0,0,0,0,0,0,0,0,0,1,0,0,0,0,0,0,0,0,0,0,0,0,0,0,0,0,0,0,0,0,0,0,0,0,0,0,0,0,0,0,0,113622,0,0,0,0,0,0,0,0,0,0,0,0,0,0,0,0,0,0,0,0,0,0,0,0,0,0,0,0,0,0,0,113622,0,0,0,0,0,0,0,0,0,0,0,0,0,0,0,0,0,0,0,0,0,0,0,0,0,0,0,0,1,1,3,0,1,0,0,0,0,0,0,0,0,0,0,0,0,0,0,0,0,0,0,0,0,0,0,0,0,0,0,0,0,0,0,0,0,0,0,0,0,0,,,0,,,0,,,0,,0,0,0,,0,0,0,,0,0,0,0,0,0,0,0,0,0,0,0,0,0,0,0,,0,0,0,,0,0,0,,0,0,0,,,,0,0,0,0,0,0,0,0,0,0,0,0,0,0,0,0,0,0,0,0,0,,0,0,,0,0,,0,0,0,0,0,0,0,0,0,0,0,0,0,0,,,,0,0,0,0,0,0,0,0,0,0,0,0,0,0,0,0,0,0,0,0,0,0,0,0,0,0,0,0,0,0,0,0,0,0,0,0,0,0,0,0,0,0,0,0,0,0,0,0,0,0,0,0,0,0,0,0,0,0,0,0,0,0,0,0,0,0,0,0,0,0,0,0,0,0,0,0,0,0,0,0,0,0,0,0,0,0,0,0,0,0,0,0,0,0,0,0,0,0,0,0,0,0,0,0,0,0,0,0,0,0,0,0,0,0,0,0,0,0,0,0,0,0,0,0,0,0,0,0,0,0,0,0,0,0,0,0,0,0,0,0,0,0,0,0,0,0,0,,,,,,,,,,,,,,,,,,,,,,,,,,,,,,,,,,,,,,,,,,,,,,,,,,,,,,,,,,,,,,,,,,,,,,,,,,,,,,,,,,,,,,,,,,,,,,,,,,,,,,,,,,,,,,,,,,,,,,,,,,,,,,,,,,,,,,,,,,,,,,,,,,,,,,,,,,,,,,,,,,,,,,,,,,,,,,,,,,,,,,,,,,,,,,,,,,,,,,,,,,,,,,,,,,,,,,,,,,,,,,,,,,,,,,,,,,,,,,,,,,,,,,,,,,,,,,,,,,,,,,,,,,,,,,,,,,,,,,,,,,,,,,,,,,,,,,,,,,,,,,,,,,,,,,,,,,,,,,,,,
KS0700100,2010,Osage City Police Department,Kansas,2766,2,2,14,2,6,1,0,15,0,26,0,7,1,0,0,7,9,0,3,6,1,0,1,1,1,0,0,0,0,0,0,0,0,2,0,0,0,0,0,0,0,0,20611,10,36,342,178,6288,0,380,0,184,0,761,3,0,0,652,282,0,142,233196,0,0,0,28,210,0,0,0,0,0,0,0,0,17,0,0,0,0,0,0,0,0,20611,10,36,342,49,6288,0,136,0,70,0,838,3,0,0,279,168,0,182,419,0,0,0,28,210,0,0,0,0,0,0,0,0,17,0,0,0,0,0,0,0,0,11,1,0,5,0,0,0,9,1,0,0,0,1,10,0,0,3,1,2,0,0,0,0,0,4,0,0,0,0,1,2,0,0,0,0,0,0,0,0,0,0,0,1290,574,0,53,0,0,0,349,14,0,0,0,28,252,0,0,93,28,419,0,0,0,0,0,1050,0,0,0,0,279,349,0,0,0,0,0,0,0,0,0,0,0,699,574,0,49,0,0,0,70,14,0,0,0,28,140,0,0,70,28,419,0,0,0,0,0,1048,0,0,0,0,279,349,0,0,0,0,0,0,0,0,0,0,0,0,1,0,1,0,0,0,0,5,3,0,0,1,2,0,2,0,0,0,0,1,2,0,0,1,0,0,0,0,0,0,0,0,0,0,0,0,0,0,6,0,419,0,0,0,0,216,526,0,0,42,112,0,122,0,0,0,0,0,698749,0,0,0,0,0,0,0,0,0,0,0,0,0,0,0,0,0,6,0,419,0,0,0,0,70,517,0,0,42,112,0,122,0,0,0,0,0,698749,0,0,0,0,0,0,0,0,0,0,0,0,0,0,0,0,0,6,0,0,0,0,3,0,0,0,0,0,0,0,0,0,0,0,0,0,0,0,0,0,0,0,0,0,0,0,0,0,0,0,0,0,180,0,0,0,0,0,0,0,0,0,0,0,0,0,0,0,0,0,0,0,0,0,0,0,0,0,0,0,0,0,180,0,0,0,0,0,0,0,0,0,0,0,0,0,0,0,0,0,0,0,0,0,0,0,0,0,0,0,0,0,0,0,0,0,0,4,0,0,0,,0,0,0,0,0,,,0,0,0,0,0,0,0,0,0,0,0,0,0,0,0,0,0,0,0,0,,0,0,0,0,0,,,0,0,0,0,0,0,0,0,0,0,0,0,0,0,0,0,0,0,0,0,,0,0,0,0,0,,,0,0,0,0,0,0,0,0,0,0,0,0,0,0,0,0,0,0,0,0,0,0,0,0,0,0,0,0,0,0,0,0,0,0,0,0,0,0,0,0,0,0,0,0,0,0,0,0,0,0,0,0,0,0,0,0,0,0,0,0,0,0,0,0,0,0,0,0,0,0,0,0,0,0,0,0,0,0,0,0,0,0,0,0,0,0,0,0,0,0,0,0,0,0,0,0,0,0,0,0,0,1,0,4,0,1,0,0,0,0,1,0,0,0,0,0,0,0,0,0,0,0,0,0,0,0,0,0,0,0,0,0,0,0,0,0,0,0,0,0,0,0,0,0,0,0,0,0,0,0,0,0,0,0,0,0,0,0,0,0,0,0,0,0,0,0,0,0,0,0,0,0,0,0,0,0,0,0,0,0,0,0,0,0,0,0,0,0,0,,,,0,0,0,0,0,0,0,0,0,0,0,0,0,0,0,0,0,0,0,0,0,,0,0,,0,0,,0,0,0,0,0,0,0,0,0,0,0,0,0,0,,,,0,0,0,0,0,0,0,0,0,0,0,0,0,0,0,0,0,0,0,0,0,0,0,0,0,0,0,0,0,0,0,0,0,0,0,0,0,0,0,0,0,0,0,0,0,0,0,0,0,0,0,0,0,0,0,0,0,0,0,0,0,0,0,0,0,0,0,0,0,0,0,0,0,0,0,0,0,0,0,0,0,0,0,0,0,0,0,0,0,0,0,0,0,0,0,0,0,0,0,0,0,0,0,0,0,0,0,0,0,0,0,0,0,0,0,0,0,0,0,0,0,0,0,0,0,0,0,0,0,0,0,0,0,0,0,0,0,0,0,0,0,0,0,0,0,0,0,0,0,0,0,0,0,0,0,0,0,0,0,0,0,0,0,0,0,0,0,0,0,0,0,0,0,0,0,0,0,0,0,0,0,0,0,0,0,0,0,0,0,0,0,0,0,0,0,0,0,0,0,0,0,0,0,0,0,0,0,0,0,0,0,0,0,0,0,0,0,0,0,0,0,0,0,0,0,0,0,0,0,0,0,0,0,0,0,0,0,0,0,0,0,0,0,0,0,0,0,0,0,0,0,0,0,0,0,0,0,0,0,0,0,0,0,0,0,0,0,0,0,0,0,0,0,0,0,0,0,0,0,0,0,0,0,0,0,0,0,0,0,0,0,0,0,0,0,0,0,0,0,0,0,0,0,0,0,0,0,0,0,0,0,0,,,,,,,,,,,,,,,,,,,,,,,,,,,,,,,,,,,,,,,,,,,,,,,,,,,,,,,,,,,,,,,,,,,,,,,,,,,,,,,,,,,,,,,,,,,,,,,,,,,,,,,,,,,,,,,,,,,,,,,,,,,,,,,,,,,,,,,,,,,,,,,,,,,,,,,,,,,,
KS0700100,2011,Osage City Police Department,Kansas,2962,1,2,18,2,4,1,0,13,0,30,0,5,0,0,2,5,11,0,1,6,2,0,3,3,1,0,0,0,1,0,0,0,0,3,0,0,0,0,0,0,0,0,7044,341,90,650,270,4064,0,713,0,325,0,709,0,0,610,367,250,0,163,1260,0,0,0,19,27,0,0,0,2438,0,0,0,0,1355,0,0,0,0,0,0,0,0,7044,341,62,650,193,4064,0,135,0,81,0,336,0,0,610,379,257,0,163,982,0,0,0,16,27,0,0,0,2438,0,0,0,0,1355,0,0,0,0,0,0,0,0,3,1,0,11,0,0,0,17,1,0,0,0,0,12,0,0,1,0,2,0,0,1,0,0,5,0,0,0,0,0,6,0,0,0,0,0,0,0,0,0,0,0,379,68,0,128,0,0,0,2284,2709,0,0,0,0,469,0,0,176,0,24,0,0,1099,0,0,406,0,0,0,0,0,790,0,0,0,0,0,0,0,0,0,0,0,325,68,0,135,0,0,0,135,2709,0,0,0,0,122,0,0,176,0,24,0,0,1099,0,0,406,0,0,0,0,0,373,0,0,0,0,0,0,0,0,0,0,0,0,1,1,0,1,0,3,0,6,3,0,0,1,3,0,0,0,0,0,0,0,2,0,0,1,1,0,0,1,0,0,0,1,0,0,0,0,0,0,256,111,0,677,0,56,0,186,988,0,0,68,208,0,0,0,0,0,0,0,847,0,0,0,16,0,0,2438,0,0,0,228,0,0,0,0,0,0,256,111,0,677,0,49,0,127,729,0,0,68,203,0,0,0,0,0,0,0,847,0,0,0,16,0,0,2438,0,0,0,228,0,0,0,0,0,0,3,0,0,0,0,3,0,0,0,0,0,0,0,0,0,0,0,0,0,0,0,0,0,0,0,0,0,0,0,0,0,0,0,0,0,20,0,0,0,0,0,0,0,0,0,0,0,0,0,0,0,0,0,0,0,0,0,0,0,0,0,0,0,0,0,20,0,0,0,0,0,0,0,0,0,0,0,0,0,0,0,0,0,0,0,0,0,0,0,0,1,0,0,0,0,0,0,0,0,0,0,,0,0,0,0,0,0,0,0,,,0,0,0,0,0,0,0,0,0,0,0,0,0,0,0,0,0,,0,0,0,0,0,0,0,0,,,0,0,0,0,0,0,0,0,0,0,0,0,0,0,0,0,0,,0,0,0,0,0,0,0,0,,,0,0,0,0,0,0,0,0,1,0,0,0,0,0,0,0,0,0,1,0,0,0,0,0,0,0,0,0,0,0,0,0,0,0,0,0,0,0,0,0,68,0,0,0,0,0,0,0,0,0,203,0,0,0,0,0,0,0,0,0,0,0,0,0,0,0,0,0,0,0,0,0,68,0,0,0,0,0,0,0,0,0,203,0,0,0,0,0,0,0,0,0,0,0,0,0,0,0,0,0,0,1,1,2,0,0,0,0,0,0,1,0,0,0,0,0,0,0,0,0,0,0,0,0,0,0,0,0,0,0,0,0,0,0,0,0,0,0,0,0,0,0,0,0,0,0,0,0,0,0,0,0,0,0,0,0,0,0,0,0,0,0,0,0,0,0,0,0,0,0,0,0,0,0,0,0,0,0,0,0,0,0,0,0,0,0,0,0,0,0,0,0,0,0,0,0,0,0,0,0,0,0,0,0,0,0,0,0,0,0,0,0,0,,0,0,,0,0,,0,0,0,0,0,0,0,0,0,0,0,0,0,0,0,0,0,0,0,0,0,0,0,0,0,0,0,0,0,0,0,0,0,0,0,0,0,0,0,0,0,0,0,0,0,0,0,0,0,0,0,0,0,0,0,0,0,0,0,0,0,0,0,0,0,0,0,0,0,0,0,0,0,0,0,0,0,0,0,0,0,0,0,0,0,0,0,0,0,0,0,0,0,0,0,0,0,0,0,0,0,0,0,0,0,0,0,,0,0,,0,0,,0,0,0,0,0,0,0,0,0,0,0,0,0,0,0,0,0,0,0,0,0,0,0,0,0,0,0,0,0,0,0,0,0,0,0,0,0,0,0,0,0,0,0,0,0,0,0,0,0,0,0,0,0,0,0,0,0,0,0,0,0,0,0,0,0,0,0,0,0,0,0,0,0,0,0,0,0,0,0,0,0,0,0,0,0,0,0,0,0,0,0,0,0,0,0,0,0,0,0,0,0,0,0,0,0,0,0,0,0,0,0,0,0,0,0,0,0,0,0,0,0,0,0,0,0,0,0,0,0,0,0,0,0,0,0,0,0,0,0,0,0,0,0,0,0,0,0,0,0,0,0,0,0,0,0,0,0,0,0,0,0,0,0,0,0,0,0,0,0,0,0,0,0,0,0,0,0,0,0,0,0,0,0,0,0,0,0,0,0,0,0,0,0,0,,0,0,0,,0,0,0,,0,0,0,,0,0,0,,0,0,0,,0,0,0,0,0,0,0,0,0,0,0,0,0,0,0,0,0,0,0,0,0,0,0,0,0,0,0,0,0,0,0,0,0,0,0,0,0,0,0,0,0,0,0,0,0,0,0,0,0,0,0,0,0,0,0,0,0,0,0,0,0,0,0,0,0,0,0,0,0,0,0,0,0,0,0,0,0,0,0,0,0,0,0,0,0,0,0,0,0,0,,,,,,,,,,,,,,,,,,,,,,,,,,,,,,,,,,,,,,,,,,,,,,,,,,,,,,,,,,,,,,,,,,
KS0700100,2012,Osage City Police Department,Kansas,2960,3,3,21,1,6,4,0,16,2,24,0,9,0,0,0,6,9,0,11,8,2,0,2,2,1,0,0,0,0,0,1,0,0,4,0,0,0,1,0,0,0,0,17253,219,137,66,392,1714,0,639,46,459,0,523,0,0,0,1050,408,0,241,703,0,0,0,33,9,0,0,0,0,0,664,0,0,41,0,0,0,0,0,0,0,0,6636,113,50,66,53,756,0,216,46,133,0,199,0,0,0,315,126,0,199,530,0,0,0,33,9,0,0,0,0,0,664,0,0,41,0,0,0,0,0,0,0,0,7,0,1,4,0,0,1,7,0,0,0,0,0,9,0,0,2,0,1,0,0,0,0,0,1,0,0,0,0,0,2,0,0,0,0,0,0,0,0,0,0,0,599,0,7,483,0,0,53,579,0,0,0,0,0,135,0,0,166,0,664,0,0,0,0,0,27,0,0,0,0,0,1393,0,0,0,0,0,0,0,0,0,0,0,265,0,7,80,0,0,53,106,0,0,0,0,0,133,0,0,166,0,664,0,0,0,0,0,27,0,0,0,0,0,1393,0,0,0,0,0,0,0,0,0,0,0,1,0,3,0,2,0,1,0,3,3,0,0,2,2,0,2,0,1,0,0,0,2,0,0,0,1,0,0,0,0,0,1,0,0,0,0,0,0,6636,0,59,0,43,0,524,0,440,86,0,0,48,113,0,133,0,9,0,0,0,66,0,0,0,0,0,0,0,0,0,0,0,0,0,0,0,0,6636,0,68,0,43,0,524,0,206,46,0,0,48,113,0,133,0,9,0,0,0,66,0,0,0,0,0,0,0,0,0,0,0,0,0,0,0,0,0,6,0,0,0,0,5,0,0,0,0,0,0,0,0,0,0,0,0,0,0,0,0,0,0,0,0,0,0,0,0,0,0,0,0,0,13,0,0,0,0,0,0,0,0,0,0,0,0,0,0,0,0,0,0,0,0,0,0,0,0,0,0,0,0,0,13,0,0,0,0,0,0,0,0,0,0,0,0,0,0,0,0,0,0,0,0,0,0,0,0,0,0,0,0,0,0,0,0,0,0,1,0,0,0,0,0,0,0,0,0,,0,0,0,0,0,0,0,0,0,0,0,0,0,0,0,0,0,0,0,0,0,0,0,0,0,0,0,,0,0,0,0,0,0,0,0,0,0,0,0,0,0,0,0,0,0,0,0,0,0,0,0,0,0,0,,0,0,0,0,0,0,0,1,1,0,0,0,0,0,0,0,0,0,0,0,0,0,0,0,0,0,0,0,0,0,0,0,0,0,0,0,0,0,0,199,0,0,0,0,0,0,0,0,0,0,0,0,0,0,0,0,0,0,0,0,0,0,0,0,0,0,0,0,0,0,0,199,0,0,0,0,0,0,0,0,0,0,0,0,0,0,0,0,0,0,0,0,0,0,0,0,0,0,0,0,0,0,1,0,4,0,3,0,0,0,0,0,0,0,0,0,0,0,0,0,0,0,0,0,0,0,0,0,0,0,0,0,0,0,0,0,0,0,0,0,0,0,0,0,0,0,0,0,0,0,0,0,0,0,0,,0,0,0,,0,0,0,,0,0,0,0,0,0,0,0,0,0,0,0,0,0,0,0,0,0,0,0,0,0,0,0,0,0,0,0,0,0,0,0,0,0,0,0,0,0,0,0,0,0,0,0,0,0,0,0,0,0,0,0,0,0,0,0,0,0,0,0,0,0,0,0,0,0,0,0,0,0,0,,,,0,0,0,0,0,0,0,0,0,0,0,0,0,0,0,0,0,0,0,0,0,0,0,0,0,0,0,0,0,0,0,0,0,0,0,0,0,0,0,0,0,0,0,0,0,0,0,0,0,0,0,0,0,0,0,0,0,0,0,0,0,0,0,0,0,0,0,0,0,0,0,0,0,0,0,0,0,0,0,0,0,0,0,0,0,0,0,0,0,0,0,0,0,0,0,0,0,0,0,0,0,0,0,0,0,0,0,0,0,0,0,0,0,0,0,0,0,0,0,0,0,0,0,0,0,0,0,0,0,0,0,0,0,0,0,0,0,0,0,0,0,0,0,0,0,0,0,0,0,0,0,0,0,0,0,0,0,0,0,0,0,0,0,0,0,0,0,0,0,0,0,0,0,0,0,0,0,0,0,0,0,0,0,0,0,0,0,0,0,0,0,0,0,0,0,0,0,0,0,0,0,0,0,0,0,0,0,0,0,0,0,0,0,0,0,0,0,0,0,0,0,0,0,0,0,0,0,0,0,0,0,0,0,0,0,0,0,0,0,0,0,0,0,0,0,0,0,0,0,0,0,0,0,0,0,0,0,0,0,0,0,0,0,0,0,0,0,0,0,0,0,0,0,0,0,0,0,0,0,0,0,0,0,0,0,0,0,0,0,0,0,0,0,0,0,,0,0,0,0,0,0,0,,0,0,0,0,0,0,0,,0,0,,0,0,0,0,0,0,0,0,,0,0,0,0,0,0,0,0,,0,0,0,0,0,0,0,0,0,0,0,0,0,0,0,0,0,0,0,,0,0,0,0,0,0,0,,0,0,0,0,0,0,0,,0,0,0,,0,0,,,,0,0,0,0,0,,0,0,,,,0,0,0,0,0,,0,0,,,,0,0,0,0,0,0,0,0,0,0,0,0,0,0,0,0,0,0,0,0,0,0,0,0,0,0,0,0,0,,,,,,,,,,,,,,,,,,,,,,,,,,,,,,,,,,,,,,,
KS0700100,2013,Osage City Police Department,Kansas,2890,3,2,9,2,1,5,1,5,1,6,0,6,0,0,0,6,2,0,1,2,2,0,0,2,0,0,0,0,0,0,0,0,0,3,0,0,0,0,0,0,0,0,28051,79,51,967,1696,638,52,1090,1308,641,0,702,0,0,0,1923,1197,0,33,1614,0,0,0,26,0,0,0,0,0,0,0,0,0,74,0,0,0,0,0,0,0,0,13080,79,39,967,1696,556,52,1301,1308,347,0,274,0,0,0,636,1197,0,33,1614,0,0,0,26,0,0,0,0,0,0,0,0,0,78,0,0,0,0,0,0,0,0,7,0,0,0,0,0,0,5,0,0,0,0,0,5,0,0,1,1,0,0,0,1,0,0,1,2,0,0,0,0,1,0,0,0,0,0,0,0,0,0,0,0,291,0,0,0,0,0,0,371,0,0,0,0,0,196,0,0,33,131,0,0,0,131,0,0,65,425,0,0,0,0,222,0,0,0,0,0,0,0,0,0,0,0,196,0,0,0,0,0,0,327,0,0,0,0,0,131,0,0,33,131,0,0,0,131,0,0,65,425,0,0,0,0,222,0,0,0,0,0,0,0,0,0,0,0,2,2,1,0,0,0,0,0,0,1,0,0,0,1,0,0,0,0,0,0,0,0,0,0,0,1,0,0,0,0,0,0,0,0,0,0,0,0,7848,341,54,0,0,0,0,0,0,262,0,0,0,392,0,0,0,0,0,0,0,0,0,0,0,26,0,0,0,0,0,0,0,0,0,0,0,0,7848,341,54,0,0,0,0,0,0,262,0,0,0,392,0,0,0,0,0,0,0,0,0,0,0,26,0,0,0,0,0,0,0,0,0,0,0,0,0,7,0,0,0,0,5,0,0,0,0,0,0,0,0,0,0,0,0,0,0,0,0,0,0,0,0,0,0,0,0,0,0,0,0,0,20,0,0,0,0,0,0,0,0,0,0,0,0,0,0,0,0,0,0,0,0,0,0,0,0,0,0,0,0,0,20,0,0,0,0,0,0,0,0,0,0,0,0,0,0,0,0,0,0,0,0,0,0,0,0,1,0,0,0,0,0,0,0,0,0,0,0,0,0,0,0,0,0,0,0,0,,0,0,0,0,0,0,0,0,0,0,0,0,0,0,0,0,0,0,0,0,0,0,0,0,0,0,0,,0,0,0,0,0,0,0,0,0,0,0,0,0,0,0,0,0,0,0,0,0,0,0,0,0,0,0,,0,0,0,0,0,0,2,0,0,0,0,0,0,0,0,0,0,0,0,0,0,0,0,0,0,0,0,0,0,0,0,0,0,0,0,0,0,0,2027,0,0,0,0,0,0,0,0,0,0,0,0,0,0,0,0,0,0,0,0,0,0,0,0,0,0,0,0,0,0,0,2027,0,0,0,0,0,0,0,0,0,0,0,0,0,0,0,0,0,0,0,0,0,0,0,0,0,0,0,0,0,0,0,0,6,0,0,0,0,0,0,0,0,0,0,2,0,0,0,0,0,0,0,0,0,0,0,0,0,0,0,0,0,0,0,0,0,0,0,0,0,0,0,0,0,0,0,0,0,0,0,0,0,0,0,,0,0,0,,0,0,0,,0,0,0,0,0,0,0,0,0,0,0,0,0,0,0,0,0,0,0,0,0,0,0,0,0,0,0,0,0,0,0,0,0,0,0,0,0,0,0,0,0,0,0,0,0,0,0,,,,0,0,0,0,0,0,0,0,0,0,0,0,0,0,0,0,0,0,0,0,0,,,,0,0,0,0,0,0,0,0,0,0,0,0,0,0,0,0,0,0,0,0,0,0,0,0,0,0,0,0,0,0,0,0,0,0,0,0,0,0,0,0,0,0,0,0,0,0,0,0,0,0,0,0,0,0,0,0,0,0,0,0,0,0,0,0,0,0,0,0,0,0,0,0,0,0,0,0,0,0,0,0,0,0,0,0,0,0,0,0,0,0,0,0,0,0,0,0,0,0,0,0,0,0,0,0,0,0,0,0,0,0,0,0,0,0,0,0,0,0,0,0,0,0,0,0,0,0,0,0,0,0,0,0,0,0,0,0,0,0,0,0,0,0,0,0,0,0,0,0,0,0,0,0,0,0,0,0,0,0,0,0,0,0,0,0,0,0,0,0,0,0,0,0,0,0,0,0,0,0,0,0,0,0,0,0,0,0,0,0,0,0,0,0,0,0,0,0,0,0,0,0,0,0,0,0,0,0,0,0,0,0,0,0,0,0,0,0,0,0,0,0,0,0,0,0,0,0,0,0,0,0,0,0,0,0,0,0,0,0,0,0,0,0,0,0,0,0,0,0,0,0,0,0,0,0,0,0,0,0,0,0,0,0,0,0,0,0,0,0,0,0,0,0,0,0,0,0,0,0,0,0,0,0,0,0,0,0,0,0,0,0,0,0,0,0,0,0,0,0,0,0,0,0,0,0,0,0,0,0,0,0,0,0,,0,,0,0,0,0,0,0,,0,,0,0,0,0,0,0,,0,,0,0,0,0,0,0,0,0,0,0,0,0,0,0,0,0,0,0,0,0,0,0,0,0,0,0,0,0,0,0,0,0,0,0,0,0,0,0,0,0,0,0,,,0,0,0,0,0,0,0,0,0,,,0,0,0,0,0,0,0,0,0,,,0,0,0,0,0,0,0,0,0,0,0,0,,0,0,,0,0,,0,0,0,,0,0,,0,0,,0,0,0,0,0,0,0,0,0,0,0,0,0,0,0,0,0,0,0,0,0,0,,,,,,,,,,,,,,,,,,
KS0700100,2014,Osage City Police Department,Kansas,2888,3,3,16,2,1,2,0,3,0,11,0,5,0,0,0,3,2,0,1,2,2,1,2,2,3,0,0,0,0,0,0,0,0,2,0,0,0,0,0,0,0,0,7079,20,49,804,237,515,0,2042,0,3882,0,932,0,0,0,2627,23,0,257,481,0,0,0,335,67,0,0,0,0,0,0,0,0,51,0,0,0,0,0,0,0,0,6435,19,34,804,237,515,0,386,0,129,0,475,0,0,0,116,23,0,257,481,0,0,0,335,64,0,0,0,0,0,0,0,0,51,0,0,0,0,0,0,0,0,1,0,0,3,0,0,0,3,1,0,0,0,0,4,0,0,0,1,3,0,0,0,0,0,2,4,0,0,0,0,1,0,0,0,0,0,0,0,0,0,0,0,64,0,0,300,0,0,0,279,64,0,0,0,0,531,0,0,0,386,103,0,0,0,0,0,111,288,0,0,0,0,129,0,0,0,0,0,0,0,0,0,0,0,64,0,0,257,0,0,0,129,64,0,0,0,0,80,0,0,0,386,27,0,0,0,0,0,111,210,0,0,0,0,129,0,0,0,0,0,0,0,0,0,0,0,3,0,3,1,1,1,1,0,2,1,0,0,0,0,0,0,0,1,0,0,0,0,0,0,0,0,0,0,0,0,0,0,1,0,0,0,0,0,7079,0,45,644,237,193,37,0,13,386,0,0,0,0,0,0,0,1274,0,0,0,0,0,0,0,0,0,0,0,0,0,0,64,0,0,0,0,0,6435,0,8,644,237,193,37,0,13,386,0,0,0,0,0,0,0,1274,0,0,0,0,0,0,0,0,0,0,0,0,0,0,64,0,0,0,0,0,0,7,0,0,0,0,6,0,0,0,0,0,0,0,0,0,0,0,0,0,0,0,0,0,0,0,0,0,0,0,0,0,0,0,0,0,8,0,0,0,0,0,0,0,0,0,0,0,0,0,0,0,0,0,0,0,0,0,0,0,0,0,0,0,0,0,8,0,0,0,0,0,0,0,0,0,0,0,0,0,0,0,0,0,0,0,0,0,0,0,0,0,0,0,0,0,0,0,0,1,0,0,,0,0,0,0,0,0,0,0,0,,0,0,0,0,0,0,0,0,0,0,0,0,0,0,0,0,0,,0,0,0,0,0,0,0,0,0,,0,0,0,0,0,0,0,0,0,0,0,0,0,0,0,0,0,,0,0,0,0,0,0,0,0,0,,0,0,0,0,0,0,0,0,0,0,0,0,0,0,0,0,0,0,0,0,0,0,0,0,0,0,0,0,0,0,0,0,0,0,0,,0,0,0,0,0,0,0,0,0,0,0,0,0,0,0,0,0,0,0,0,0,0,0,0,0,0,0,0,0,0,0,,0,0,0,0,0,0,0,0,0,0,0,0,0,0,0,0,0,0,0,0,0,0,0,0,0,0,0,0,0,0,0,,0,2,0,2,0,2,0,0,0,0,1,0,0,1,0,0,0,0,0,0,0,0,0,0,0,0,0,0,0,0,0,0,0,0,0,0,0,0,0,0,0,0,0,0,0,0,0,0,0,0,0,0,0,0,0,0,0,0,0,0,0,0,0,0,0,0,0,0,0,0,0,0,0,0,0,0,0,0,0,0,0,0,0,0,0,0,0,0,0,0,0,0,0,0,0,0,0,0,0,0,0,0,0,0,0,0,0,0,0,0,0,0,0,,,0,,,0,,,0,0,0,0,0,0,0,0,0,0,0,0,0,,,,0,0,0,0,0,0,0,0,0,0,0,0,0,0,0,0,0,0,0,0,0,0,0,0,0,0,0,0,0,0,0,0,0,0,0,0,0,0,0,0,0,0,0,0,0,0,0,0,0,0,0,0,0,0,0,0,0,0,0,0,0,0,0,0,0,0,0,0,0,0,0,0,0,0,0,0,0,0,0,0,0,0,0,0,0,0,0,0,0,0,0,0,0,0,0,0,0,0,0,0,0,0,0,0,0,0,0,0,0,0,0,0,0,0,0,0,0,0,0,0,0,0,0,0,0,0,0,0,0,0,0,0,0,0,0,0,0,0,0,0,0,0,0,0,0,0,0,0,0,0,0,0,0,0,0,0,0,0,0,0,0,0,0,0,0,0,0,0,0,0,0,0,0,0,0,0,0,0,0,0,0,0,0,0,0,0,0,0,0,0,0,0,0,0,0,0,0,0,0,0,0,0,0,0,0,0,0,0,0,0,0,0,0,0,0,0,0,0,0,0,0,0,0,0,0,0,0,0,0,0,0,0,0,0,0,0,0,0,0,0,0,0,0,0,0,0,0,0,0,0,0,0,0,0,0,0,0,0,0,0,0,0,0,0,0,0,0,0,0,0,0,0,0,0,0,0,0,0,0,0,0,0,0,0,0,0,0,0,0,0,0,0,0,0,0,0,0,0,0,0,0,0,0,0,0,0,0,0,0,0,0,0,,0,,,,0,0,0,0,,0,,,,0,0,0,0,,0,,,,0,0,0,0,0,0,0,0,0,0,0,0,0,0,0,0,0,0,0,0,0,0,0,0,0,0,0,0,0,0,0,0,0,0,0,0,0,,0,0,0,,0,0,0,0,0,0,,0,0,0,,0,0,0,0,0,0,,0,0,0,,0,0,0,0,0,0,0,0,0,0,0,0,0,,0,0,,0,0,,0,0,0,0,0,0,0,0,0,0,0,,0,,0,,0,,0,0,0,0,,0,0,0,0,,0,0,0,,,,,,,,,,,,,,,,,,
KS0700100,2015,Osage City Police Department,Kansas,2842,5,2,13,1,3,2,0,9,0,18,0,10,1,0,1,3,10,0,5,3,0,0,0,0,1,0,0,0,0,0,0,0,0,5,0,0,0,0,0,0,0,0,8228,45,35,675,386,1787,0,376,0,259,0,368,19,0,2571,255,130,0,105,418,0,0,0,0,140,0,0,0,0,0,0,0,0,309,0,0,0,0,0,0,0,0,3214,45,35,675,386,1787,0,68,0,85,0,164,19,0,2571,321,55,0,103,386,0,0,0,0,140,0,0,0,0,0,0,0,0,32,0,0,0,0,0,0,0,0,4,2,1,6,0,0,0,9,1,0,0,0,1,4,1,0,1,1,1,0,0,0,0,0,3,2,0,0,0,0,0,0,0,0,0,0,0,0,0,0,0,0,389,231,201,247,0,0,0,162,26,0,0,0,1286,225,129,0,386,257,643,0,0,0,0,0,302,386,0,0,0,0,0,0,0,0,0,0,0,0,0,0,0,0,450,231,201,193,0,0,0,41,26,0,0,0,1286,129,129,0,386,257,643,0,0,0,0,0,302,386,0,0,0,0,0,0,0,0,0,0,0,0,0,0,0,0,1,2,0,0,0,1,0,0,3,2,0,0,0,0,0,2,0,1,0,0,0,0,0,0,0,0,0,0,0,0,0,0,0,0,0,0,0,0,3214,45,0,0,0,746,0,0,291,51,0,0,0,0,0,116,0,140,0,0,0,0,0,0,0,0,0,0,0,0,0,0,0,0,0,0,0,0,3214,45,0,0,0,746,0,0,64,51,0,0,0,0,0,116,0,140,0,0,0,0,0,0,0,0,0,0,0,0,0,0,0,0,0,0,0,0,0,2,0,0,0,0,3,0,0,0,0,0,0,0,0,0,0,0,0,0,0,0,0,0,0,0,0,0,0,0,0,0,0,0,0,0,0,0,0,0,0,0,0,0,0,0,0,0,0,0,0,0,0,0,0,0,0,0,0,0,0,0,0,0,0,0,0,0,0,0,0,0,0,0,0,0,0,0,0,0,0,0,0,0,0,0,0,0,0,0,0,2,0,0,0,0,0,0,0,2,0,2,0,0,0,0,0,0,0,0,0,0,0,0,0,0,0,0,0,3,0,0,0,0,0,0,0,270,0,0,0,0,0,0,0,0,0,0,0,0,0,0,0,0,0,0,0,3,0,0,0,0,0,0,0,270,0,0,0,0,0,0,0,0,0,0,0,0,0,0,0,0,0,0,0,0,0,0,0,0,0,0,0,0,0,0,0,0,0,0,0,0,0,0,0,0,0,0,0,0,0,0,0,0,0,0,0,0,0,0,0,0,0,0,0,0,0,0,0,0,0,0,0,0,0,0,0,0,0,0,0,0,0,0,0,0,0,0,0,0,0,0,0,0,0,0,0,0,0,0,0,0,0,0,0,0,0,0,0,0,0,0,0,0,0,0,0,0,0,0,0,0,2,0,0,0,0,0,0,0,0,0,0,0,0,0,0,0,0,0,0,0,0,0,0,0,0,0,0,0,0,0,0,0,0,0,0,0,0,0,0,0,0,0,0,0,0,0,0,0,0,0,0,,0,0,0,,0,0,0,,0,0,0,0,0,0,0,0,0,0,0,0,0,0,,0,0,0,,0,0,0,,0,0,0,0,0,0,,,,0,0,0,0,0,0,,,,0,0,0,0,0,0,0,0,0,,0,0,,0,0,,0,0,0,0,0,,,,0,0,0,0,0,0,0,0,0,0,0,0,0,0,0,0,0,0,0,0,0,0,0,0,0,0,0,0,0,0,0,0,0,0,0,0,0,0,0,0,0,0,0,0,0,0,0,0,0,0,0,0,0,0,0,0,0,0,0,0,0,0,0,0,0,0,0,0,0,0,0,0,0,0,0,0,0,0,0,0,0,0,0,0,0,0,0,0,0,0,0,0,0,0,0,0,0,0,0,0,0,0,0,0,0,0,0,0,0,0,0,0,0,0,0,0,0,0,0,0,0,0,0,0,0,0,0,0,0,0,0,0,0,0,0,0,0,0,0,0,0,0,0,0,0,0,0,0,0,0,0,0,0,0,0,0,0,0,0,0,0,0,0,0,0,0,0,0,0,0,0,0,0,0,0,0,0,0,0,0,0,0,0,0,0,0,0,0,0,0,0,0,0,0,0,0,0,0,0,0,0,0,0,0,0,0,0,0,0,0,0,0,0,0,0,0,0,0,0,0,0,0,0,0,0,0,0,0,0,0,0,0,0,0,0,0,0,0,0,0,0,0,0,0,0,0,0,0,0,0,0,0,0,0,0,0,0,0,0,0,0,0,0,0,0,0,0,0,0,0,0,0,0,0,0,0,0,0,0,0,0,0,0,0,0,0,0,0,0,0,0,0,0,0,0,0,0,0,0,0,0,0,,0,0,0,0,0,0,0,,0,0,0,0,0,0,0,,0,0,,0,,0,0,0,,0,0,,0,,0,0,0,,0,0,,0,,0,0,0,,0,0,0,0,0,0,0,0,0,0,0,0,0,0,0,0,0,0,0,0,0,0,0,0,0,0,0,0,0,0,0,0,0,0,0,0,0,0,0,0,0,0,0,0,0,0,0,0,0,0,0,0,0,0,0,0,0,0,0,0,0,0,0,0,0,0,0,0,0,0,0,0,0,0,,0,0,,0,0,,0,0,0,0,0,0,0,0,0,0,0,0,,0,,0,,0,0,,0,0,0,0,,0,0,0,0,,0,0,0,0,0,0,0,0,,,,,,,,,,,,
KS0700100,2016,Osage City Police Department,Kansas,2825,3,2,9,3,4,2,0,11,2,26,0,3,0,0,0,1,7,0,3,5,2,2,0,2,1,0,0,0,1,0,0,0,0,4,0,0,0,0,0,0,0,0,8675,13,47,1072,490,1936,0,588,378,169,0,270,0,0,0,13,241,0,412,510,0,814,0,136,0,0,0,0,7617,0,0,0,0,93,0,0,0,0,0,0,0,0,6348,13,27,1072,524,1936,0,127,378,63,0,270,0,0,0,13,44,0,254,381,0,814,0,136,0,0,0,0,7617,0,0,0,0,89,0,0,0,0,0,0,0,0,4,0,0,1,0,0,0,12,0,0,0,0,0,7,0,0,1,0,1,0,0,0,0,0,1,1,0,0,0,0,1,0,0,0,0,0,0,0,0,0,0,0,1575,0,0,25,0,0,0,82,0,0,0,0,0,905,0,0,63,0,51,0,0,0,0,0,127,51,0,0,0,0,381,0,0,0,0,0,0,0,0,0,0,0,1333,0,0,25,0,0,0,32,0,0,0,0,0,127,0,0,63,0,51,0,0,0,0,0,127,51,0,0,0,0,381,0,0,0,0,0,0,0,0,0,0,0,2,1,0,0,0,1,1,0,11,0,0,0,1,0,0,0,0,0,0,0,0,1,0,0,0,0,0,0,1,0,0,0,1,0,0,0,0,0,11426,13,0,0,0,825,25,0,23,0,0,0,57,0,0,0,0,0,0,0,0,635,0,0,0,0,0,0,7617,0,0,0,63,0,0,0,0,0,11426,13,0,0,0,825,25,0,13,0,0,0,57,0,0,0,0,0,0,0,0,635,0,0,0,0,0,0,7617,0,0,0,63,0,0,0,0,0,0,4,0,0,0,0,5,0,0,0,0,0,0,0,0,0,0,0,0,0,0,0,0,0,0,0,0,0,0,0,0,0,0,0,0,0,5,0,0,0,0,0,0,0,0,0,0,0,0,0,0,0,0,0,0,0,0,0,0,0,0,0,0,0,0,0,5,0,0,0,0,0,0,0,0,0,0,0,0,0,0,0,0,0,0,0,0,0,0,0,0,0,0,0,0,0,0,0,0,0,0,1,,0,0,,0,0,0,0,0,0,0,0,0,0,0,0,0,0,0,0,0,0,0,0,0,0,0,0,,0,0,,0,0,0,0,0,0,0,0,0,0,0,0,0,0,0,0,0,0,0,0,0,0,0,0,,0,0,,0,0,0,0,0,0,0,0,0,0,0,0,0,0,0,0,0,0,0,0,0,0,0,0,1,0,0,0,0,0,0,0,0,0,0,0,0,0,0,0,0,0,0,0,0,0,0,0,0,0,0,0,0,0,0,0,63,0,0,0,0,0,0,0,0,0,0,0,0,0,0,0,0,0,0,0,0,0,0,0,0,0,0,0,0,0,0,0,63,0,0,0,0,0,0,0,0,0,0,0,0,0,0,0,0,0,0,0,0,0,2,0,1,0,0,0,0,0,0,0,0,1,0,0,0,0,0,0,0,0,0,0,0,0,0,0,0,0,0,0,0,0,0,0,0,0,0,0,0,0,0,0,0,0,0,0,0,0,0,0,0,0,0,0,0,0,0,0,0,0,0,0,0,0,0,0,0,0,0,0,0,0,0,0,0,0,0,0,0,0,0,0,0,0,0,0,0,0,0,0,0,0,0,0,0,0,0,0,0,0,0,0,0,0,0,0,0,0,0,0,0,,0,0,,0,0,,0,0,0,0,0,0,0,0,0,0,0,0,0,0,0,0,0,0,0,0,0,0,0,0,0,0,0,0,0,0,0,0,0,0,0,0,0,0,0,0,0,0,0,0,0,0,0,0,0,0,0,0,0,0,0,0,0,0,0,0,0,0,0,0,0,0,0,0,0,0,0,0,0,0,0,0,0,0,0,0,0,0,0,0,0,0,0,0,0,0,0,0,0,0,0,0,0,0,0,0,0,0,0,0,0,0,0,0,0,0,0,0,0,0,0,0,0,0,0,0,0,0,0,0,0,0,0,0,0,0,0,0,0,0,0,0,0,0,0,0,0,0,0,0,0,0,0,0,0,0,0,0,0,0,0,0,0,0,0,0,0,0,0,0,0,0,0,0,0,0,0,0,0,0,0,0,0,0,0,0,0,0,0,0,0,0,0,0,0,0,0,0,0,0,0,0,0,0,0,0,0,0,0,0,0,0,0,0,0,0,0,0,0,0,0,0,0,0,0,0,0,0,0,0,0,0,0,0,0,0,0,0,0,0,0,0,0,0,0,0,0,0,0,0,0,0,0,0,0,0,0,0,0,0,0,0,0,0,0,0,0,0,0,0,0,0,0,0,0,0,0,0,0,0,0,0,0,0,0,0,0,0,0,0,0,0,0,0,0,0,0,0,0,0,0,0,0,0,0,0,0,0,0,0,0,0,0,0,0,0,0,0,0,0,0,0,0,0,0,0,0,0,0,0,0,0,0,0,,0,0,0,0,0,0,0,0,,0,0,0,0,0,0,0,0,,0,0,0,0,0,0,0,0,0,0,0,0,0,0,0,0,0,0,0,0,0,0,0,0,0,0,0,0,0,0,0,0,0,0,0,0,0,0,0,0,0,0,0,0,0,,,0,0,0,0,0,0,0,0,0,,,0,0,0,0,0,0,0,0,0,,,0,0,0,0,0,0,0,0,0,0,0,0,0,0,0,0,0,0,0,0,0,0,0,0,0,0,0,0,0,0,0,0,0,0,0,0,0,0,0,0,0,0,0,0,0,0,0,0,0,0,,,,,,,0,0,0,0,0,0,,,,,,
KS0700100,2017,Osage City Police Department,Kansas,2820,5,2,8,6,3,3,0,12,0,13,0,2,0,0,1,8,5,0,4,2,2,3,0,2,1,0,0,0,0,0,0,0,0,3,0,0,0,0,0,0,0,0,4773,68,40,422,31081,348,0,314,0,1217,0,625,0,0,62,212,24,0,202,1927,0,2367,0,19,249,0,0,0,0,0,0,0,0,497,0,0,0,0,0,0,0,0,1865,68,35,435,9,62,0,106,0,99,0,625,0,0,62,87,23,0,155,1927,0,2367,0,19,249,0,0,0,0,0,0,0,0,497,0,0,0,0,0,0,0,0,3,0,0,1,0,0,0,8,0,0,0,0,0,4,0,0,1,0,2,0,0,0,0,0,0,4,0,0,0,0,2,0,0,0,0,0,0,0,0,0,0,0,215,0,0,7,0,0,0,154,0,0,0,0,0,1004,0,0,373,0,202,0,0,0,0,0,0,1607,0,0,0,0,1585,0,0,0,0,0,0,0,0,0,0,0,124,0,0,7,0,0,0,81,0,0,0,0,0,746,0,0,373,0,202,0,0,0,0,0,0,451,0,0,0,0,1585,0,0,0,0,0,0,0,0,0,0,0,2,0,0,1,1,0,0,0,1,0,0,1,1,0,0,3,0,0,0,0,0,0,0,0,0,0,0,0,0,0,0,0,0,0,0,0,0,0,746,0,0,497,9,0,0,0,124,0,0,62,21,0,0,157,0,0,0,0,0,0,0,0,0,0,0,0,0,0,0,0,0,0,0,0,0,0,746,0,0,497,9,0,0,0,124,0,0,62,21,0,0,160,0,0,0,0,0,0,0,0,0,0,0,0,0,0,0,0,0,0,0,0,0,0,0,3,0,0,0,0,4,0,0,0,0,0,0,0,0,0,0,0,0,0,0,0,0,0,0,0,0,0,0,0,0,0,0,0,0,0,15,0,0,0,0,0,0,0,0,0,0,0,0,0,0,0,0,0,0,0,0,0,0,0,0,0,0,0,0,0,12,0,0,0,0,0,0,0,0,0,0,0,0,0,0,0,0,0,0,0,0,0,0,0,0,2,0,0,0,0,0,0,0,2,0,0,0,0,0,0,0,0,0,0,0,0,,0,0,0,0,0,0,124,0,0,0,0,0,0,0,12301,0,0,0,0,0,0,0,0,0,0,0,0,,0,0,0,0,0,0,124,0,0,0,0,0,0,0,12301,0,0,0,0,0,0,0,0,0,0,0,0,,0,0,0,0,0,0,0,0,0,0,,0,0,0,0,0,0,0,0,0,0,0,0,0,0,0,0,0,0,0,0,0,0,0,0,0,0,0,0,0,0,0,,0,0,0,0,0,0,0,0,0,0,0,0,0,0,0,0,0,0,0,0,0,0,0,0,0,0,0,0,0,0,0,,0,0,0,0,0,0,0,0,0,0,0,0,0,0,0,0,0,0,0,0,0,0,0,0,0,0,0,0,3,0,2,0,0,0,0,0,0,0,0,0,0,0,0,0,0,0,0,0,0,0,0,0,0,0,0,0,0,0,0,0,0,0,0,0,0,0,0,0,0,0,0,0,0,0,0,0,0,0,0,0,0,0,0,0,0,0,0,0,0,0,0,0,0,0,0,0,0,0,0,0,0,0,0,0,0,0,0,0,0,0,0,0,0,0,0,0,0,0,0,0,0,0,0,0,0,0,0,0,0,0,0,0,0,0,0,0,0,0,0,0,0,0,0,0,0,0,0,0,0,0,0,0,0,0,0,0,0,0,0,0,0,0,0,0,0,0,0,0,0,0,0,0,0,0,0,0,0,0,0,0,0,0,0,0,0,0,0,0,0,0,0,0,0,0,0,0,0,0,0,0,0,0,0,0,0,0,0,0,0,0,0,0,0,0,0,0,0,0,0,0,0,0,0,0,0,0,0,0,0,0,0,0,0,0,0,0,0,0,0,0,0,0,0,0,0,0,0,0,0,0,0,0,0,0,0,0,0,0,0,0,0,0,0,0,0,0,0,0,0,0,0,0,0,0,0,0,0,0,0,0,0,0,0,0,0,0,0,0,0,0,0,0,0,0,0,0,0,0,0,0,0,0,0,0,0,0,0,0,0,0,0,0,0,0,0,0,0,0,0,0,0,0,0,0,0,0,0,0,0,0,0,0,0,0,0,0,0,0,0,0,0,0,0,0,0,0,0,0,0,0,0,0,0,0,0,0,0,0,0,0,0,0,0,0,0,0,0,0,0,0,0,0,0,0,0,0,0,0,0,0,0,0,0,0,0,0,0,0,0,0,0,0,0,0,0,0,0,0,0,0,0,0,0,0,0,0,0,0,0,0,0,0,0,0,0,0,0,0,0,0,0,0,0,0,0,0,0,0,0,0,0,0,0,0,0,0,0,0,0,0,0,0,0,0,0,0,0,0,0,0,0,0,0,0,0,0,0,0,0,0,0,0,0,0,0,0,0,0,0,0,0,0,0,0,0,0,,0,,0,0,0,0,0,0,,0,,0,0,0,0,0,0,,0,,0,0,0,0,0,0,0,0,0,0,0,0,0,0,0,0,0,0,0,0,0,0,0,0,0,0,0,0,0,0,0,0,0,0,0,0,0,0,0,0,0,0,0,0,0,0,0,0,0,0,0,0,0,0,0,0,0,0,0,0,0,0,0,0,0,0,0,0,0,0,0,0,0,0,0,0,0,0,0,0,0,0,0,0,0,0,0,0,0,0,0,0,0,0,0,0,0,0,0,0,0,0,0,,,0,0,0,,,0,0,0,,,0,0,0,,,,,,,,,,0,0,0,,,
KS0700100,2018,Osage City Police Department,Kansas,2777,2,1,7,2,0,0,0,10,0,3,0,1,1,0,0,3,5,0,0,0,4,0,0,1,0,0,0,0,0,0,0,0,0,0,0,0,0,0,0,0,0,0,9101,24,26,419,0,0,0,3698,0,1354,0,243,8,0,0,4291,996,0,0,0,0,0,0,36,0,0,0,0,0,0,0,0,0,0,0,0,0,0,0,0,0,0,9101,24,18,419,0,0,0,36,0,133,0,243,8,0,0,374,61,0,0,0,0,0,0,36,0,0,0,0,0,0,0,0,0,0,0,0,0,0,0,0,0,0,4,0,0,1,0,0,0,5,1,0,0,0,0,3,0,0,2,0,0,0,0,0,0,0,0,5,0,0,0,0,0,0,0,0,0,0,0,0,0,0,0,0,341,0,0,2184,0,0,0,704,36,0,0,0,0,283,0,0,151,0,0,0,0,0,0,0,0,390,0,0,0,0,0,0,0,0,0,0,0,0,0,0,0,0,121,0,0,2184,0,0,0,364,36,0,0,0,0,121,0,0,151,0,0,0,0,0,0,0,0,55,0,0,0,0,0,0,0,0,0,0,0,0,0,0,0,0,1,0,0,0,0,0,0,0,0,0,0,0,0,0,0,0,0,0,0,0,0,0,0,0,0,0,0,0,0,0,0,0,0,0,0,0,0,0,12134,0,0,0,0,0,0,0,0,0,0,0,0,0,0,0,0,0,0,0,0,0,0,0,0,0,0,0,0,0,0,0,0,0,0,0,0,0,12134,0,0,0,0,0,0,0,0,0,0,0,0,0,0,0,0,0,0,0,0,0,0,0,0,0,0,0,0,0,0,0,0,0,0,0,0,0,0,8,0,0,0,0,12,0,0,0,0,0,0,0,0,0,0,0,0,0,0,0,0,0,0,0,0,0,0,0,0,0,0,0,0,0,25,0,0,0,0,0,0,0,0,0,0,0,0,0,0,0,0,0,0,0,0,0,0,0,0,0,0,0,0,0,9,0,0,0,0,0,0,0,0,0,0,0,0,0,0,0,0,0,0,0,0,0,0,0,0,0,0,0,0,0,0,0,0,1,0,0,,0,0,0,0,0,0,0,0,0,0,0,0,0,0,0,0,0,0,0,0,0,0,0,0,0,0,0,,0,0,0,0,0,0,0,0,0,0,0,0,0,0,0,0,0,0,0,0,0,0,0,0,0,0,0,,0,0,0,0,0,0,0,0,0,0,0,0,0,0,0,0,0,0,0,4,0,0,0,0,0,0,0,0,0,0,0,0,0,0,0,0,0,0,0,0,0,0,0,0,0,0,0,0,0,0,0,6,0,0,0,0,0,0,0,0,0,0,0,0,0,0,0,0,0,0,0,0,0,0,0,0,0,0,0,0,0,0,0,6,0,0,0,0,0,0,0,0,0,0,0,0,0,0,0,0,0,0,0,0,0,0,0,0,0,0,0,0,0,3,1,5,0,0,0,0,0,0,0,0,0,0,0,0,0,0,0,0,0,0,0,0,0,0,0,0,0,0,0,0,0,0,0,0,0,0,0,0,0,0,0,0,0,0,0,0,0,0,0,0,,0,0,0,,0,0,0,,0,0,0,0,0,0,0,0,0,0,0,0,0,0,0,0,0,0,0,0,0,0,0,0,0,0,,,,,,,,0,,0,,0,0,0,0,0,0,0,0,0,0,0,0,0,,0,0,,0,0,,0,0,0,0,0,0,0,0,0,0,0,0,0,0,0,0,0,0,3,1,0,1,0,0,0,0,0,0,3,0,3,0,3,0,0,0,0,0,0,0,0,0,1274,194,0,61,0,0,0,0,0,0,62,0,0,0,1982,0,0,0,0,0,0,0,0,0,1274,194,0,61,0,0,0,0,0,0,64,0,0,0,1213,0,0,0,0,0,0,0,0,0,0,0,0,0,0,0,0,0,7,0,0,23,0,0,30,0,0,0,0,0,0,0,0,0,0,0,0,0,0,0,0,0,0,0,0,0,0,0,0,0,0,0,0,0,0,0,0,0,0,0,0,0,0,0,0,0,0,0,0,0,0,0,0,0,0,0,0,0,0,0,0,0,0,0,0,0,0,0,0,0,0,0,0,0,0,0,0,0,0,0,0,0,0,0,0,0,0,0,0,0,0,0,0,0,0,0,0,0,0,0,0,0,0,0,0,0,0,0,0,0,0,0,0,0,0,0,0,0,0,0,0,0,0,0,0,0,0,0,0,0,0,0,0,0,0,0,0,0,0,0,0,0,0,0,0,0,0,0,0,0,0,0,0,0,0,0,0,0,0,0,0,0,0,0,0,0,0,0,0,0,0,0,0,0,0,0,1,0,0,0,0,0,0,0,0,0,0,194,0,0,0,0,0,0,0,0,0,0,194,0,0,0,0,0,0,0,0,0,0,0,0,0,0,0,0,0,0,0,0,0,0,0,0,0,0,0,0,0,0,0,0,,0,0,0,0,0,0,0,0,,0,0,0,0,0,0,0,0,,0,0,0,0,0,0,0,0,0,0,0,0,0,0,0,0,0,0,0,0,0,0,0,0,0,0,0,0,0,0,0,0,0,0,0,0,0,0,0,0,0,0,0,0,0,0,0,0,0,0,0,0,0,0,0,0,0,0,0,0,0,0,0,0,0,0,0,0,0,0,0,0,0,0,0,0,0,0,0,0,0,0,0,0,0,0,0,0,0,0,0,0,0,0,0,0,0,0,0,0,0,0,0,0,0,0,0,0,0,0,0,0,0,0,0,0,0,0,0,0,0,0,0,0,0,0,0,0,0,0,0,0,,,
KS0700100,2019,Osage City Police Department,Kansas,2807,5,1,2,0,0,1,0,7,0,3,0,3,0,0,0,2,4,0,1,4,6,2,0,2,1,0,0,0,0,0,0,0,0,0,0,0,0,0,0,0,0,0,5149,24,0,0,0,42,0,770,0,192,0,207,0,0,0,426,213,0,119,694,0,266,0,13,143,0,0,0,0,0,0,0,0,0,0,0,0,0,0,0,0,0,2384,24,0,0,0,42,0,119,0,5,0,12,0,0,0,426,24,0,119,417,0,266,0,13,143,0,0,0,0,0,0,0,0,0,0,0,0,0,0,0,0,0,2,0,0,1,0,0,0,3,0,0,0,0,0,4,0,0,0,0,3,0,0,0,0,0,0,2,0,0,0,0,0,0,0,0,0,0,0,0,0,0,0,0,2264,0,0,119,0,0,0,18,0,0,0,0,0,150,0,0,0,0,432,0,0,0,0,0,0,417,0,0,0,0,0,0,0,0,0,0,0,0,0,0,0,0,2264,0,0,119,0,0,0,0,0,0,0,0,0,119,0,0,0,0,432,0,0,0,0,0,0,417,0,0,0,0,0,0,0,0,0,0,0,0,0,0,0,0,1,0,0,0,0,1,0,0,0,0,0,0,0,0,0,0,0,0,0,0,0,1,0,0,0,1,0,0,0,0,0,0,0,0,0,0,0,0,2384,0,0,0,0,42,0,0,0,0,0,0,0,0,0,0,0,0,0,0,0,36,0,0,0,14,0,0,0,0,0,0,0,0,0,0,0,0,2384,0,0,0,0,42,0,0,0,0,0,0,0,0,0,0,0,0,0,0,0,36,0,0,0,14,0,0,0,0,0,0,0,0,0,0,0,0,0,5,0,0,0,0,3,0,0,0,0,0,0,0,0,0,0,0,0,0,0,0,0,0,0,0,0,0,0,0,0,0,0,0,0,0,0,0,0,0,0,0,0,0,0,0,0,0,0,0,0,0,0,0,0,0,0,0,0,0,0,0,0,0,0,0,0,0,0,0,0,0,0,0,0,0,0,0,0,0,0,0,0,0,0,0,0,0,0,0,0,1,0,0,0,0,0,0,0,0,0,0,0,0,0,0,0,0,0,0,0,0,,0,0,0,0,0,0,60,0,0,0,0,0,0,0,0,0,0,0,0,0,0,0,0,0,0,0,0,,0,0,0,0,0,0,60,0,0,0,0,0,0,0,0,0,0,0,0,0,0,0,0,0,0,0,0,,0,0,0,0,0,0,0,0,0,0,0,0,0,0,0,0,0,0,0,0,0,0,0,0,0,0,0,0,0,0,0,0,0,0,0,0,0,0,0,0,0,0,0,0,0,0,0,0,0,0,0,0,0,0,0,0,0,0,0,0,0,0,0,0,0,0,0,0,0,0,0,0,0,0,0,0,0,0,0,0,0,0,0,0,0,0,0,0,0,0,0,0,0,0,0,0,0,0,0,0,0,0,0,2,0,4,0,0,0,0,0,0,0,0,0,0,0,0,0,0,0,0,0,0,0,0,0,0,0,0,0,0,0,0,0,0,0,0,0,0,0,0,0,0,0,0,0,0,0,0,0,0,0,0,,0,0,0,,0,0,0,,0,0,0,0,0,0,0,0,0,0,0,0,0,0,0,0,0,0,0,0,0,0,0,0,0,0,0,0,0,0,0,0,0,0,0,0,0,0,0,0,0,0,0,0,0,0,0,0,0,0,0,0,0,0,0,0,0,0,0,0,0,0,0,0,0,0,0,0,0,0,0,0,0,0,1,0,0,0,1,0,0,1,1,0,2,2,0,1,0,0,0,0,0,0,0,1,1,0,238,0,0,0,24,0,0,36,179,0,0,26,0,0,0,0,0,0,0,0,0,60,13,0,238,0,0,0,24,0,0,36,179,0,0,26,0,0,0,0,0,0,0,0,0,60,13,0,0,0,0,0,0,0,0,0,0,4,0,0,139,0,0,30,0,0,0,0,0,0,0,0,0,0,0,0,1,0,0,0,0,1,0,0,0,0,0,0,0,1,0,0,0,0,0,0,36,0,0,0,0,0,0,0,13,0,0,0,0,0,0,36,0,0,0,0,0,0,0,13,0,0,0,0,0,0,0,0,0,0,0,1,0,0,0,0,0,0,0,0,0,0,0,0,0,0,0,0,0,0,0,0,0,0,0,0,0,0,0,0,0,0,0,0,0,0,0,0,0,0,0,0,0,0,0,0,0,0,0,0,0,0,0,0,0,0,0,0,0,0,0,0,0,0,0,0,0,0,0,0,0,0,0,0,0,0,0,0,0,0,0,0,0,0,0,0,0,0,0,0,0,0,0,0,0,0,0,0,0,0,0,0,0,0,0,0,0,0,0,0,0,0,0,0,0,0,0,0,0,0,0,0,0,0,0,0,0,0,0,0,0,0,0,0,0,0,0,0,0,0,0,0,0,0,0,0,0,0,0,0,0,0,0,0,0,0,0,0,0,0,,0,0,0,0,0,0,0,0,,0,0,0,0,0,0,0,0,,0,0,0,0,0,0,0,0,0,0,0,0,0,0,0,0,0,0,0,0,0,0,0,0,0,0,0,0,0,0,0,0,0,0,0,0,0,0,0,0,0,0,0,0,0,0,0,0,0,0,0,0,0,0,0,0,0,0,0,0,0,0,0,0,0,0,0,0,0,0,0,0,0,0,0,0,0,0,0,0,0,0,0,0,0,0,0,0,0,0,0,0,0,0,0,0,0,0,0,0,0,0,0,,0,0,,0,,0,0,,0,,0,0,,0,0,0,0,0,0,0,0,0,0,0,0,0,0,0,0,0,0
KS0700100,2020,Osage City Police Department,Kansas,2795,3,5,2,1,1,1,0,2,0,5,0,5,0,0,0,4,9,0,2,3,8,1,1,1,2,0,0,0,1,1,0,0,0,2,0,0,0,0,0,0,0,0,7849,31,15,530,24,12,0,26,0,2357,0,88,0,0,0,259,471,0,474,334,0,0,0,12,712,0,0,0,4709,7064,0,0,0,111,0,0,0,0,0,0,0,0,7653,25,15,530,24,12,0,26,0,0,0,47,0,0,0,165,471,0,474,235,0,0,0,12,712,0,0,0,4709,7064,0,0,0,111,0,0,0,0,0,0,0,0,2,0,0,0,0,0,0,1,0,0,0,0,0,1,2,0,0,0,1,0,0,0,0,0,0,0,0,0,0,0,1,0,0,0,0,0,0,0,0,0,1,0,1177,0,0,0,0,0,0,0,0,0,0,0,0,0,177,0,0,0,0,0,0,0,0,0,0,0,0,0,0,0,235,0,0,0,0,0,0,0,0,0,0,0,1177,0,0,0,0,0,0,0,0,0,0,0,0,0,177,0,0,0,0,0,0,0,0,0,0,0,0,0,0,0,235,0,0,0,0,0,0,0,0,0,0,0,2,1,1,1,0,0,0,0,1,1,0,0,1,1,0,1,0,1,0,0,1,0,0,0,0,1,0,0,0,0,0,0,0,0,0,0,0,0,2649,26,24,465,0,0,0,0,0,18,0,0,0,118,0,824,0,12,0,0,0,0,0,0,0,12,0,0,0,0,0,0,0,0,0,0,0,0,2649,26,24,465,0,0,0,0,0,18,0,0,0,118,0,824,0,12,0,0,0,0,0,0,0,12,0,0,0,0,0,0,0,0,0,0,0,0,0,4,0,0,0,0,9,0,0,0,0,0,0,0,0,0,0,0,0,0,0,0,0,0,0,0,0,0,0,0,0,0,0,0,0,0,14,0,0,0,0,0,0,0,0,0,0,0,0,0,0,0,0,0,0,0,0,0,0,0,0,0,0,0,0,0,14,0,0,0,0,0,0,0,0,0,0,0,0,0,0,0,0,0,0,0,0,0,0,0,0,0,0,0,0,0,0,0,0,0,0,0,0,0,0,0,0,0,0,0,0,0,,0,0,0,0,0,0,0,0,0,0,0,0,0,0,0,0,0,0,0,0,0,0,0,0,0,0,0,,0,0,0,0,0,0,0,0,0,0,0,0,0,0,0,0,0,0,0,0,0,0,0,0,0,0,0,,0,0,0,0,0,0,0,0,0,0,0,0,0,0,0,0,0,0,0,0,0,0,0,0,0,0,0,0,0,0,0,0,0,0,0,0,0,0,0,0,0,0,0,0,0,0,0,0,0,0,0,0,0,0,0,0,0,0,0,0,0,0,0,0,0,0,0,0,0,0,0,0,0,0,0,0,0,0,0,0,0,0,0,0,0,0,0,0,0,0,0,0,0,0,0,0,0,0,0,0,0,0,0,4,0,0,1,0,0,0,0,0,0,0,0,0,0,0,0,0,0,0,0,0,0,0,0,0,0,0,0,0,0,0,0,0,0,0,0,0,0,0,0,,0,0,,0,0,,0,0,0,0,,0,0,0,,0,0,0,,0,0,0,0,0,0,0,0,0,0,0,0,0,0,0,0,0,0,0,0,0,0,0,0,0,0,0,0,0,0,0,0,0,0,0,0,0,0,0,0,0,0,0,0,0,0,0,0,0,0,,0,0,,0,0,,0,0,0,0,0,0,0,0,0,0,0,0,0,0,0,0,0,0,3,1,0,1,0,0,0,0,0,3,1,0,4,0,1,0,0,0,0,0,0,0,0,0,526,35,0,235,0,0,0,0,0,0,12,0,0,0,0,0,0,0,0,0,0,0,0,0,275,35,0,235,0,0,0,0,0,0,12,0,0,0,0,0,0,0,0,0,0,0,0,0,0,0,0,0,0,0,0,0,3,0,0,44,0,0,44,0,0,0,0,0,0,0,0,0,0,0,0,0,1,0,0,1,0,0,0,0,0,0,0,0,0,0,0,0,0,0,0,0,0,0,0,0,0,0,0,0,0,0,0,0,0,0,0,0,0,0,0,0,0,0,0,0,0,0,0,0,0,0,0,0,1,0,0,0,0,0,0,0,0,0,0,0,0,0,0,0,0,0,0,0,1,0,0,0,0,0,0,0,0,0,0,0,0,0,0,0,0,0,0,0,0,0,0,0,0,0,0,0,0,0,0,0,0,0,0,0,0,0,0,0,0,0,0,0,0,0,0,0,0,0,0,0,0,0,0,0,0,0,0,0,0,0,0,0,0,0,0,0,0,0,0,0,0,0,0,0,0,0,0,0,0,0,0,0,0,0,0,0,0,0,0,0,0,0,0,0,0,0,0,0,0,0,0,0,0,0,0,0,0,0,0,0,0,0,0,0,0,0,0,0,0,0,0,0,0,0,0,0,0,0,0,0,0,0,0,0,0,0,0,0,0,0,0,0,0,0,0,0,0,0,0,0,0,0,0,0,0,0,0,0,0,0,0,0,0,0,0,0,0,0,0,0,0,0,0,0,0,0,0,0,0,0,0,0,0,0,0,0,0,0,0,0,0,0,0,0,0,0,0,0,0,0,0,0,0,0,0,0,0,0,0,0,0,0,0,0,0,0,0,0,0,0,0,0,0,0,0,0,0,0,0,0,0,0,0,0,0,0,0,0,0,0,0,0,0,0,0,0,0,0,0,0,0,0,0,0,0,0,0,0,0,0,0,0,0,0,0,0,0,0,0,0,0,0,0,0,0,0,0,0,0,0,0,,,,0,0,0,0,0,0,,,
KS0700100,2021,Osage City Police Department,Kansas,2748,2,1,2,1,0,1,0,3,0,6,0,0,0,0,1,8,2,0,1,1,5,0,0,5,0,0,0,0,0,0,0,0,0,1,0,0,0,0,0,0,0,0,7590,168,12,506,0,2249,0,1274,0,514,0,0,0,0,5622,521,0,0,112,870,0,0,0,274,0,0,0,0,0,0,0,0,0,0,0,0,0,0,0,0,0,0,7590,168,12,506,0,2249,0,1124,0,111,0,0,0,0,5622,410,0,0,112,870,0,0,0,64,0,0,0,0,0,0,0,0,0,0,0,0,0,0,0,0,0,0,2,0,0,5,0,0,0,2,0,0,0,0,0,3,0,0,1,0,4,0,0,0,0,0,0,0,0,0,0,0,2,0,0,0,0,0,0,0,0,0,0,0,900,0,0,52,0,0,0,562,0,0,0,0,0,81,0,0,270,0,84,0,0,0,0,0,0,0,0,0,0,0,1075,0,0,0,0,0,0,0,0,0,0,0,900,0,0,56,0,0,0,562,0,0,0,0,0,112,0,0,270,0,51,0,0,0,0,0,0,0,0,0,0,0,1075,0,0,0,0,0,0,0,0,0,0,0,0,1,1,0,0,0,0,0,0,0,0,0,1,0,0,0,0,0,0,0,0,0,0,0,0,0,0,0,0,0,0,0,0,0,0,0,0,0,0,11,19,0,0,0,0,0,0,0,0,0,0,0,0,0,0,0,0,0,0,0,0,0,0,0,0,0,0,0,0,0,0,0,0,0,0,0,0,11,19,0,0,0,0,0,0,0,0,0,0,0,0,0,0,0,0,0,0,0,0,0,0,0,0,0,0,0,0,0,0,0,0,0,0,0,0,7,0,0,0,0,6,0,0,0,0,0,0,0,0,0,0,0,0,0,0,0,0,0,0,0,0,0,0,0,0,0,0,0,0,0,0,0,0,0,0,0,0,0,0,0,0,0,0,0,0,0,0,0,0,0,0,0,0,0,0,0,0,0,0,0,0,0,0,0,0,0,0,0,0,0,0,0,0,0,0,0,0,0,0,0,0,0,0,0,0,0,0,0,0,0,0,0,0,0,0,0,,0,0,0,0,0,0,0,0,0,0,0,0,0,0,0,0,0,0,0,0,0,0,0,0,0,0,0,,0,0,0,0,0,0,0,0,0,0,0,0,0,0,0,0,0,0,0,0,0,0,0,0,0,0,0,,0,0,0,0,0,0,0,0,0,0,0,0,0,0,0,0,0,0,0,0,0,0,0,0,0,0,0,0,0,0,0,0,0,0,0,0,0,0,0,0,0,0,0,0,0,0,0,0,0,0,0,0,0,0,0,0,0,0,0,0,0,0,0,0,0,0,0,0,0,0,0,0,0,0,0,0,0,0,0,0,0,0,0,0,0,0,0,0,0,0,0,0,0,0,0,0,0,0,0,0,0,0,0,0,0,0,0,0,0,0,0,0,0,3,0,3,1,0,0,0,0,0,0,0,0,0,0,0,0,0,0,0,0,0,0,0,0,0,0,0,0,0,0,0,0,0,0,0,0,0,0,0,0,0,0,0,0,0,0,0,0,0,0,0,0,0,0,0,0,0,0,0,0,0,0,0,0,0,0,0,0,0,0,0,0,0,0,0,0,0,0,0,0,0,0,0,0,0,0,0,0,0,0,0,0,,0,,0,,0,0,0,0,0,0,0,0,0,0,0,0,0,,0,0,,0,0,,0,0,0,0,0,0,0,0,0,0,0,0,0,0,,,,2,1,1,0,3,0,0,0,0,0,0,0,0,5,0,1,0,0,0,0,0,0,0,0,365,561,2024,0,147,0,0,0,0,0,0,0,0,0,0,0,0,0,0,0,0,0,0,0,365,561,2024,0,147,0,0,0,0,0,0,0,0,0,0,0,0,0,0,0,0,0,0,0,0,0,1,0,0,0,0,0,0,4,0,0,98,0,0,98,0,0,0,0,0,0,0,0,0,0,0,0,0,0,0,0,0,0,1,0,0,0,0,0,0,0,0,0,0,0,0,0,0,225,0,0,0,0,0,0,0,0,0,0,0,0,0,0,225,0,0,0,0,0,0,0,0,0,0,0,0,0,0,0,0,0,0,0,0,0,0,0,0,0,0,0,0,0,0,0,0,0,0,0,0,0,0,0,0,0,0,0,0,0,0,0,0,0,0,0,0,0,0,0,0,0,0,0,0,0,0,0,0,0,0,0,0,0,0,0,0,0,0,0,0,0,0,0,0,0,0,0,0,0,0,0,0,0,0,0,0,0,0,0,0,0,0,0,0,0,0,0,0,0,0,0,0,0,0,0,0,0,0,0,0,0,0,0,0,0,0,0,0,0,0,0,0,0,0,0,0,0,0,0,0,0,0,0,0,0,0,0,0,0,0,0,0,0,0,0,0,0,0,0,0,0,0,0,0,0,0,0,0,0,0,0,0,0,0,0,0,0,0,0,0,0,0,0,0,0,0,0,0,0,0,0,0,0,0,0,0,0,0,0,0,0,0,0,0,0,0,0,0,0,0,0,0,0,0,0,0,0,0,0,0,0,0,0,0,0,0,0,0,0,0,0,0,0,0,0,0,0,0,0,0,0,0,0,0,0,0,0,0,0,0,0,0,0,0,0,0,0,0,0,0,0,0,0,0,0,0,0,0,0,0,0,0,0,0,0,0,0,0,0,0,0,0,0,0,0,0,0,0,0,0,0,0,0,0,0,0,0,0,0,0,0,0,0,,0,0,0,0,,0,0,0,0,,0,0,0,0,0,0,0,0,0,,,,0,0,0,0,0,0,0,0,0
KS0700100,2022,Osage City Police Department,Kansas,2840,1,1,0,1,1,1,0,3,0,1,0,2,0,0,0,5,1,0,2,2,3,0,1,1,0,0,0,0,0,0,0,0,0,2,0,0,0,0,0,0,0,0,15617,469,0,469,3,210,0,837,0,26,0,36,0,0,0,479,1041,0,182,376,0,0,0,0,0,0,0,0,0,0,0,0,0,0,0,0,0,0,0,0,0,0,15617,469,0,469,3,210,0,396,0,26,0,36,0,0,0,312,1041,0,182,376,0,0,0,0,0,0,0,0,0,0,0,0,0,0,0,0,0,0,0,0,0,0,1,0,0,3,0,0,0,12,1,0,0,0,0,2,0,0,0,3,1,0,0,0,1,0,2,2,0,0,0,0,0,0,0,0,0,0,0,0,0,0,0,0,521,0,0,69,0,0,0,89,1402,0,0,0,0,312,0,0,0,24,0,0,0,0,989,0,104,104,0,0,0,0,0,0,0,0,0,0,0,0,0,0,0,0,521,0,0,52,0,0,0,16,1402,0,0,0,0,312,0,0,0,10,0,0,0,0,989,0,104,104,0,0,0,0,0,0,0,0,0,0,0,0,0,0,0,0,0,0,0,0,0,0,0,0,0,0,0,0,0,1,0,1,0,0,0,0,0,0,0,0,0,0,0,0,0,0,0,0,0,0,0,0,0,0,0,0,0,0,0,0,0,0,0,0,0,0,0,469,0,260,0,0,0,0,0,0,0,0,0,0,0,0,0,0,0,0,0,0,0,0,0,0,0,0,0,0,0,0,0,0,0,0,0,0,0,469,0,260,0,0,0,0,0,0,0,0,0,0,0,0,0,0,0,0,0,0,0,0,0,0,0,7,0,0,0,0,5,0,0,0,0,0,0,0,0,0,0,0,0,0,0,0,0,0,0,0,0,0,0,0,0,0,0,0,0,0,0,0,0,0,0,0,0,0,0,0,0,0,0,0,0,0,0,0,0,0,0,0,0,0,0,0,0,0,0,0,0,0,0,0,0,0,0,0,0,0,0,0,0,0,0,0,0,0,0,0,0,0,0,0,0,1,0,0,0,0,0,0,0,0,0,0,,0,0,0,0,0,0,0,0,0,0,0,0,0,0,0,0,21,0,0,0,0,0,0,0,0,0,0,,0,0,0,0,0,0,0,0,0,0,0,0,0,0,0,0,21,0,0,0,0,0,0,0,0,0,0,,0,0,0,0,0,0,0,0,0,0,0,0,0,0,0,0,0,0,0,0,0,0,0,0,0,0,0,0,0,0,0,0,0,0,0,0,0,0,0,0,0,0,0,0,0,0,0,0,0,0,0,0,0,0,0,0,0,0,0,0,0,0,0,0,0,0,0,0,0,0,0,0,0,0,0,0,0,0,0,0,0,0,0,0,0,0,0,0,0,0,0,0,0,0,0,0,0,0,0,0,0,0,0,0,0,0,0,0,0,0,0,0,0,4,0,5,0,0,0,0,0,0,0,0,0,0,0,0,0,0,0,0,0,0,0,0,0,0,0,0,0,0,0,0,0,0,0,0,0,0,0,0,0,0,0,0,0,0,0,0,0,0,0,0,,0,0,0,,0,0,0,,0,0,0,0,0,0,0,0,0,0,0,0,0,0,0,0,0,0,0,0,0,0,0,0,0,0,0,0,0,0,0,0,0,0,0,0,0,0,0,0,0,0,0,0,0,0,0,0,0,0,,0,0,,0,0,,0,0,0,0,0,0,0,0,0,0,0,0,0,0,0,0,0,1,1,2,0,0,0,1,0,0,0,1,0,0,3,0,3,0,0,0,0,0,0,0,0,62,208,23,0,0,0,0,0,0,0,0,0,0,0,0,1878,0,0,0,0,0,0,0,0,62,208,23,0,0,0,0,0,0,0,0,0,0,0,0,1515,0,0,0,0,0,0,0,0,0,0,0,0,0,0,0,0,0,3,0,0,14,0,0,14,0,0,0,0,0,0,0,0,0,0,0,0,0,0,0,0,0,0,0,0,0,0,0,0,0,0,0,0,0,0,0,0,0,0,0,0,0,0,0,0,0,0,0,0,0,0,0,0,0,0,0,0,0,0,0,0,0,0,0,0,0,0,0,0,0,1,0,0,0,0,1,0,0,0,0,0,0,0,0,0,0,0,0,0,0,0,1041,0,0,0,0,4685,0,0,0,0,0,0,0,0,0,0,0,0,0,0,0,1041,0,0,0,0,4685,0,0,0,0,0,0,0,0,0,0,0,0,0,0,0,0,0,0,0,0,0,0,0,0,0,0,0,0,0,0,0,0,0,0,0,0,0,0,0,0,0,0,0,0,0,0,0,0,0,0,0,0,0,0,0,0,0,0,0,0,0,0,0,0,0,0,0,0,0,0,0,0,0,0,0,0,0,0,0,0,0,0,0,0,0,0,0,0,0,0,0,0,0,0,0,0,0,0,0,0,0,0,0,0,0,0,0,0,0,0,0,0,0,,0,0,0,0,0,0,0,0,,0,0,0,0,0,0,0,0,,0,0,0,0,0,0,0,0,0,0,0,0,0,0,0,0,0,0,0,0,0,0,0,0,0,0,0,0,0,0,0,0,0,0,0,0,0,0,0,0,0,0,0,0,0,0,0,0,0,0,0,0,0,0,0,0,0,0,0,0,0,0,0,0,0,0,0,0,0,0,0,0,0,0,0,0,0,0,0,0,0,0,0,0,0,0,0,0,0,0,0,0,0,0,0,0,0,0,0,0,0,0,0,0,0,0,0,0,0,0,0,0,0,0,0,0,0,0,0,0,0,0,0,0,0,0,0,0,0,0,0,0,0,0,0
KS0700100,2023,Osage City Police Department,Kansas,2797,4,1,1,0,0,0,0,3,0,7,0,0,0,0,1,0,2,0,1,0,1,1,0,1,0,0,0,0,0,0,0,0,0,1,0,0,0,0,0,0,0,0,2438,0,0,0,0,0,0,622,0,351,0,0,0,0,0,0,670,0,500,0,0,1648,0,0,0,0,0,0,0,0,0,0,0,0,0,0,0,0,0,0,0,0,2250,0,0,0,0,0,0,800,0,135,0,0,0,0,0,0,670,0,500,0,0,1648,0,0,0,0,0,0,0,0,0,0,0,0,0,0,0,0,0,0,0,0,2,0,0,1,0,0,0,2,0,0,0,0,0,3,1,0,0,0,0,0,0,0,0,0,0,3,0,0,0,0,2,0,0,0,0,0,0,0,0,0,0,0,20,0,0,1000,0,0,0,100,0,0,0,0,0,230,200,0,0,0,0,0,0,0,0,0,0,95,0,0,0,0,500,0,0,0,0,0,0,0,0,0,0,0,20,0,0,1000,0,0,0,100,0,0,0,0,0,200,200,0,0,0,0,0,0,0,0,0,0,95,0,0,0,0,500,0,0,0,0,0,0,0,0,0,0,0,1,0,0,0,0,0,0,0,0,0,0,0,1,0,0,0,0,0,0,0,0,0,0,0,0,1,0,0,0,0,0,0,0,0,0,0,0,0,3000,0,0,0,0,0,0,0,0,0,0,0,0,0,0,0,0,0,0,0,0,0,0,0,0,0,0,0,0,0,0,0,0,0,0,0,0,0,3000,0,0,0,0,0,0,0,0,0,0,0,0,0,0,0,0,0,0,0,0,0,0,0,0,0,0,0,0,0,0,0,0,0,0,0,0,0,0,2,0,0,0,0,1,0,0,0,0,0,0,0,0,0,0,0,0,0,0,0,0,0,0,0,0,0,0,0,0,0,0,0,0,0,0,0,0,0,0,0,0,0,0,0,0,0,0,0,0,0,0,0,0,0,0,0,0,0,0,0,0,0,0,0,0,0,0,0,0,0,0,0,0,0,0,0,0,0,0,0,0,0,0,0,0,0,0,0,0,0,0,0,0,0,0,0,0,0,0,0,,0,0,0,0,0,0,0,0,0,,0,0,0,0,0,0,0,0,0,0,0,0,0,0,0,0,0,,0,0,0,0,0,0,0,0,0,,0,0,0,0,0,0,0,0,0,0,0,0,0,0,0,0,0,,0,0,0,0,0,0,0,0,0,,0,0,0,0,0,0,0,0,0,0,,0,0,0,0,0,0,0,0,0,0,0,0,0,0,0,0,0,0,0,0,0,0,0,0,0,0,0,0,0,0,0,,0,0,0,0,0,0,0,0,0,0,0,0,0,0,0,0,0,0,0,0,0,0,0,0,0,0,0,0,0,0,0,,0,0,0,0,0,0,0,0,0,0,0,0,0,0,0,0,0,0,0,0,0,0,0,0,0,0,0,0,2,0,1,0,0,0,0,0,0,0,0,0,0,0,0,0,0,0,0,0,0,0,0,0,0,0,0,0,0,0,0,0,0,0,0,0,0,0,0,0,0,0,0,0,0,0,0,0,0,0,0,0,0,0,0,0,0,0,0,0,0,0,0,0,0,0,0,0,0,0,0,0,0,0,0,0,0,0,0,0,0,0,0,0,0,0,0,0,0,0,0,0,0,0,0,0,0,0,0,0,0,0,0,0,0,0,0,0,0,0,,0,0,,0,0,,0,0,0,0,0,0,0,0,0,0,0,0,0,0,0,0,0,1,0,0,1,1,0,0,1,0,0,0,0,0,1,0,0,0,0,0,0,0,0,0,0,0,0,0,1100,100,0,0,65,0,0,0,0,0,0,0,0,0,0,0,0,0,0,0,0,0,0,0,1100,100,0,0,65,0,0,0,0,0,0,0,0,0,0,0,0,0,0,0,0,0,0,0,0,0,0,0,0,0,2,0,0,750,0,0,750,0,0,0,0,0,0,0,0,0,0,0,0,0,0,0,0,0,0,1,0,0,0,0,0,0,0,0,0,0,0,0,0,0,0,0,0,0,0,0,0,0,0,0,0,0,0,0,0,0,0,0,0,0,0,0,0,0,0,0,0,0,0,0,0,0,0,0,1,1,0,0,0,0,0,0,0,0,0,0,0,0,0,0,0,0,0,0,0,1200,600,0,0,0,0,0,0,0,0,0,0,0,0,0,0,0,0,0,0,0,1200,600,0,0,0,0,0,0,0,0,0,0,0,0,0,0,0,0,0,0,0,0,0,0,0,0,0,0,0,0,0,0,0,0,0,0,0,0,0,0,0,0,0,0,0,0,0,0,0,0,0,0,0,0,0,0,0,0,0,0,0,0,0,0,0,0,0,0,0,0,0,0,0,0,0,0,0,0,0,0,0,0,0,0,0,0,0,0,0,0,0,0,0,0,0,0,0,0,0,0,0,0,0,0,0,0,0,0,0,0,0,0,0,0,0,0,0,0,0,0,0,0,0,0,0,0,0,0,0,0,0,0,0,0,0,0,0,0,0,0,0,0,0,0,0,0,0,0,0,0,0,0,0,0,0,0,0,0,0,0,0,0,0,0,0,0,0,0,0,0,0,0,0,0,0,0,0,0,0,0,0,0,0,0,0,0,0,0,0,0,0,0,0,0,0,0,0,0,0,0,0,0,0,0,0,0,0,0,0,0,0,0,0,0,0,0,0,0,0,0,0,0,0,0,0,0,0,0,0,0,0,0,0,0,0,0,0,0,0,,0,0,0,0,,0,0,0,0,,0,0,0,0,0,0,0,0,0,,,,0,0,0,0,0,0,0,0,0
