ORI,year,agency,state,population,property_stolen_automobile,property_stolen_clothes_furs,property_stolen_consumable_goods,property_stolen_firearms,property_stolen_household_goods,property_stolen_jewelry_precious_metals_gems,property_stolen_livestock,property_stolen_money,property_stolen_office_type_equipment,property_stolen_other,property_stolen_pending_inventory_of_property,property_stolen_radios_tv_vcr_dvd_players,property_stolen_alcohol,property_stolen_farm_equipment,property_stolen_other_motor_vehicles,property_stolen_tools_power_hand,property_stolen_vehicle_parts_accessories,property_stolen_merchandise,property_stolen_bicycles,property_stolen_computer_hardware_software,property_stolen_credit_debit_cards,property_stolen_negotiable_instruments,property_stolen_nonnegotiable_instruments,property_stolen_purses_handbags_wallets,property_stolen_recordings_audio_visual,property_stolen_recreational_vehicles,property_stolen_special_category,property_stolen_structures_single_occupancy_dwellings,property_stolen_trucks,property_stolen_watercraft,property_stolen_heavy_construction_industrial_equipment,property_stolen_structures_other,property_stolen_structures_other_commercial_business,property_stolen_drugs_narcotics,property_stolen_structures_storage,property_stolen_structures_other_dwellings,property_stolen_structures_public_community,property_stolen_drug_narcotic_equipment,property_stolen_gambling_equipment,property_stolen_aircraft,property_stolen_structures_industrial_manufacturing,property_stolen_buses,property_stolen_mean_value_automobile,property_stolen_mean_value_clothes_furs,property_stolen_mean_value_consumable_goods,property_stolen_mean_value_firearms,property_stolen_mean_value_household_goods,property_stolen_mean_value_jewelry_precious_metals_gems,property_stolen_mean_value_livestock,property_stolen_mean_value_money,property_stolen_mean_value_office_type_equipment,property_stolen_mean_value_other,property_stolen_mean_value_pending_inventory_of_property,property_stolen_mean_value_radios_tv_vcr_dvd_players,property_stolen_mean_value_alcohol,property_stolen_mean_value_farm_equipment,property_stolen_mean_value_other_motor_vehicles,property_stolen_mean_value_tools_power_hand,property_stolen_mean_value_vehicle_parts_accessories,property_stolen_mean_value_merchandise,property_stolen_mean_value_bicycles,property_stolen_mean_value_computer_hardware_software,property_stolen_mean_value_credit_debit_cards,property_stolen_mean_value_negotiable_instruments,property_stolen_mean_value_nonnegotiable_instruments,property_stolen_mean_value_purses_handbags_wallets,property_stolen_mean_value_recordings_audio_visual,property_stolen_mean_value_recreational_vehicles,property_stolen_mean_value_special_category,property_stolen_mean_value_structures_single_occupancy_dwellings,property_stolen_mean_value_trucks,property_stolen_mean_value_watercraft,property_stolen_mean_value_heavy_construction_industrial_equipment,property_stolen_mean_value_structures_other,property_stolen_mean_value_structures_other_commercial_business,property_stolen_mean_value_drugs_narcotics,property_stolen_mean_value_structures_storage,property_stolen_mean_value_structures_other_dwellings,property_stolen_mean_value_structures_public_community,property_stolen_mean_value_drug_narcotic_equipment,property_stolen_mean_value_gambling_equipment,property_stolen_mean_value_aircraft,property_stolen_mean_value_structures_industrial_manufacturing,property_stolen_mean_value_buses,property_stolen_median_value_automobile,property_stolen_median_value_clothes_furs,property_stolen_median_value_consumable_goods,property_stolen_median_value_firearms,property_stolen_median_value_household_goods,property_stolen_median_value_jewelry_precious_metals_gems,property_stolen_median_value_livestock,property_stolen_median_value_money,property_stolen_median_value_office_type_equipment,property_stolen_median_value_other,property_stolen_median_value_pending_inventory_of_property,property_stolen_median_value_radios_tv_vcr_dvd_players,property_stolen_median_value_alcohol,property_stolen_median_value_farm_equipment,property_stolen_median_value_other_motor_vehicles,property_stolen_median_value_tools_power_hand,property_stolen_median_value_vehicle_parts_accessories,property_stolen_median_value_merchandise,property_stolen_median_value_bicycles,property_stolen_median_value_computer_hardware_software,property_stolen_median_value_credit_debit_cards,property_stolen_median_value_negotiable_instruments,property_stolen_median_value_nonnegotiable_instruments,property_stolen_median_value_purses_handbags_wallets,property_stolen_median_value_recordings_audio_visual,property_stolen_median_value_recreational_vehicles,property_stolen_median_value_special_category,property_stolen_median_value_structures_single_occupancy_dwellings,property_stolen_median_value_trucks,property_stolen_median_value_watercraft,property_stolen_median_value_heavy_construction_industrial_equipment,property_stolen_median_value_structures_other,property_stolen_median_value_structures_other_commercial_business,property_stolen_median_value_drugs_narcotics,property_stolen_median_value_structures_storage,property_stolen_median_value_structures_other_dwellings,property_stolen_median_value_structures_public_community,property_stolen_median_value_drug_narcotic_equipment,property_stolen_median_value_gambling_equipment,property_stolen_median_value_aircraft,property_stolen_median_value_structures_industrial_manufacturing,property_stolen_median_value_buses,property_destroyed_automobile,property_destroyed_clothes_furs,property_destroyed_consumable_goods,property_destroyed_household_goods,property_destroyed_livestock,property_destroyed_money,property_destroyed_office_type_equipment,property_destroyed_other,property_destroyed_radios_tv_vcr_dvd_players,property_destroyed_firearms,property_destroyed_jewelry_precious_metals_gems,property_destroyed_pending_inventory_of_property,property_destroyed_buses,property_destroyed_structures_single_occupancy_dwellings,property_destroyed_structures_storage,property_destroyed_farm_equipment,property_destroyed_structures_other,property_destroyed_structures_other_dwellings,property_destroyed_structures_public_community,property_destroyed_bicycles,property_destroyed_merchandise,property_destroyed_other_motor_vehicles,property_destroyed_recreational_vehicles,property_destroyed_special_category,property_destroyed_structures_other_commercial_business,property_destroyed_vehicle_parts_accessories,property_destroyed_watercraft,property_destroyed_heavy_construction_industrial_equipment,property_destroyed_computer_hardware_software,property_destroyed_tools_power_hand,property_destroyed_trucks,property_destroyed_alcohol,property_destroyed_recordings_audio_visual,property_destroyed_structures_industrial_manufacturing,property_destroyed_negotiable_instruments,property_destroyed_aircraft,property_destroyed_drugs_narcotics,property_destroyed_nonnegotiable_instruments,property_destroyed_gambling_equipment,property_destroyed_purses_handbags_wallets,property_destroyed_credit_debit_cards,property_destroyed_drug_narcotic_equipment,property_destroyed_mean_value_automobile,property_destroyed_mean_value_clothes_furs,property_destroyed_mean_value_consumable_goods,property_destroyed_mean_value_household_goods,property_destroyed_mean_value_livestock,property_destroyed_mean_value_money,property_destroyed_mean_value_office_type_equipment,property_destroyed_mean_value_other,property_destroyed_mean_value_radios_tv_vcr_dvd_players,property_destroyed_mean_value_firearms,property_destroyed_mean_value_jewelry_precious_metals_gems,property_destroyed_mean_value_pending_inventory_of_property,property_destroyed_mean_value_buses,property_destroyed_mean_value_structures_single_occupancy_dwellings,property_destroyed_mean_value_structures_storage,property_destroyed_mean_value_farm_equipment,property_destroyed_mean_value_structures_other,property_destroyed_mean_value_structures_other_dwellings,property_destroyed_mean_value_structures_public_community,property_destroyed_mean_value_bicycles,property_destroyed_mean_value_merchandise,property_destroyed_mean_value_other_motor_vehicles,property_destroyed_mean_value_recreational_vehicles,property_destroyed_mean_value_special_category,property_destroyed_mean_value_structures_other_commercial_business,property_destroyed_mean_value_vehicle_parts_accessories,property_destroyed_mean_value_watercraft,property_destroyed_mean_value_heavy_construction_industrial_equipment,property_destroyed_mean_value_computer_hardware_software,property_destroyed_mean_value_tools_power_hand,property_destroyed_mean_value_trucks,property_destroyed_mean_value_alcohol,property_destroyed_mean_value_recordings_audio_visual,property_destroyed_mean_value_structures_industrial_manufacturing,property_destroyed_mean_value_negotiable_instruments,property_destroyed_mean_value_aircraft,property_destroyed_mean_value_drugs_narcotics,property_destroyed_mean_value_nonnegotiable_instruments,property_destroyed_mean_value_gambling_equipment,property_destroyed_mean_value_purses_handbags_wallets,property_destroyed_mean_value_credit_debit_cards,property_destroyed_mean_value_drug_narcotic_equipment,property_destroyed_median_value_automobile,property_destroyed_median_value_clothes_furs,property_destroyed_median_value_consumable_goods,property_destroyed_median_value_household_goods,property_destroyed_median_value_livestock,property_destroyed_median_value_money,property_destroyed_median_value_office_type_equipment,property_destroyed_median_value_other,property_destroyed_median_value_radios_tv_vcr_dvd_players,property_destroyed_median_value_firearms,property_destroyed_median_value_jewelry_precious_metals_gems,property_destroyed_median_value_pending_inventory_of_property,property_destroyed_median_value_buses,property_destroyed_median_value_structures_single_occupancy_dwellings,property_destroyed_median_value_structures_storage,property_destroyed_median_value_farm_equipment,property_destroyed_median_value_structures_other,property_destroyed_median_value_structures_other_dwellings,property_destroyed_median_value_structures_public_community,property_destroyed_median_value_bicycles,property_destroyed_median_value_merchandise,property_destroyed_median_value_other_motor_vehicles,property_destroyed_median_value_recreational_vehicles,property_destroyed_median_value_special_category,property_destroyed_median_value_structures_other_commercial_business,property_destroyed_median_value_vehicle_parts_accessories,property_destroyed_median_value_watercraft,property_destroyed_median_value_heavy_construction_industrial_equipment,property_destroyed_median_value_computer_hardware_software,property_destroyed_median_value_tools_power_hand,property_destroyed_median_value_trucks,property_destroyed_median_value_alcohol,property_destroyed_median_value_recordings_audio_visual,property_destroyed_median_value_structures_industrial_manufacturing,property_destroyed_median_value_negotiable_instruments,property_destroyed_median_value_aircraft,property_destroyed_median_value_drugs_narcotics,property_destroyed_median_value_nonnegotiable_instruments,property_destroyed_median_value_gambling_equipment,property_destroyed_median_value_purses_handbags_wallets,property_destroyed_median_value_credit_debit_cards,property_destroyed_median_value_drug_narcotic_equipment,property_recovered_automobile,property_recovered_clothes_furs,property_recovered_consumable_goods,property_recovered_firearms,property_recovered_household_goods,property_recovered_jewelry_precious_metals_gems,property_recovered_money,property_recovered_office_type_equipment,property_recovered_other,property_recovered_radios_tv_vcr_dvd_players,property_recovered_livestock,property_recovered_other_motor_vehicles,property_recovered_vehicle_parts_accessories,property_recovered_tools_power_hand,property_recovered_alcohol,property_recovered_bicycles,property_recovered_merchandise,property_recovered_recordings_audio_visual,property_recovered_recreational_vehicles,property_recovered_watercraft,property_recovered_credit_debit_cards,property_recovered_computer_hardware_software,property_recovered_heavy_construction_industrial_equipment,property_recovered_negotiable_instruments,property_recovered_nonnegotiable_instruments,property_recovered_purses_handbags_wallets,property_recovered_special_category,property_recovered_structures_storage,property_recovered_trucks,property_recovered_farm_equipment,property_recovered_structures_other_dwellings,property_recovered_drug_narcotic_equipment,property_recovered_drugs_narcotics,property_recovered_gambling_equipment,property_recovered_buses,property_recovered_aircraft,property_recovered_pending_inventory_of_property,property_recovered_structures_other,property_recovered_mean_value_automobile,property_recovered_mean_value_clothes_furs,property_recovered_mean_value_consumable_goods,property_recovered_mean_value_firearms,property_recovered_mean_value_household_goods,property_recovered_mean_value_jewelry_precious_metals_gems,property_recovered_mean_value_money,property_recovered_mean_value_office_type_equipment,property_recovered_mean_value_other,property_recovered_mean_value_radios_tv_vcr_dvd_players,property_recovered_mean_value_livestock,property_recovered_mean_value_other_motor_vehicles,property_recovered_mean_value_vehicle_parts_accessories,property_recovered_mean_value_tools_power_hand,property_recovered_mean_value_alcohol,property_recovered_mean_value_bicycles,property_recovered_mean_value_merchandise,property_recovered_mean_value_recordings_audio_visual,property_recovered_mean_value_recreational_vehicles,property_recovered_mean_value_watercraft,property_recovered_mean_value_credit_debit_cards,property_recovered_mean_value_computer_hardware_software,property_recovered_mean_value_heavy_construction_industrial_equipment,property_recovered_mean_value_negotiable_instruments,property_recovered_mean_value_nonnegotiable_instruments,property_recovered_mean_value_purses_handbags_wallets,property_recovered_mean_value_special_category,property_recovered_mean_value_structures_storage,property_recovered_mean_value_trucks,property_recovered_mean_value_farm_equipment,property_recovered_mean_value_structures_other_dwellings,property_recovered_mean_value_drug_narcotic_equipment,property_recovered_mean_value_drugs_narcotics,property_recovered_mean_value_gambling_equipment,property_recovered_mean_value_buses,property_recovered_mean_value_aircraft,property_recovered_mean_value_pending_inventory_of_property,property_recovered_mean_value_structures_other,property_recovered_median_value_automobile,property_recovered_median_value_clothes_furs,property_recovered_median_value_consumable_goods,property_recovered_median_value_firearms,property_recovered_median_value_household_goods,property_recovered_median_value_jewelry_precious_metals_gems,property_recovered_median_value_money,property_recovered_median_value_office_type_equipment,property_recovered_median_value_other,property_recovered_median_value_radios_tv_vcr_dvd_players,property_recovered_median_value_livestock,property_recovered_median_value_other_motor_vehicles,property_recovered_median_value_vehicle_parts_accessories,property_recovered_median_value_tools_power_hand,property_recovered_median_value_alcohol,property_recovered_median_value_bicycles,property_recovered_median_value_merchandise,property_recovered_median_value_recordings_audio_visual,property_recovered_median_value_recreational_vehicles,property_recovered_median_value_watercraft,property_recovered_median_value_credit_debit_cards,property_recovered_median_value_computer_hardware_software,property_recovered_median_value_heavy_construction_industrial_equipment,property_recovered_median_value_negotiable_instruments,property_recovered_median_value_nonnegotiable_instruments,property_recovered_median_value_purses_handbags_wallets,property_recovered_median_value_special_category,property_recovered_median_value_structures_storage,property_recovered_median_value_trucks,property_recovered_median_value_farm_equipment,property_recovered_median_value_structures_other_dwellings,property_recovered_median_value_drug_narcotic_equipment,property_recovered_median_value_drugs_narcotics,property_recovered_median_value_gambling_equipment,property_recovered_median_value_buses,property_recovered_median_value_aircraft,property_recovered_median_value_pending_inventory_of_property,property_recovered_median_value_structures_other,property_seized_consumable_goods,property_seized_drugs_narcotics,property_seized_firearms,property_seized_other,property_seized_radios_tv_vcr_dvd_players,property_seized_pending_inventory_of_property,property_seized_drug_narcotic_equipment,property_seized_gambling_equipment,property_seized_money,property_seized_negotiable_instruments,property_seized_alcohol,property_seized_vehicle_parts_accessories,property_seized_special_category,property_seized_nonnegotiable_instruments,property_seized_purses_handbags_wallets,property_seized_automobile,property_seized_jewelry_precious_metals_gems,property_seized_aircraft,property_seized_trucks,property_seized_clothes_furs,property_seized_farm_equipment,property_seized_office_type_equipment,property_seized_computer_hardware_software,property_seized_bicycles,property_seized_credit_debit_cards,property_seized_household_goods,property_seized_other_motor_vehicles,property_seized_tools_power_hand,property_seized_recordings_audio_visual,property_seized_structures_single_occupancy_dwellings,property_seized_mean_value_consumable_goods,property_seized_mean_value_drugs_narcotics,property_seized_mean_value_firearms,property_seized_mean_value_other,property_seized_mean_value_radios_tv_vcr_dvd_players,property_seized_mean_value_pending_inventory_of_property,property_seized_mean_value_drug_narcotic_equipment,property_seized_mean_value_gambling_equipment,property_seized_mean_value_money,property_seized_mean_value_negotiable_instruments,property_seized_mean_value_alcohol,property_seized_mean_value_vehicle_parts_accessories,property_seized_mean_value_special_category,property_seized_mean_value_nonnegotiable_instruments,property_seized_mean_value_purses_handbags_wallets,property_seized_mean_value_automobile,property_seized_mean_value_jewelry_precious_metals_gems,property_seized_mean_value_aircraft,property_seized_mean_value_trucks,property_seized_mean_value_clothes_furs,property_seized_mean_value_farm_equipment,property_seized_mean_value_office_type_equipment,property_seized_mean_value_computer_hardware_software,property_seized_mean_value_bicycles,property_seized_mean_value_credit_debit_cards,property_seized_mean_value_household_goods,property_seized_mean_value_other_motor_vehicles,property_seized_mean_value_tools_power_hand,property_seized_mean_value_recordings_audio_visual,property_seized_mean_value_structures_single_occupancy_dwellings,property_seized_median_value_consumable_goods,property_seized_median_value_drugs_narcotics,property_seized_median_value_firearms,property_seized_median_value_other,property_seized_median_value_radios_tv_vcr_dvd_players,property_seized_median_value_pending_inventory_of_property,property_seized_median_value_drug_narcotic_equipment,property_seized_median_value_gambling_equipment,property_seized_median_value_money,property_seized_median_value_negotiable_instruments,property_seized_median_value_alcohol,property_seized_median_value_vehicle_parts_accessories,property_seized_median_value_special_category,property_seized_median_value_nonnegotiable_instruments,property_seized_median_value_purses_handbags_wallets,property_seized_median_value_automobile,property_seized_median_value_jewelry_precious_metals_gems,property_seized_median_value_aircraft,property_seized_median_value_trucks,property_seized_median_value_clothes_furs,property_seized_median_value_farm_equipment,property_seized_median_value_office_type_equipment,property_seized_median_value_computer_hardware_software,property_seized_median_value_bicycles,property_seized_median_value_credit_debit_cards,property_seized_median_value_household_goods,property_seized_median_value_other_motor_vehicles,property_seized_median_value_tools_power_hand,property_seized_median_value_recordings_audio_visual,property_seized_median_value_structures_single_occupancy_dwellings,property_counterfeited_automobile,property_counterfeited_money,property_counterfeited_other,property_counterfeited_pending_inventory_of_property,property_counterfeited_clothes_furs,property_counterfeited_consumable_goods,property_counterfeited_jewelry_precious_metals_gems,property_counterfeited_office_type_equipment,property_counterfeited_radios_tv_vcr_dvd_players,property_counterfeited_negotiable_instruments,property_counterfeited_credit_debit_cards,property_counterfeited_nonnegotiable_instruments,property_counterfeited_structures_public_community,property_counterfeited_special_category,property_counterfeited_drugs_narcotics,property_counterfeited_farm_equipment,property_counterfeited_vehicle_parts_accessories,property_counterfeited_household_goods,property_counterfeited_recordings_audio_visual,property_counterfeited_tools_power_hand,property_counterfeited_alcohol,property_counterfeited_recreational_vehicles,property_counterfeited_structures_industrial_manufacturing,property_counterfeited_structures_single_occupancy_dwellings,property_counterfeited_drug_narcotic_equipment,property_counterfeited_merchandise,property_counterfeited_computer_hardware_software,property_counterfeited_firearms,property_counterfeited_mean_value_automobile,property_counterfeited_mean_value_money,property_counterfeited_mean_value_other,property_counterfeited_mean_value_pending_inventory_of_property,property_counterfeited_mean_value_clothes_furs,property_counterfeited_mean_value_consumable_goods,property_counterfeited_mean_value_jewelry_precious_metals_gems,property_counterfeited_mean_value_office_type_equipment,property_counterfeited_mean_value_radios_tv_vcr_dvd_players,property_counterfeited_mean_value_negotiable_instruments,property_counterfeited_mean_value_credit_debit_cards,property_counterfeited_mean_value_nonnegotiable_instruments,property_counterfeited_mean_value_structures_public_community,property_counterfeited_mean_value_special_category,property_counterfeited_mean_value_drugs_narcotics,property_counterfeited_mean_value_farm_equipment,property_counterfeited_mean_value_vehicle_parts_accessories,property_counterfeited_mean_value_household_goods,property_counterfeited_mean_value_recordings_audio_visual,property_counterfeited_mean_value_tools_power_hand,property_counterfeited_mean_value_alcohol,property_counterfeited_mean_value_recreational_vehicles,property_counterfeited_mean_value_structures_industrial_manufacturing,property_counterfeited_mean_value_structures_single_occupancy_dwellings,property_counterfeited_mean_value_drug_narcotic_equipment,property_counterfeited_mean_value_merchandise,property_counterfeited_mean_value_computer_hardware_software,property_counterfeited_mean_value_firearms,property_counterfeited_median_value_automobile,property_counterfeited_median_value_money,property_counterfeited_median_value_other,property_counterfeited_median_value_pending_inventory_of_property,property_counterfeited_median_value_clothes_furs,property_counterfeited_median_value_consumable_goods,property_counterfeited_median_value_jewelry_precious_metals_gems,property_counterfeited_median_value_office_type_equipment,property_counterfeited_median_value_radios_tv_vcr_dvd_players,property_counterfeited_median_value_negotiable_instruments,property_counterfeited_median_value_credit_debit_cards,property_counterfeited_median_value_nonnegotiable_instruments,property_counterfeited_median_value_structures_public_community,property_counterfeited_median_value_special_category,property_counterfeited_median_value_drugs_narcotics,property_counterfeited_median_value_farm_equipment,property_counterfeited_median_value_vehicle_parts_accessories,property_counterfeited_median_value_household_goods,property_counterfeited_median_value_recordings_audio_visual,property_counterfeited_median_value_tools_power_hand,property_counterfeited_median_value_alcohol,property_counterfeited_median_value_recreational_vehicles,property_counterfeited_median_value_structures_industrial_manufacturing,property_counterfeited_median_value_structures_single_occupancy_dwellings,property_counterfeited_median_value_drug_narcotic_equipment,property_counterfeited_median_value_merchandise,property_counterfeited_median_value_computer_hardware_software,property_counterfeited_median_value_firearms,property_burned_pending_inventory_of_property,property_burned_automobile,property_burned_other,property_burned_structures_single_occupancy_dwellings,property_burned_household_goods,property_burned_special_category,property_burned_structures_other,property_burned_structures_other_dwellings,property_burned_structures_storage,property_burned_vehicle_parts_accessories,property_burned_structures_public_community,property_burned_bicycles,property_burned_structures_other_commercial_business,property_burned_clothes_furs,property_burned_farm_equipment,property_burned_buses,property_burned_trucks,property_burned_heavy_construction_industrial_equipment,property_burned_money,property_burned_watercraft,property_burned_computer_hardware_software,property_burned_consumable_goods,property_burned_other_motor_vehicles,property_burned_recreational_vehicles,property_burned_radios_tv_vcr_dvd_players,property_burned_structures_industrial_manufacturing,property_burned_tools_power_hand,property_burned_purses_handbags_wallets,property_burned_jewelry_precious_metals_gems,property_burned_recordings_audio_visual,property_burned_credit_debit_cards,property_burned_firearms,property_burned_mean_value_pending_inventory_of_property,property_burned_mean_value_automobile,property_burned_mean_value_other,property_burned_mean_value_structures_single_occupancy_dwellings,property_burned_mean_value_household_goods,property_burned_mean_value_special_category,property_burned_mean_value_structures_other,property_burned_mean_value_structures_other_dwellings,property_burned_mean_value_structures_storage,property_burned_mean_value_vehicle_parts_accessories,property_burned_mean_value_structures_public_community,property_burned_mean_value_bicycles,property_burned_mean_value_structures_other_commercial_business,property_burned_mean_value_clothes_furs,property_burned_mean_value_farm_equipment,property_burned_mean_value_buses,property_burned_mean_value_trucks,property_burned_mean_value_heavy_construction_industrial_equipment,property_burned_mean_value_money,property_burned_mean_value_watercraft,property_burned_mean_value_computer_hardware_software,property_burned_mean_value_consumable_goods,property_burned_mean_value_other_motor_vehicles,property_burned_mean_value_recreational_vehicles,property_burned_mean_value_radios_tv_vcr_dvd_players,property_burned_mean_value_structures_industrial_manufacturing,property_burned_mean_value_tools_power_hand,property_burned_mean_value_purses_handbags_wallets,property_burned_mean_value_jewelry_precious_metals_gems,property_burned_mean_value_recordings_audio_visual,property_burned_mean_value_credit_debit_cards,property_burned_mean_value_firearms,property_burned_median_value_pending_inventory_of_property,property_burned_median_value_automobile,property_burned_median_value_other,property_burned_median_value_structures_single_occupancy_dwellings,property_burned_median_value_household_goods,property_burned_median_value_special_category,property_burned_median_value_structures_other,property_burned_median_value_structures_other_dwellings,property_burned_median_value_structures_storage,property_burned_median_value_vehicle_parts_accessories,property_burned_median_value_structures_public_community,property_burned_median_value_bicycles,property_burned_median_value_structures_other_commercial_business,property_burned_median_value_clothes_furs,property_burned_median_value_farm_equipment,property_burned_median_value_buses,property_burned_median_value_trucks,property_burned_median_value_heavy_construction_industrial_equipment,property_burned_median_value_money,property_burned_median_value_watercraft,property_burned_median_value_computer_hardware_software,property_burned_median_value_consumable_goods,property_burned_median_value_other_motor_vehicles,property_burned_median_value_recreational_vehicles,property_burned_median_value_radios_tv_vcr_dvd_players,property_burned_median_value_structures_industrial_manufacturing,property_burned_median_value_tools_power_hand,property_burned_median_value_purses_handbags_wallets,property_burned_median_value_jewelry_precious_metals_gems,property_burned_median_value_recordings_audio_visual,property_burned_median_value_credit_debit_cards,property_burned_median_value_firearms,drugs_unknown_type_drug,drugs_cocaine,drugs_marijuana,drugs_hashish,drugs_amphetamines_methamphetamines,drugs_other_hallucinogens,drugs_other_stimulants,drugs_crack_cocaine,drugs_lsd,drugs_other_narcotics,drugs_barbiturates,drugs_heroin,drugs_morphine,drugs_other_depressants,drugs_pcp,property_seized_merchandise,property_seized_watercraft,property_seized_structures_other_dwellings,property_seized_recreational_vehicles,property_seized_structures_other,property_seized_mean_value_merchandise,property_seized_mean_value_watercraft,property_seized_mean_value_structures_other_dwellings,property_seized_mean_value_recreational_vehicles,property_seized_mean_value_structures_other,property_seized_median_value_merchandise,property_seized_median_value_watercraft,property_seized_median_value_structures_other_dwellings,property_seized_median_value_recreational_vehicles,property_seized_median_value_structures_other,property_recovered_structures_other_commercial_business,property_recovered_structures_industrial_manufacturing,property_recovered_structures_single_occupancy_dwellings,property_recovered_structures_public_community,property_recovered_mean_value_structures_other_commercial_business,property_recovered_mean_value_structures_industrial_manufacturing,property_recovered_mean_value_structures_single_occupancy_dwellings,property_recovered_mean_value_structures_public_community,property_recovered_median_value_structures_other_commercial_business,property_recovered_median_value_structures_industrial_manufacturing,property_recovered_median_value_structures_single_occupancy_dwellings,property_recovered_median_value_structures_public_community,property_counterfeited_livestock,property_counterfeited_gambling_equipment,property_counterfeited_purses_handbags_wallets,property_counterfeited_mean_value_livestock,property_counterfeited_mean_value_gambling_equipment,property_counterfeited_mean_value_purses_handbags_wallets,property_counterfeited_median_value_livestock,property_counterfeited_median_value_gambling_equipment,property_counterfeited_median_value_purses_handbags_wallets,property_burned_livestock,property_burned_office_type_equipment,property_burned_gambling_equipment,property_burned_drugs_narcotics,property_burned_mean_value_livestock,property_burned_mean_value_office_type_equipment,property_burned_mean_value_gambling_equipment,property_burned_mean_value_drugs_narcotics,property_burned_median_value_livestock,property_burned_median_value_office_type_equipment,property_burned_median_value_gambling_equipment,property_burned_median_value_drugs_narcotics,drugs_opium,property_counterfeited_trucks,property_counterfeited_heavy_construction_industrial_equipment,property_counterfeited_other_motor_vehicles,property_counterfeited_mean_value_trucks,property_counterfeited_mean_value_heavy_construction_industrial_equipment,property_counterfeited_mean_value_other_motor_vehicles,property_counterfeited_median_value_trucks,property_counterfeited_median_value_heavy_construction_industrial_equipment,property_counterfeited_median_value_other_motor_vehicles,property_burned_alcohol,property_burned_merchandise,property_burned_nonnegotiable_instruments,property_burned_aircraft,property_burned_mean_value_alcohol,property_burned_mean_value_merchandise,property_burned_mean_value_nonnegotiable_instruments,property_burned_mean_value_aircraft,property_burned_median_value_alcohol,property_burned_median_value_merchandise,property_burned_median_value_nonnegotiable_instruments,property_burned_median_value_aircraft,property_seized_heavy_construction_industrial_equipment,property_seized_mean_value_heavy_construction_industrial_equipment,property_seized_median_value_heavy_construction_industrial_equipment,property_burned_drug_narcotic_equipment,property_burned_mean_value_drug_narcotic_equipment,property_burned_median_value_drug_narcotic_equipment,property_seized_buses,property_seized_mean_value_buses,property_seized_median_value_buses,property_counterfeited_structures_other_commercial_business,property_counterfeited_aircraft,property_counterfeited_mean_value_structures_other_commercial_business,property_counterfeited_mean_value_aircraft,property_counterfeited_median_value_structures_other_commercial_business,property_counterfeited_median_value_aircraft,property_burned_negotiable_instruments,property_burned_mean_value_negotiable_instruments,property_burned_median_value_negotiable_instruments,property_counterfeited_structures_other_dwellings,property_counterfeited_mean_value_structures_other_dwellings,property_counterfeited_median_value_structures_other_dwellings,property_seized_livestock,property_seized_mean_value_livestock,property_seized_median_value_livestock,property_counterfeited_bicycles,property_counterfeited_mean_value_bicycles,property_counterfeited_median_value_bicycles,property_counterfeited_buses,property_counterfeited_watercraft,property_counterfeited_structures_other,property_counterfeited_mean_value_buses,property_counterfeited_mean_value_watercraft,property_counterfeited_mean_value_structures_other,property_counterfeited_median_value_buses,property_counterfeited_median_value_watercraft,property_counterfeited_median_value_structures_other,property_seized_structures_industrial_manufacturing,property_seized_mean_value_structures_industrial_manufacturing,property_seized_median_value_structures_industrial_manufacturing,property_seized_structures_public_community,property_seized_mean_value_structures_public_community,property_seized_median_value_structures_public_community,property_seized_structures_other_commercial_business,property_seized_structures_storage,property_seized_mean_value_structures_other_commercial_business,property_seized_mean_value_structures_storage,property_seized_median_value_structures_other_commercial_business,property_seized_median_value_structures_storage,property_counterfeited_structures_storage,property_counterfeited_mean_value_structures_storage,property_counterfeited_median_value_structures_storage,property_stolen_recreational_sports_equipment,property_stolen_portible_electronic_communications,property_stolen_lawn_yard_garden_equipment,property_stolen_musical_instruments,property_stolen_building_materials,property_stolen_logging_equipment,property_stolen_pets,property_stolen_photographic_optical_equipment,property_stolen_weapons_other,property_stolen_chemicals,property_stolen_documents_personal_or_business,property_stolen_fuel,property_stolen_identity_intangible,property_stolen_identity_documents,property_stolen_metals_non_precious,property_stolen_trailers,property_stolen_aircraft_parts_accessories,property_stolen_camping_hunting_fishing_equipment_supplies,property_stolen_law_enforcement_equipment,property_stolen_firearm_accessories,property_stolen_watercraft_equipment_parts_accessories,property_stolen_medical_medical_lab_equipment,property_stolen_collections_collectibles,property_stolen_artistic_supplies_accessories,property_stolen_mean_value_recreational_sports_equipment,property_stolen_mean_value_portible_electronic_communications,property_stolen_mean_value_lawn_yard_garden_equipment,property_stolen_mean_value_musical_instruments,property_stolen_mean_value_building_materials,property_stolen_mean_value_logging_equipment,property_stolen_mean_value_pets,property_stolen_mean_value_photographic_optical_equipment,property_stolen_mean_value_weapons_other,property_stolen_mean_value_chemicals,property_stolen_mean_value_documents_personal_or_business,property_stolen_mean_value_fuel,property_stolen_mean_value_identity_intangible,property_stolen_mean_value_identity_documents,property_stolen_mean_value_metals_non_precious,property_stolen_mean_value_trailers,property_stolen_mean_value_aircraft_parts_accessories,property_stolen_mean_value_camping_hunting_fishing_equipment_supplies,property_stolen_mean_value_law_enforcement_equipment,property_stolen_mean_value_firearm_accessories,property_stolen_mean_value_watercraft_equipment_parts_accessories,property_stolen_mean_value_medical_medical_lab_equipment,property_stolen_mean_value_collections_collectibles,property_stolen_mean_value_artistic_supplies_accessories,property_stolen_median_value_recreational_sports_equipment,property_stolen_median_value_portible_electronic_communications,property_stolen_median_value_lawn_yard_garden_equipment,property_stolen_median_value_musical_instruments,property_stolen_median_value_building_materials,property_stolen_median_value_logging_equipment,property_stolen_median_value_pets,property_stolen_median_value_photographic_optical_equipment,property_stolen_median_value_weapons_other,property_stolen_median_value_chemicals,property_stolen_median_value_documents_personal_or_business,property_stolen_median_value_fuel,property_stolen_median_value_identity_intangible,property_stolen_median_value_identity_documents,property_stolen_median_value_metals_non_precious,property_stolen_median_value_trailers,property_stolen_median_value_aircraft_parts_accessories,property_stolen_median_value_camping_hunting_fishing_equipment_supplies,property_stolen_median_value_law_enforcement_equipment,property_stolen_median_value_firearm_accessories,property_stolen_median_value_watercraft_equipment_parts_accessories,property_stolen_median_value_medical_medical_lab_equipment,property_stolen_median_value_collections_collectibles,property_stolen_median_value_artistic_supplies_accessories,property_counterfeited_identity_intangible,property_counterfeited_identity_documents,property_counterfeited_documents_personal_or_business,property_counterfeited_mean_value_identity_intangible,property_counterfeited_mean_value_identity_documents,property_counterfeited_mean_value_documents_personal_or_business,property_counterfeited_median_value_identity_intangible,property_counterfeited_median_value_identity_documents,property_counterfeited_median_value_documents_personal_or_business,property_destroyed_building_materials,property_destroyed_metals_non_precious,property_destroyed_photographic_optical_equipment,property_destroyed_mean_value_building_materials,property_destroyed_mean_value_metals_non_precious,property_destroyed_mean_value_photographic_optical_equipment,property_destroyed_median_value_building_materials,property_destroyed_median_value_metals_non_precious,property_destroyed_median_value_photographic_optical_equipment,property_seized_identity_intangible,property_seized_photographic_optical_equipment,property_seized_weapons_other,property_seized_mean_value_identity_intangible,property_seized_mean_value_photographic_optical_equipment,property_seized_mean_value_weapons_other,property_seized_median_value_identity_intangible,property_seized_median_value_photographic_optical_equipment,property_seized_median_value_weapons_other,property_recovered_recreational_sports_equipment,property_recovered_documents_personal_or_business,property_recovered_identity_documents,property_recovered_logging_equipment,property_recovered_metals_non_precious,property_recovered_pets,property_recovered_photographic_optical_equipment,property_recovered_building_materials,property_recovered_musical_instruments,property_recovered_camping_hunting_fishing_equipment_supplies,property_recovered_fuel,property_recovered_identity_intangible,property_recovered_weapons_other,property_recovered_trailers,property_recovered_collections_collectibles,property_recovered_mean_value_recreational_sports_equipment,property_recovered_mean_value_documents_personal_or_business,property_recovered_mean_value_identity_documents,property_recovered_mean_value_logging_equipment,property_recovered_mean_value_metals_non_precious,property_recovered_mean_value_pets,property_recovered_mean_value_photographic_optical_equipment,property_recovered_mean_value_building_materials,property_recovered_mean_value_musical_instruments,property_recovered_mean_value_camping_hunting_fishing_equipment_supplies,property_recovered_mean_value_fuel,property_recovered_mean_value_identity_intangible,property_recovered_mean_value_weapons_other,property_recovered_mean_value_trailers,property_recovered_mean_value_collections_collectibles,property_recovered_median_value_recreational_sports_equipment,property_recovered_median_value_documents_personal_or_business,property_recovered_median_value_identity_documents,property_recovered_median_value_logging_equipment,property_recovered_median_value_metals_non_precious,property_recovered_median_value_pets,property_recovered_median_value_photographic_optical_equipment,property_recovered_median_value_building_materials,property_recovered_median_value_musical_instruments,property_recovered_median_value_camping_hunting_fishing_equipment_supplies,property_recovered_median_value_fuel,property_recovered_median_value_identity_intangible,property_recovered_median_value_weapons_other,property_recovered_median_value_trailers,property_recovered_median_value_collections_collectibles,property_burned_recreational_sports_equipment,property_burned_mean_value_recreational_sports_equipment,property_burned_median_value_recreational_sports_equipment,property_stolen_crops,property_stolen_explosives,property_stolen_mean_value_crops,property_stolen_mean_value_explosives,property_stolen_median_value_crops,property_stolen_median_value_explosives,property_destroyed_lawn_yard_garden_equipment,property_destroyed_medical_medical_lab_equipment,property_destroyed_portible_electronic_communications,property_destroyed_trailers,property_destroyed_law_enforcement_equipment,property_destroyed_recreational_sports_equipment,property_destroyed_artistic_supplies_accessories,property_destroyed_collections_collectibles,property_destroyed_watercraft_equipment_parts_accessories,property_destroyed_crops,property_destroyed_camping_hunting_fishing_equipment_supplies,property_destroyed_musical_instruments,property_destroyed_identity_documents,property_destroyed_pets,property_destroyed_weapons_other,property_destroyed_chemicals,property_destroyed_firearm_accessories,property_destroyed_fuel,property_destroyed_aircraft_parts_accessories,property_destroyed_logging_equipment,property_destroyed_documents_personal_or_business,property_destroyed_mean_value_lawn_yard_garden_equipment,property_destroyed_mean_value_medical_medical_lab_equipment,property_destroyed_mean_value_portible_electronic_communications,property_destroyed_mean_value_trailers,property_destroyed_mean_value_law_enforcement_equipment,property_destroyed_mean_value_recreational_sports_equipment,property_destroyed_mean_value_artistic_supplies_accessories,property_destroyed_mean_value_collections_collectibles,property_destroyed_mean_value_watercraft_equipment_parts_accessories,property_destroyed_mean_value_crops,property_destroyed_mean_value_camping_hunting_fishing_equipment_supplies,property_destroyed_mean_value_musical_instruments,property_destroyed_mean_value_identity_documents,property_destroyed_mean_value_pets,property_destroyed_mean_value_weapons_other,property_destroyed_mean_value_chemicals,property_destroyed_mean_value_firearm_accessories,property_destroyed_mean_value_fuel,property_destroyed_mean_value_aircraft_parts_accessories,property_destroyed_mean_value_logging_equipment,property_destroyed_mean_value_documents_personal_or_business,property_destroyed_median_value_lawn_yard_garden_equipment,property_destroyed_median_value_medical_medical_lab_equipment,property_destroyed_median_value_portible_electronic_communications,property_destroyed_median_value_trailers,property_destroyed_median_value_law_enforcement_equipment,property_destroyed_median_value_recreational_sports_equipment,property_destroyed_median_value_artistic_supplies_accessories,property_destroyed_median_value_collections_collectibles,property_destroyed_median_value_watercraft_equipment_parts_accessories,property_destroyed_median_value_crops,property_destroyed_median_value_camping_hunting_fishing_equipment_supplies,property_destroyed_median_value_musical_instruments,property_destroyed_median_value_identity_documents,property_destroyed_median_value_pets,property_destroyed_median_value_weapons_other,property_destroyed_median_value_chemicals,property_destroyed_median_value_firearm_accessories,property_destroyed_median_value_fuel,property_destroyed_median_value_aircraft_parts_accessories,property_destroyed_median_value_logging_equipment,property_destroyed_median_value_documents_personal_or_business,property_seized_chemicals,property_seized_documents_personal_or_business,property_seized_identity_documents,property_seized_recreational_sports_equipment,property_seized_portible_electronic_communications,property_seized_explosives,property_seized_firearm_accessories,property_seized_law_enforcement_equipment,property_seized_collections_collectibles,property_seized_trailers,property_seized_mean_value_chemicals,property_seized_mean_value_documents_personal_or_business,property_seized_mean_value_identity_documents,property_seized_mean_value_recreational_sports_equipment,property_seized_mean_value_portible_electronic_communications,property_seized_mean_value_explosives,property_seized_mean_value_firearm_accessories,property_seized_mean_value_law_enforcement_equipment,property_seized_mean_value_collections_collectibles,property_seized_mean_value_trailers,property_seized_median_value_chemicals,property_seized_median_value_documents_personal_or_business,property_seized_median_value_identity_documents,property_seized_median_value_recreational_sports_equipment,property_seized_median_value_portible_electronic_communications,property_seized_median_value_explosives,property_seized_median_value_firearm_accessories,property_seized_median_value_law_enforcement_equipment,property_seized_median_value_collections_collectibles,property_seized_median_value_trailers,property_counterfeited_collections_collectibles,property_counterfeited_medical_medical_lab_equipment,property_counterfeited_fuel,property_counterfeited_mean_value_collections_collectibles,property_counterfeited_mean_value_medical_medical_lab_equipment,property_counterfeited_mean_value_fuel,property_counterfeited_median_value_collections_collectibles,property_counterfeited_median_value_medical_medical_lab_equipment,property_counterfeited_median_value_fuel,property_recovered_chemicals,property_recovered_crops,property_recovered_portible_electronic_communications,property_recovered_explosives,property_recovered_lawn_yard_garden_equipment,property_recovered_firearm_accessories,property_recovered_law_enforcement_equipment,property_recovered_medical_medical_lab_equipment,property_recovered_artistic_supplies_accessories,property_recovered_watercraft_equipment_parts_accessories,property_recovered_aircraft_parts_accessories,property_recovered_mean_value_chemicals,property_recovered_mean_value_crops,property_recovered_mean_value_portible_electronic_communications,property_recovered_mean_value_explosives,property_recovered_mean_value_lawn_yard_garden_equipment,property_recovered_mean_value_firearm_accessories,property_recovered_mean_value_law_enforcement_equipment,property_recovered_mean_value_medical_medical_lab_equipment,property_recovered_mean_value_artistic_supplies_accessories,property_recovered_mean_value_watercraft_equipment_parts_accessories,property_recovered_mean_value_aircraft_parts_accessories,property_recovered_median_value_chemicals,property_recovered_median_value_crops,property_recovered_median_value_portible_electronic_communications,property_recovered_median_value_explosives,property_recovered_median_value_lawn_yard_garden_equipment,property_recovered_median_value_firearm_accessories,property_recovered_median_value_law_enforcement_equipment,property_recovered_median_value_medical_medical_lab_equipment,property_recovered_median_value_artistic_supplies_accessories,property_recovered_median_value_watercraft_equipment_parts_accessories,property_recovered_median_value_aircraft_parts_accessories,property_burned_building_materials,property_burned_crops,property_burned_lawn_yard_garden_equipment,property_burned_metals_non_precious,property_burned_camping_hunting_fishing_equipment_supplies,property_burned_photographic_optical_equipment,property_burned_trailers,property_burned_pets,property_burned_mean_value_building_materials,property_burned_mean_value_crops,property_burned_mean_value_lawn_yard_garden_equipment,property_burned_mean_value_metals_non_precious,property_burned_mean_value_camping_hunting_fishing_equipment_supplies,property_burned_mean_value_photographic_optical_equipment,property_burned_mean_value_trailers,property_burned_mean_value_pets,property_burned_median_value_building_materials,property_burned_median_value_crops,property_burned_median_value_lawn_yard_garden_equipment,property_burned_median_value_metals_non_precious,property_burned_median_value_camping_hunting_fishing_equipment_supplies,property_burned_median_value_photographic_optical_equipment,property_burned_median_value_trailers,property_burned_median_value_pets,property_counterfeited_crops,property_counterfeited_metals_non_precious,property_counterfeited_logging_equipment,property_counterfeited_photographic_optical_equipment,property_counterfeited_recreational_sports_equipment,property_counterfeited_trailers,property_counterfeited_musical_instruments,property_counterfeited_portible_electronic_communications,property_counterfeited_artistic_supplies_accessories,property_counterfeited_mean_value_crops,property_counterfeited_mean_value_metals_non_precious,property_counterfeited_mean_value_logging_equipment,property_counterfeited_mean_value_photographic_optical_equipment,property_counterfeited_mean_value_recreational_sports_equipment,property_counterfeited_mean_value_trailers,property_counterfeited_mean_value_musical_instruments,property_counterfeited_mean_value_portible_electronic_communications,property_counterfeited_mean_value_artistic_supplies_accessories,property_counterfeited_median_value_crops,property_counterfeited_median_value_metals_non_precious,property_counterfeited_median_value_logging_equipment,property_counterfeited_median_value_photographic_optical_equipment,property_counterfeited_median_value_recreational_sports_equipment,property_counterfeited_median_value_trailers,property_counterfeited_median_value_musical_instruments,property_counterfeited_median_value_portible_electronic_communications,property_counterfeited_median_value_artistic_supplies_accessories,property_destroyed_identity_intangible,property_destroyed_explosives,property_destroyed_mean_value_identity_intangible,property_destroyed_mean_value_explosives,property_destroyed_median_value_identity_intangible,property_destroyed_median_value_explosives,property_seized_camping_hunting_fishing_equipment_supplies,property_seized_lawn_yard_garden_equipment,property_seized_fuel,property_seized_medical_medical_lab_equipment,property_seized_artistic_supplies_accessories,property_seized_metals_non_precious,property_seized_musical_instruments,property_seized_watercraft_equipment_parts_accessories,property_seized_mean_value_camping_hunting_fishing_equipment_supplies,property_seized_mean_value_lawn_yard_garden_equipment,property_seized_mean_value_fuel,property_seized_mean_value_medical_medical_lab_equipment,property_seized_mean_value_artistic_supplies_accessories,property_seized_mean_value_metals_non_precious,property_seized_mean_value_musical_instruments,property_seized_mean_value_watercraft_equipment_parts_accessories,property_seized_median_value_camping_hunting_fishing_equipment_supplies,property_seized_median_value_lawn_yard_garden_equipment,property_seized_median_value_fuel,property_seized_median_value_medical_medical_lab_equipment,property_seized_median_value_artistic_supplies_accessories,property_seized_median_value_metals_non_precious,property_seized_median_value_musical_instruments,property_seized_median_value_watercraft_equipment_parts_accessories,property_burned_fuel,property_burned_explosives,property_burned_collections_collectibles,property_burned_logging_equipment,property_burned_medical_medical_lab_equipment,property_burned_identity_documents,property_burned_musical_instruments,property_burned_firearm_accessories,property_burned_weapons_other,property_burned_documents_personal_or_business,property_burned_artistic_supplies_accessories,property_burned_mean_value_fuel,property_burned_mean_value_explosives,property_burned_mean_value_collections_collectibles,property_burned_mean_value_logging_equipment,property_burned_mean_value_medical_medical_lab_equipment,property_burned_mean_value_identity_documents,property_burned_mean_value_musical_instruments,property_burned_mean_value_firearm_accessories,property_burned_mean_value_weapons_other,property_burned_mean_value_documents_personal_or_business,property_burned_mean_value_artistic_supplies_accessories,property_burned_median_value_fuel,property_burned_median_value_explosives,property_burned_median_value_collections_collectibles,property_burned_median_value_logging_equipment,property_burned_median_value_medical_medical_lab_equipment,property_burned_median_value_identity_documents,property_burned_median_value_musical_instruments,property_burned_median_value_firearm_accessories,property_burned_median_value_weapons_other,property_burned_median_value_documents_personal_or_business,property_burned_median_value_artistic_supplies_accessories,property_seized_pets,property_seized_crops,property_seized_building_materials,property_seized_mean_value_pets,property_seized_mean_value_crops,property_seized_mean_value_building_materials,property_seized_median_value_pets,property_seized_median_value_crops,property_seized_median_value_building_materials,property_counterfeited_aircraft_parts_accessories,property_counterfeited_lawn_yard_garden_equipment,property_counterfeited_chemicals,property_counterfeited_mean_value_aircraft_parts_accessories,property_counterfeited_mean_value_lawn_yard_garden_equipment,property_counterfeited_mean_value_chemicals,property_counterfeited_median_value_aircraft_parts_accessories,property_counterfeited_median_value_lawn_yard_garden_equipment,property_counterfeited_median_value_chemicals,property_burned_portible_electronic_communications,property_burned_chemicals,property_burned_watercraft_equipment_parts_accessories,property_burned_mean_value_portible_electronic_communications,property_burned_mean_value_chemicals,property_burned_mean_value_watercraft_equipment_parts_accessories,property_burned_median_value_portible_electronic_communications,property_burned_median_value_chemicals,property_burned_median_value_watercraft_equipment_parts_accessories,property_seized_aircraft_parts_accessories,property_seized_logging_equipment,property_seized_mean_value_aircraft_parts_accessories,property_seized_mean_value_logging_equipment,property_seized_median_value_aircraft_parts_accessories,property_seized_median_value_logging_equipment,property_counterfeited_building_materials,property_counterfeited_explosives,property_counterfeited_weapons_other,property_counterfeited_camping_hunting_fishing_equipment_supplies,property_counterfeited_law_enforcement_equipment,property_counterfeited_mean_value_building_materials,property_counterfeited_mean_value_explosives,property_counterfeited_mean_value_weapons_other,property_counterfeited_mean_value_camping_hunting_fishing_equipment_supplies,property_counterfeited_mean_value_law_enforcement_equipment,property_counterfeited_median_value_building_materials,property_counterfeited_median_value_explosives,property_counterfeited_median_value_weapons_other,property_counterfeited_median_value_camping_hunting_fishing_equipment_supplies,property_counterfeited_median_value_law_enforcement_equipment,property_counterfeited_firearm_accessories,property_counterfeited_mean_value_firearm_accessories,property_counterfeited_median_value_firearm_accessories,property_burned_law_enforcement_equipment,property_burned_mean_value_law_enforcement_equipment,property_burned_median_value_law_enforcement_equipment,property_counterfeited_watercraft_equipment_parts_accessories,property_counterfeited_mean_value_watercraft_equipment_parts_accessories,property_counterfeited_median_value_watercraft_equipment_parts_accessories,property_burned_identity_intangible,property_burned_mean_value_identity_intangible,property_burned_median_value_identity_intangible,property_counterfeited_pets,property_counterfeited_mean_value_pets,property_counterfeited_median_value_pets,property_burned_aircraft_parts_accessories,property_burned_mean_value_aircraft_parts_accessories,property_burned_median_value_aircraft_parts_accessories
KY0660000,2013,Leslie County Sheriff's Office,Kentucky,10776,3,0,0,3,0,2,0,0,0,3,0,0,0,0,1,2,0,0,0,3,0,0,0,0,0,1,0,0,0,0,0,0,0,0,0,0,0,0,0,0,0,0,10813,0,0,741,0,6900,0,0,0,1779,0,0,0,0,11772,262,0,0,0,221,0,0,0,0,0,3270,0,0,0,0,0,0,0,0,0,0,0,0,0,0,0,0,6540,0,0,654,0,6900,0,0,0,1779,0,0,0,0,11772,262,0,0,0,229,0,0,0,0,0,3270,0,0,0,0,0,0,0,0,0,0,0,0,0,0,0,0,0,0,0,0,0,0,0,2,0,0,0,0,0,0,0,0,0,0,0,0,0,0,0,0,0,1,0,0,0,0,0,0,0,0,0,0,0,0,0,0,0,0,0,0,0,0,0,0,0,3139,0,0,0,0,0,0,0,0,0,0,0,0,0,0,0,0,0,654,0,0,0,0,0,0,0,0,0,0,0,0,0,0,0,0,0,0,0,0,0,0,0,3139,0,0,0,0,0,0,0,0,0,0,0,0,0,0,0,0,0,654,0,0,0,0,0,0,0,0,0,0,0,0,0,0,0,0,0,0,0,0,0,0,0,0,0,0,0,0,0,0,0,0,0,0,0,0,0,0,0,0,0,0,0,0,0,0,0,0,0,0,0,0,0,0,0,0,0,0,0,0,0,0,0,0,0,0,0,0,0,0,0,0,0,0,0,0,0,0,0,0,0,0,0,0,0,0,0,0,0,0,0,0,0,0,0,0,0,0,0,0,0,0,0,0,0,0,0,0,0,0,0,0,0,0,0,0,0,0,0,0,0,0,0,0,0,0,0,0,0,0,0,7,0,1,0,0,1,0,0,0,0,0,0,0,0,0,0,0,0,0,0,0,0,0,0,0,0,0,0,0,0,0,0,0,0,0,0,0,0,0,0,0,0,0,0,0,0,0,0,0,0,0,0,0,0,0,0,0,0,0,0,0,0,0,0,0,0,0,0,0,0,0,0,0,0,0,0,0,0,0,0,0,0,0,0,0,0,0,0,0,0,0,0,0,0,0,0,0,0,0,0,0,0,0,0,0,0,0,0,0,0,0,,0,0,0,0,0,0,0,0,0,0,0,0,0,0,0,0,0,0,0,0,0,0,0,0,0,0,0,,0,0,0,0,0,0,0,0,0,0,0,0,0,0,0,0,0,0,0,0,0,0,0,0,0,0,0,,0,0,0,0,0,0,0,0,0,0,0,0,0,0,0,0,0,0,0,0,0,0,0,0,0,0,0,0,0,0,0,0,0,0,0,0,0,0,0,0,0,0,0,0,0,0,0,0,0,0,0,0,0,0,0,0,0,0,0,0,0,0,0,0,0,0,0,0,0,0,0,0,0,0,0,0,0,0,0,0,0,0,0,0,0,0,0,0,0,0,0,0,0,0,0,0,0,0,0,0,0,1,0,1,0,5,0,0,0,0,0,1,0,0,0,0,0,0,0,0,0,0,0,0,0,0,0,0,0,0,0,0,0,0,0,0,0,0,0,0,0,0,0,0,0,0,0,0,0,0,0,0,0,0,,0,0,0,,0,0,0,,0,0,0,0,0,0,0,0,0,0,0,0,0,0,0,0,0,0,0,0,0,0,0,0,0,0,0,0,0,0,0,0,0,0,0,0,0,0,0,0,0,0,0,0,0,0,0,,,,0,0,0,0,0,0,0,0,0,0,0,0,0,0,0,0,0,0,0,0,0,,,,0,0,0,0,0,0,0,1,1,0,0,0,0,0,0,0,0,0,0,0,0,0,0,0,0,0,0,0,0,0,0,196,33,0,0,0,0,0,0,0,0,0,0,0,0,0,0,0,0,0,0,0,0,0,0,196,33,0,0,0,0,0,0,0,0,0,0,0,0,0,0,0,0,0,0,0,0,0,0,0,0,1,0,0,3270,0,0,3270,0,0,0,0,0,0,0,0,0,0,0,0,0,0,0,0,0,0,0,0,0,0,0,0,0,0,0,0,0,0,0,0,0,0,0,0,0,0,0,0,0,0,0,0,0,0,0,0,0,0,0,0,0,0,0,0,0,0,0,0,0,0,0,0,0,0,0,0,0,0,0,0,0,0,0,0,0,0,0,0,0,0,0,0,0,0,0,0,0,0,0,0,0,0,0,0,0,0,0,0,0,0,0,0,0,0,0,0,0,0,0,0,0,0,0,0,0,0,0,0,0,0,0,0,0,0,0,0,0,0,0,0,0,0,0,0,0,0,0,0,0,0,0,0,0,0,0,0,0,0,0,0,0,0,0,0,0,0,0,0,0,0,0,0,0,0,0,0,0,0,0,0,0,0,0,0,0,0,0,0,0,0,0,0,0,0,0,0,0,0,0,0,0,0,0,0,0,0,0,0,0,0,0,0,0,0,0,0,0,0,0,0,0,0,0,0,0,0,0,0,0,0,0,0,,0,,0,0,0,0,0,0,,0,,0,0,0,0,0,0,,0,,0,0,0,0,0,0,0,0,0,0,0,0,0,0,0,0,0,0,0,0,0,0,0,0,0,0,0,0,0,0,0,0,0,0,0,0,0,0,0,0,0,0,,,0,0,0,0,0,0,0,0,0,,,0,0,0,0,0,0,0,0,0,,,0,0,0,0,0,0,0,0,0,0,0,0,,0,0,,0,0,,0,0,0,,0,0,,0,0,,0,0,0,0,0,0,0,0,0,0,0,0,0,0,0,0,0,0,0,0,0,0,,,,,,,,,,,,,,,,,,
KY0660000,2014,Leslie County Sheriff's Office,Kentucky,10608,6,1,1,2,1,0,0,1,0,2,1,1,0,0,0,1,0,0,0,1,0,0,0,0,0,0,0,0,0,0,0,0,0,0,0,0,0,0,0,0,0,0,20164,193,26,1351,212,0,0,129,0,77,0,26,0,0,0,1030,0,0,0,1596,0,0,0,0,0,0,0,0,0,0,0,0,0,0,0,0,0,0,0,0,0,0,10297,193,26,1351,212,0,0,129,0,77,0,26,0,0,0,1030,0,0,0,1596,0,0,0,0,0,0,0,0,0,0,0,0,0,0,0,0,0,0,0,0,0,0,0,0,0,0,0,0,0,0,0,0,0,0,0,0,1,0,1,0,0,0,0,0,0,0,0,0,0,0,0,0,0,0,0,0,0,0,0,0,0,0,0,0,0,0,0,0,0,0,0,0,0,0,0,0,0,0,1287,0,0,0,0,0,0,0,0,0,0,0,0,0,0,0,0,0,0,0,0,0,0,0,0,0,0,0,0,0,0,0,0,0,0,0,0,0,0,0,0,0,1287,0,0,0,0,0,0,0,0,0,0,0,0,0,0,0,0,0,0,0,0,0,0,0,0,0,0,0,0,0,1,0,0,0,0,0,0,0,0,0,0,0,0,0,0,0,0,0,0,0,0,0,0,0,0,0,0,0,0,0,0,0,0,0,1,0,0,0,26,0,0,0,0,0,0,0,0,0,0,0,0,0,0,0,0,0,0,0,0,0,0,0,0,0,0,0,0,0,0,0,0,0,0,0,0,0,26,0,0,0,0,0,0,0,0,0,0,0,0,0,0,0,0,0,0,0,0,0,0,0,0,0,0,0,0,0,0,0,0,0,0,0,0,2,0,0,0,0,0,0,0,0,0,0,0,0,0,0,0,0,0,0,0,0,0,0,0,0,0,0,0,0,0,0,0,0,0,0,0,0,0,0,0,0,0,0,0,0,0,0,0,0,0,0,0,0,0,0,0,0,0,0,0,0,0,0,0,0,0,0,0,0,0,0,0,0,0,0,0,0,0,0,0,0,0,0,0,0,0,0,0,0,0,0,0,0,0,0,0,0,0,0,1,0,,0,0,0,0,0,0,0,0,0,,0,0,0,0,0,0,0,0,0,0,0,0,0,0,0,0,0,,0,0,0,0,0,0,0,0,0,,0,0,0,0,0,0,0,0,0,0,0,0,0,0,0,0,0,,0,0,0,0,0,0,0,0,0,,0,0,0,0,0,0,0,0,0,0,0,0,0,0,0,0,0,0,0,0,0,0,0,0,0,0,0,0,0,0,0,0,0,0,0,,0,0,0,0,0,0,0,0,0,0,0,0,0,0,0,0,0,0,0,0,0,0,0,0,0,0,0,0,0,0,0,,0,0,0,0,0,0,0,0,0,0,0,0,0,0,0,0,0,0,0,0,0,0,0,0,0,0,0,0,0,0,0,,0,0,0,1,0,0,0,0,0,0,0,1,0,0,0,0,0,0,0,0,0,0,0,0,0,0,0,0,0,0,0,0,0,0,0,0,0,0,0,0,0,0,0,0,0,0,0,0,0,0,0,0,0,0,0,0,0,0,0,0,0,0,0,0,0,0,0,0,0,0,0,0,0,0,0,0,0,0,0,0,0,0,0,0,0,0,0,0,0,0,0,0,0,0,0,0,0,0,0,0,0,0,0,0,0,0,0,0,0,0,0,0,0,,,0,,,0,,,0,0,0,0,0,0,0,0,0,0,0,0,0,,,,0,0,0,0,0,0,0,0,0,0,0,0,0,0,0,0,0,1,0,0,0,0,0,0,0,0,0,0,0,0,0,0,0,0,0,0,0,0,0,0,0,257,0,0,0,0,0,0,0,0,0,0,0,0,0,0,0,0,0,0,0,0,0,0,0,257,0,0,0,0,0,0,0,0,0,0,0,0,0,0,0,0,0,0,0,0,0,0,0,0,0,0,0,0,0,0,0,0,0,0,0,0,0,0,0,0,0,0,0,0,0,0,0,0,0,0,0,0,0,0,0,0,0,0,0,0,0,0,0,0,0,0,0,0,0,0,0,0,0,0,0,0,0,0,0,0,0,0,0,0,0,0,0,0,0,0,0,0,0,0,0,0,0,0,0,0,0,0,0,0,0,0,0,0,0,0,0,0,0,0,0,0,0,0,0,0,0,0,0,0,0,0,0,0,0,0,0,0,0,0,0,0,0,0,0,0,0,0,0,0,0,0,0,0,0,0,0,0,0,0,0,0,0,0,0,0,0,0,0,0,0,0,0,0,0,0,0,0,0,0,0,0,0,0,0,0,0,0,0,0,0,0,0,0,0,0,0,0,0,0,0,0,0,0,0,0,0,0,0,0,0,0,0,0,0,0,0,0,0,0,0,0,0,0,0,0,0,0,0,0,0,0,0,0,0,0,0,0,0,0,0,0,0,0,0,0,0,0,0,0,0,0,,0,,,,0,0,0,0,,0,,,,0,0,0,0,,0,,,,0,0,0,0,0,0,0,0,0,0,0,0,0,0,0,0,0,0,0,0,0,0,0,0,0,0,0,0,0,0,0,0,0,0,0,0,0,,0,0,0,,0,0,0,0,0,0,,0,0,0,,0,0,0,0,0,0,,0,0,0,,0,0,0,0,0,0,0,0,0,0,0,0,0,,0,0,,0,0,,0,0,0,0,0,0,0,0,0,0,0,,0,,0,,0,,0,0,0,0,,0,0,0,0,,0,0,0,,,,,,,,,,,,,,,,,,
KY0660000,2015,Leslie County Sheriff's Office,Kentucky,10461,0,0,0,0,0,0,0,0,0,0,0,0,0,0,0,1,0,0,0,0,0,0,0,0,0,0,0,0,0,0,0,0,0,0,0,0,0,0,0,0,0,0,0,0,0,0,0,0,0,0,0,0,0,0,0,0,0,4226,0,0,0,0,0,0,0,0,0,0,0,0,0,0,0,0,0,0,0,0,0,0,0,0,0,0,0,0,0,0,0,0,0,0,0,0,0,0,0,0,0,4226,0,0,0,0,0,0,0,0,0,0,0,0,0,0,0,0,0,0,0,0,0,0,0,0,0,0,0,0,0,0,0,0,0,1,0,0,0,0,0,0,0,0,0,0,0,0,0,0,0,0,0,0,0,0,1,0,0,0,0,0,0,0,0,0,0,0,0,0,0,0,0,0,0,0,0,4499,0,0,0,0,0,0,0,0,0,0,0,0,0,0,0,0,0,0,0,0,4929,0,0,0,0,0,0,0,0,0,0,0,0,0,0,0,0,0,0,0,0,4499,0,0,0,0,0,0,0,0,0,0,0,0,0,0,0,0,0,0,0,0,4929,0,0,0,0,0,0,0,0,0,0,0,0,0,0,0,0,0,0,0,0,0,0,0,0,0,0,0,0,0,0,0,0,0,0,0,0,0,0,0,0,0,0,0,0,0,0,0,0,0,0,0,0,0,0,0,0,0,0,0,0,0,0,0,0,0,0,0,0,0,0,0,0,0,0,0,0,0,0,0,0,0,0,0,0,0,0,0,0,0,0,0,0,0,0,0,0,0,0,0,0,0,0,0,0,0,0,0,0,0,0,0,0,0,0,0,0,0,0,0,0,0,0,0,0,0,0,0,0,0,0,0,0,0,0,0,0,0,0,0,0,0,0,0,0,0,0,0,0,0,0,0,0,0,0,0,0,0,0,0,0,0,0,0,0,0,0,0,0,0,0,0,0,0,0,0,0,0,0,0,0,0,0,0,0,0,0,0,0,0,0,0,0,0,0,0,0,0,0,0,0,0,0,0,0,0,0,0,0,0,0,0,0,0,0,0,0,0,0,0,0,0,0,0,0,0,0,0,0,0,0,0,0,0,0,0,0,0,0,0,0,0,0,0,0,0,0,0,0,0,0,0,0,0,0,0,0,0,0,0,0,0,0,0,0,0,0,0,0,0,0,0,0,0,0,0,0,0,0,0,0,0,0,0,0,0,0,0,0,0,0,0,0,0,0,0,0,0,0,0,0,0,0,0,0,0,0,0,0,0,0,0,0,0,0,0,0,0,0,0,0,0,0,0,0,0,0,0,0,0,0,0,0,0,0,0,0,0,0,0,0,0,0,0,0,0,0,0,0,0,0,0,0,0,0,0,0,0,0,0,0,0,0,0,0,0,0,0,0,0,0,0,0,0,0,0,0,0,0,0,0,0,0,0,0,0,0,0,0,0,0,0,0,0,0,0,0,0,0,0,0,0,0,0,0,0,0,0,0,0,0,0,0,0,0,0,0,0,0,0,0,0,0,0,0,0,0,0,0,0,0,0,0,0,0,0,0,0,0,0,0,0,0,0,0,0,0,0,0,0,0,,0,0,0,,0,0,0,,0,0,0,0,0,0,0,0,0,0,0,0,0,0,,0,0,0,,0,0,0,,0,0,0,0,0,0,,,,0,0,0,0,0,0,,,,0,0,0,0,0,0,0,0,0,,0,0,,0,0,,0,0,0,0,0,,,,0,0,0,0,0,0,0,0,0,0,0,0,0,0,0,0,0,0,0,0,0,0,0,0,0,0,0,0,0,0,0,0,0,0,0,0,0,0,0,0,0,0,0,0,0,0,0,0,0,0,0,0,0,0,0,0,0,0,0,0,0,0,0,0,0,0,0,0,0,0,0,0,0,0,0,0,0,0,0,0,0,0,0,0,0,0,0,0,0,0,0,0,0,0,0,0,0,0,0,0,0,0,0,0,0,0,0,0,0,0,0,0,0,0,0,0,0,0,0,0,0,0,0,0,0,0,0,0,0,0,0,0,0,0,0,0,0,0,0,0,0,0,0,0,0,0,0,0,0,0,0,0,0,0,0,0,0,0,0,0,0,0,0,0,0,0,0,0,0,0,0,0,0,0,0,0,0,0,0,0,0,0,0,0,0,0,0,0,0,0,0,0,0,0,0,0,0,0,0,0,0,0,0,0,0,0,0,0,0,0,0,0,0,0,0,0,0,0,0,0,0,0,0,0,0,0,0,0,0,0,0,0,0,0,0,0,0,0,0,0,0,0,0,0,0,0,0,0,0,0,0,0,0,0,0,0,0,0,0,0,0,0,0,0,0,0,0,0,0,0,0,0,0,0,0,0,0,0,0,0,0,0,0,0,0,0,0,0,0,0,0,0,0,0,0,0,0,0,0,0,0,0,,0,0,0,0,0,0,0,,0,0,0,0,0,0,0,,0,0,,0,,0,0,0,,0,0,,0,,0,0,0,,0,0,,0,,0,0,0,,0,0,0,0,0,0,0,0,0,0,0,0,0,0,0,0,0,0,0,0,0,0,0,0,0,0,0,0,0,0,0,0,0,0,0,0,0,0,0,0,0,0,0,0,0,0,0,0,0,0,0,0,0,0,0,0,0,0,0,0,0,0,0,0,0,0,0,0,0,0,0,0,0,0,,0,0,,0,0,,0,0,0,0,0,0,0,0,0,0,0,0,,0,,0,,0,0,,0,0,0,0,,0,0,0,0,,0,0,0,0,0,0,0,0,,,,,,,,,,,,
KY0660000,2016,Leslie County Sheriff's Office,Kentucky,10241,2,0,0,1,0,0,0,1,0,3,0,0,0,1,1,0,0,2,0,0,0,0,0,0,0,0,0,0,0,0,0,0,0,0,0,0,0,0,0,0,0,0,6665,0,0,317,0,0,0,254,0,1426,0,0,0,6348,1904,0,0,802,0,0,0,0,0,0,0,0,0,0,0,0,0,0,0,0,0,0,0,0,0,0,0,0,6665,0,0,317,0,0,0,254,0,635,0,0,0,6348,1904,0,0,802,0,0,0,0,0,0,0,0,0,0,0,0,0,0,0,0,0,0,0,0,0,0,0,0,0,0,0,0,0,0,0,2,0,0,0,0,0,0,0,0,1,0,0,0,0,0,0,0,0,0,0,0,0,0,0,0,0,0,0,0,0,0,0,0,0,0,0,0,0,0,0,0,0,381,0,0,0,0,0,0,0,0,254,0,0,0,0,0,0,0,0,0,0,0,0,0,0,0,0,0,0,0,0,0,0,0,0,0,0,0,0,0,0,0,0,381,0,0,0,0,0,0,0,0,254,0,0,0,0,0,0,0,0,0,0,0,0,0,0,0,0,0,0,0,0,0,0,0,0,0,0,0,0,0,0,0,0,0,2,0,0,0,0,0,0,0,0,0,0,0,0,0,0,0,0,0,0,0,0,0,0,0,0,0,0,0,0,0,0,0,0,0,0,0,0,0,1695,0,0,0,0,0,0,0,0,0,0,0,0,0,0,0,0,0,0,0,0,0,0,0,0,0,0,0,0,0,0,0,0,0,0,0,0,0,1695,0,0,0,0,0,0,0,0,0,0,0,0,0,0,0,0,0,0,0,0,0,0,0,0,0,0,0,0,0,0,1,0,0,0,0,0,0,0,0,0,0,0,0,0,0,0,0,0,0,0,0,0,0,0,0,0,0,0,0,0,0,0,0,0,0,0,0,0,0,0,0,0,0,0,0,0,0,0,0,0,0,0,0,0,0,0,0,0,0,0,0,0,0,0,0,0,0,0,0,0,0,0,0,0,0,0,0,0,0,0,0,0,0,0,0,0,0,0,0,0,0,0,0,0,0,0,0,0,0,0,0,,0,0,,0,0,0,0,0,0,0,0,0,0,0,0,0,0,0,0,0,0,0,0,0,0,0,0,,0,0,,0,0,0,0,0,0,0,0,0,0,0,0,0,0,0,0,0,0,0,0,0,0,0,0,,0,0,,0,0,0,0,0,0,0,0,0,0,0,0,0,0,0,0,0,0,0,0,0,0,0,0,0,0,0,0,0,0,0,0,0,0,0,0,0,0,0,0,0,0,0,0,0,0,0,0,0,0,0,0,0,0,0,0,0,0,0,0,0,0,0,0,0,0,0,0,0,0,0,0,0,0,0,0,0,0,0,0,0,0,0,0,0,0,0,0,0,0,0,0,0,0,0,0,0,0,0,0,0,0,0,0,0,0,0,0,0,0,0,0,1,0,0,0,0,0,0,0,0,0,0,0,0,0,0,0,0,0,0,0,0,0,0,0,0,0,0,0,0,0,0,0,0,0,0,0,0,0,0,0,0,0,0,0,0,0,0,0,0,0,0,0,0,0,0,0,0,0,0,0,0,0,0,0,0,0,0,0,0,0,0,0,0,0,0,0,0,0,0,0,0,0,0,0,0,0,0,0,0,0,0,0,0,0,0,0,0,0,0,0,0,0,0,0,0,0,0,0,0,,0,0,,0,0,,0,0,0,0,0,0,0,0,0,0,0,0,0,0,0,0,0,0,0,0,0,0,0,0,0,0,0,0,0,0,0,1,0,0,0,0,0,0,0,0,0,0,0,0,0,0,0,0,0,0,0,0,0,0,0,635,0,0,0,0,0,0,0,0,0,0,0,0,0,0,0,0,0,0,0,0,0,0,0,635,0,0,0,0,0,0,0,0,0,0,0,0,0,0,0,0,0,0,0,0,0,0,0,0,0,0,0,0,0,0,0,0,0,0,0,0,0,0,0,0,0,0,0,0,0,0,0,0,0,0,0,0,0,0,0,0,0,0,0,0,0,0,0,0,0,0,0,0,0,0,0,0,0,0,0,0,0,0,0,0,0,0,0,0,0,0,0,0,0,0,0,0,0,0,0,0,0,0,0,0,0,0,0,0,0,0,0,0,0,0,0,0,0,0,0,0,0,0,0,0,0,0,0,0,0,0,0,0,0,0,0,0,0,0,0,0,0,0,0,0,0,0,0,0,0,0,0,0,0,0,0,0,0,0,0,0,0,0,0,0,0,0,0,0,0,0,0,0,0,0,0,0,0,0,0,0,0,0,0,0,0,0,0,0,0,0,0,0,0,0,0,0,0,0,0,0,0,0,0,0,0,0,0,0,0,0,0,0,0,0,0,0,0,0,0,0,0,0,0,0,0,0,0,0,0,0,0,0,0,0,0,0,0,0,0,0,0,0,0,0,0,0,0,0,0,0,0,0,,0,0,0,0,0,0,0,0,,0,0,0,0,0,0,0,0,,0,0,0,0,0,0,0,0,0,0,0,0,0,0,0,0,0,0,0,0,0,0,0,0,0,0,0,0,0,0,0,0,0,0,0,0,0,0,0,0,0,0,0,0,0,,,0,0,0,0,0,0,0,0,0,,,0,0,0,0,0,0,0,0,0,,,0,0,0,0,0,0,0,0,0,0,0,0,0,0,0,0,0,0,0,0,0,0,0,0,0,0,0,0,0,0,0,0,0,0,0,0,0,0,0,0,0,0,0,0,0,0,0,0,0,0,,,,,,,0,0,0,0,0,0,,,,,,
KY0660000,2017,Leslie County Sheriff's Office,Kentucky,10073,0,0,0,0,0,0,0,0,0,0,0,1,0,0,0,0,0,0,0,0,0,0,0,0,0,0,0,0,0,0,0,0,0,0,0,0,0,0,0,0,0,0,0,0,0,0,0,0,0,0,0,0,0,622,0,0,0,0,0,0,0,0,0,0,0,0,0,0,0,0,0,0,0,0,0,0,0,0,0,0,0,0,0,0,0,0,0,0,0,0,0,0,0,0,0,622,0,0,0,0,0,0,0,0,0,0,0,0,0,0,0,0,0,0,0,0,0,0,0,0,0,0,0,0,0,0,0,0,0,0,0,0,0,0,0,0,0,0,0,0,0,0,0,0,0,0,0,0,0,0,0,0,0,0,0,0,0,0,0,0,0,0,0,0,0,0,0,0,0,0,0,0,0,0,0,0,0,0,0,0,0,0,0,0,0,0,0,0,0,0,0,0,0,0,0,0,0,0,0,0,0,0,0,0,0,0,0,0,0,0,0,0,0,0,0,0,0,0,0,0,0,0,0,0,0,0,0,0,0,0,0,0,0,0,0,0,0,0,0,0,0,0,0,0,0,0,0,0,0,0,0,0,0,0,0,0,0,0,0,0,0,0,0,0,0,0,0,0,0,0,0,0,0,0,0,0,0,0,0,0,0,0,0,0,0,0,0,0,0,0,0,0,0,0,0,0,0,0,0,0,0,0,0,0,0,0,0,0,0,0,0,0,0,0,0,0,0,0,0,0,0,0,0,0,0,0,0,0,0,0,0,0,0,0,0,0,0,0,0,0,0,0,0,0,0,0,0,0,0,0,0,0,0,0,0,0,0,0,0,0,0,0,0,0,0,0,0,0,0,0,0,0,0,0,0,0,0,0,0,0,0,0,0,0,0,0,0,0,0,0,0,0,0,0,0,0,0,0,0,0,0,0,0,0,0,0,0,0,0,0,0,0,0,0,0,0,0,0,0,0,0,0,0,0,0,0,0,0,0,0,0,0,0,0,0,0,0,0,0,0,0,0,0,0,0,0,0,0,0,0,0,0,0,0,0,0,0,0,0,0,0,0,0,0,0,0,0,0,0,0,0,0,0,0,0,0,0,0,,0,0,0,0,0,0,0,0,0,0,0,0,0,0,0,0,0,0,0,0,0,0,0,0,0,0,0,,0,0,0,0,0,0,0,0,0,0,0,0,0,0,0,0,0,0,0,0,0,0,0,0,0,0,0,,0,0,0,0,0,0,0,0,0,0,,0,0,0,0,0,0,0,0,0,0,0,0,0,0,0,0,0,0,0,0,0,0,0,0,0,0,0,0,0,0,0,,0,0,0,0,0,0,0,0,0,0,0,0,0,0,0,0,0,0,0,0,0,0,0,0,0,0,0,0,0,0,0,,0,0,0,0,0,0,0,0,0,0,0,0,0,0,0,0,0,0,0,0,0,0,0,0,0,0,0,0,0,0,0,0,0,0,0,0,0,0,0,0,0,0,0,0,0,0,0,0,0,0,0,0,0,0,0,0,0,0,0,0,0,0,0,0,0,0,0,0,0,0,0,0,0,0,0,0,0,0,0,0,0,0,0,0,0,0,0,0,0,0,0,0,0,0,0,0,0,0,0,0,0,0,0,0,0,0,0,0,0,0,0,0,0,0,0,0,0,0,0,0,0,0,0,0,0,0,0,0,0,0,0,0,0,0,0,0,0,0,0,0,0,0,0,0,0,0,0,0,0,0,0,0,0,0,0,0,0,0,0,0,0,0,0,0,1,0,0,0,0,0,0,0,0,0,0,0,0,0,0,0,0,0,0,0,0,0,0,0,2469,0,0,0,0,0,0,0,0,0,0,0,0,0,0,0,0,0,0,0,0,0,0,0,2469,0,0,0,0,0,0,0,0,0,0,0,0,0,0,0,0,0,0,0,0,0,0,0,0,0,0,0,0,0,0,0,0,0,0,0,0,0,0,0,0,0,0,0,0,0,0,0,0,0,0,0,0,0,0,0,0,0,0,0,0,0,0,0,0,0,0,0,0,0,0,0,0,0,0,0,0,0,0,0,0,0,0,0,0,0,0,0,0,0,0,0,0,0,0,0,0,0,0,0,0,0,0,0,0,0,0,0,0,0,0,0,0,0,0,0,0,0,0,0,0,0,0,0,0,0,0,0,0,0,0,0,0,0,0,0,0,0,0,0,0,0,0,0,0,0,0,0,0,0,0,0,0,0,0,0,0,0,0,0,0,0,0,0,0,0,0,0,0,0,0,0,0,0,0,0,0,0,0,0,0,0,0,0,0,0,0,0,0,0,0,0,0,0,0,0,0,0,0,0,0,0,0,0,0,0,0,0,0,0,0,0,0,0,0,0,0,0,0,0,0,0,0,0,0,0,0,0,0,0,0,0,0,0,0,0,0,0,0,0,0,0,0,0,0,0,0,0,0,0,0,0,0,0,0,0,0,0,0,0,0,0,0,0,,0,,0,0,0,0,0,0,,0,,0,0,0,0,0,0,,0,,0,0,0,0,0,0,0,0,0,0,0,0,0,0,0,0,0,0,0,0,0,0,0,0,0,0,0,0,0,0,0,0,0,0,0,0,0,0,0,0,0,0,0,0,0,0,0,0,0,0,0,0,0,0,0,0,0,0,0,0,0,0,0,0,0,0,0,0,0,0,0,0,0,0,0,0,0,0,0,0,0,0,0,0,0,0,0,0,0,0,0,0,0,0,0,0,0,0,0,0,0,0,0,,,0,0,0,,,0,0,0,,,0,0,0,,,,,,,,,,0,0,0,,,
KY0660000,2018,Leslie County Sheriff's Office,Kentucky,9860,0,0,0,2,0,1,0,0,0,0,0,0,0,0,0,0,0,0,0,0,0,0,0,0,0,0,0,0,0,0,0,0,0,0,0,0,0,0,0,0,0,0,0,0,0,516,0,1941,0,0,0,0,0,0,0,0,0,0,0,0,0,0,0,0,0,0,0,0,0,0,0,0,0,0,0,0,0,0,0,0,0,0,0,0,0,0,0,516,0,1941,0,0,0,0,0,0,0,0,0,0,0,0,0,0,0,0,0,0,0,0,0,0,0,0,0,0,0,0,0,0,0,0,0,0,0,0,0,0,0,0,0,0,0,0,0,0,0,0,0,0,0,0,0,0,0,0,0,0,0,0,0,0,0,0,0,0,0,0,0,0,0,0,0,0,0,0,0,0,0,0,0,0,0,0,0,0,0,0,0,0,0,0,0,0,0,0,0,0,0,0,0,0,0,0,0,0,0,0,0,0,0,0,0,0,0,0,0,0,0,0,0,0,0,0,0,0,0,0,0,0,0,0,0,0,0,0,0,0,0,0,0,0,0,0,0,0,0,0,0,0,0,0,0,0,0,0,0,0,0,0,0,0,0,0,0,0,0,0,0,0,0,0,0,0,0,0,0,0,0,0,0,0,0,0,0,0,0,0,0,0,0,0,0,0,0,0,0,0,0,0,0,0,0,0,0,0,0,0,0,0,0,0,0,0,0,0,0,0,0,0,0,0,0,0,0,0,0,0,0,0,0,0,0,0,0,0,0,0,0,0,0,0,0,0,0,0,0,0,0,0,0,0,0,0,0,0,0,0,0,0,0,0,0,0,0,0,0,0,0,0,0,0,0,0,0,0,0,0,0,0,0,0,0,0,0,0,0,0,0,0,0,0,0,0,0,0,0,0,0,0,0,0,0,0,0,0,0,0,0,0,0,0,0,0,0,0,0,0,0,0,0,0,0,0,0,0,0,0,0,0,0,0,0,0,0,0,0,0,0,0,0,0,0,0,0,0,0,0,0,0,0,0,0,0,0,0,0,0,0,0,0,0,0,0,0,0,0,0,0,0,0,0,0,0,0,0,0,0,,0,0,0,0,0,0,0,0,0,0,0,0,0,0,0,0,0,0,0,0,0,0,0,0,0,0,0,,0,0,0,0,0,0,0,0,0,0,0,0,0,0,0,0,0,0,0,0,0,0,0,0,0,0,0,,0,0,0,0,0,0,0,0,0,0,0,0,0,0,0,0,0,0,0,0,0,0,0,0,0,0,0,0,0,0,0,0,0,0,0,0,0,0,0,0,0,0,0,0,0,0,0,0,0,0,0,0,0,0,0,0,0,0,0,0,0,0,0,0,0,0,0,0,0,0,0,0,0,0,0,0,0,0,0,0,0,0,0,0,0,0,0,0,0,0,0,0,0,0,0,0,0,0,0,0,0,0,0,0,0,0,0,0,0,0,0,0,0,0,0,0,0,0,0,0,0,0,0,0,0,0,0,0,0,0,0,0,0,0,0,0,0,0,0,0,0,0,0,0,0,0,0,0,0,0,0,0,0,0,0,0,0,0,0,0,0,0,0,0,,0,0,0,,0,0,0,,0,0,0,0,0,0,0,0,0,0,0,0,0,0,0,0,0,0,0,0,0,0,0,0,0,0,,,,,,,,0,,0,,0,0,0,0,0,0,0,0,0,0,0,0,0,,0,0,,0,0,,0,0,0,0,0,0,0,0,0,0,0,0,0,0,0,0,0,0,0,0,0,0,0,0,0,0,0,0,0,0,0,0,0,0,0,0,0,0,0,0,0,0,0,0,0,0,0,0,0,0,0,0,0,0,0,0,0,0,0,0,0,0,0,0,0,0,0,0,0,0,0,0,0,0,0,0,0,0,0,0,0,0,0,0,0,0,0,0,0,0,0,0,0,0,0,0,0,0,0,0,0,0,0,0,0,0,0,0,0,0,0,0,0,0,0,0,0,0,0,0,0,0,0,0,0,0,0,0,0,0,0,0,0,0,0,0,0,0,0,0,0,0,0,0,0,0,0,0,0,0,0,0,0,0,0,0,0,0,0,0,0,0,0,0,0,0,0,0,0,0,0,0,0,0,0,0,0,0,0,0,0,0,0,0,0,0,0,0,0,0,0,0,0,0,0,0,0,0,0,0,0,0,0,0,0,0,0,0,0,0,0,0,0,0,0,0,0,0,0,0,0,0,0,0,0,0,0,0,0,0,0,0,0,0,0,0,0,0,0,0,0,0,0,0,0,0,0,0,0,0,0,0,0,0,0,0,0,0,0,0,0,0,0,0,0,0,0,0,0,0,0,0,0,0,0,0,0,0,0,0,0,0,0,0,0,0,0,0,0,0,0,0,0,0,0,0,0,0,0,0,0,0,0,0,0,0,0,0,0,0,0,0,0,0,0,0,0,0,0,0,0,0,0,0,0,0,0,0,0,0,0,,0,0,0,0,0,0,0,0,,0,0,0,0,0,0,0,0,,0,0,0,0,0,0,0,0,0,0,0,0,0,0,0,0,0,0,0,0,0,0,0,0,0,0,0,0,0,0,0,0,0,0,0,0,0,0,0,0,0,0,0,0,0,0,0,0,0,0,0,0,0,0,0,0,0,0,0,0,0,0,0,0,0,0,0,0,0,0,0,0,0,0,0,0,0,0,0,0,0,0,0,0,0,0,0,0,0,0,0,0,0,0,0,0,0,0,0,0,0,0,0,0,0,0,0,0,0,0,0,0,0,0,0,0,0,0,0,0,0,0,0,0,0,0,0,0,0,0,0,0,,,
KY0660000,2019,Leslie County Sheriff's Office,Kentucky,9638,8,0,0,3,0,0,0,0,0,0,0,0,0,0,1,1,0,0,0,0,0,1,0,0,0,0,0,0,0,0,0,0,0,0,0,0,0,0,0,0,0,0,13315,0,0,369,0,0,0,0,0,0,0,0,0,0,3576,226,0,0,0,0,0,119,0,0,0,0,0,0,0,0,0,0,0,0,0,0,0,0,0,0,0,0,11173,0,0,298,0,0,0,0,0,0,0,0,0,0,3576,226,0,0,0,0,0,119,0,0,0,0,0,0,0,0,0,0,0,0,0,0,0,0,0,0,0,0,0,0,0,0,0,0,0,0,0,0,0,0,0,0,0,0,0,0,0,0,0,0,0,0,0,0,0,0,0,0,0,0,0,0,0,0,0,0,0,0,0,0,0,0,0,0,0,0,0,0,0,0,0,0,0,0,0,0,0,0,0,0,0,0,0,0,0,0,0,0,0,0,0,0,0,0,0,0,0,0,0,0,0,0,0,0,0,0,0,0,0,0,0,0,0,0,0,0,0,0,0,0,0,0,0,0,0,0,0,0,0,0,0,0,0,0,0,0,0,0,0,0,0,0,0,0,3,0,0,0,0,0,0,0,0,0,0,0,0,0,0,0,0,0,0,0,0,0,0,0,0,0,0,0,0,0,0,0,0,0,0,0,0,0,8651,0,0,0,0,0,0,0,0,0,0,0,0,0,0,0,0,0,0,0,0,0,0,0,0,0,0,0,0,0,0,0,0,0,0,0,0,0,11322,0,0,0,0,0,0,0,0,0,0,0,0,0,0,0,0,0,0,0,0,0,0,0,0,0,0,0,0,0,0,0,0,0,0,0,0,0,0,27,4,0,0,0,9,0,2,0,0,0,0,0,0,0,0,0,0,0,0,0,0,0,0,0,1,0,0,0,0,0,170,0,0,0,6,0,3098,0,0,0,0,0,0,0,0,0,0,0,0,0,0,0,0,0,0,0,0,0,0,0,209,0,0,0,6,0,3098,0,0,0,0,0,0,0,0,0,0,0,0,0,0,0,0,0,0,0,0,0,0,0,0,0,0,0,0,0,0,0,0,0,0,0,0,0,0,0,0,0,0,0,,0,0,0,0,0,0,0,0,0,0,0,0,0,0,0,0,0,0,0,0,0,0,0,0,0,0,0,,0,0,0,0,0,0,0,0,0,0,0,0,0,0,0,0,0,0,0,0,0,0,0,0,0,0,0,,0,0,0,0,0,0,0,0,0,0,0,0,0,0,0,0,0,0,0,0,0,0,0,0,0,0,0,0,0,0,0,0,0,0,0,0,0,0,0,0,0,0,0,0,0,0,0,0,0,0,0,0,0,0,0,0,0,0,0,0,0,0,0,0,0,0,0,0,0,0,0,0,0,0,0,0,0,0,0,0,0,0,0,0,0,0,0,0,0,0,0,0,0,0,0,0,0,0,0,0,0,4,0,1,0,21,0,0,0,0,7,0,0,0,1,0,0,0,0,0,0,0,0,0,0,0,0,0,0,0,0,0,0,0,0,0,0,0,0,0,0,0,0,0,0,0,0,0,0,0,0,0,0,0,,0,0,0,,0,0,0,,0,0,0,0,0,0,0,0,0,0,0,0,0,0,0,0,0,0,0,0,0,0,0,0,0,0,0,0,0,0,0,0,0,0,0,0,0,0,0,0,0,0,0,0,0,0,0,0,0,0,0,0,0,0,0,0,0,0,0,0,0,0,0,0,0,0,0,0,0,0,0,0,0,0,0,0,0,0,0,0,0,0,0,0,0,0,0,0,0,0,0,0,0,0,0,0,0,0,0,0,0,0,0,0,0,0,0,0,0,0,0,0,0,0,0,0,0,0,0,0,0,0,0,0,0,0,0,0,0,0,0,0,0,0,0,0,0,0,0,0,0,0,0,0,0,0,0,0,0,0,0,0,0,0,0,0,0,0,0,0,0,0,0,0,0,0,0,0,0,0,0,0,0,0,0,0,0,0,0,0,0,0,0,0,0,0,0,0,0,0,0,0,0,0,0,0,0,0,0,0,0,0,0,0,0,0,0,0,0,0,0,0,0,0,0,0,0,0,0,0,0,0,0,0,0,0,0,0,0,0,0,0,0,0,0,0,0,0,0,0,0,0,0,0,0,0,0,0,0,0,0,0,0,0,0,0,0,0,0,0,0,0,0,0,0,0,0,0,0,0,0,0,0,0,0,0,0,0,0,0,0,0,0,0,0,0,0,0,0,0,0,0,0,0,0,0,0,0,0,0,0,0,0,0,0,0,0,0,0,0,0,0,0,0,0,0,0,0,0,0,0,0,0,0,0,0,0,0,0,0,0,0,0,0,0,0,0,0,0,0,0,0,0,0,0,0,0,0,0,0,0,0,0,0,0,0,0,0,0,0,0,0,0,0,0,0,0,0,0,0,0,0,0,0,0,0,0,0,0,0,0,0,0,0,0,0,0,0,,0,0,0,0,0,0,0,0,,0,0,0,0,0,0,0,0,,0,0,0,0,0,0,0,0,0,0,0,0,0,0,0,0,0,0,0,0,0,0,0,0,0,0,0,0,0,0,0,0,0,0,0,0,0,0,0,0,0,0,0,0,0,0,0,0,0,0,0,0,0,0,0,0,0,0,0,0,0,0,0,0,0,0,0,0,0,0,0,0,0,0,0,0,0,0,0,0,0,0,0,0,0,0,0,0,0,0,0,0,0,0,0,0,0,0,0,0,0,0,0,,0,0,,0,,0,0,,0,,0,0,,0,0,0,0,0,0,0,0,0,0,0,0,0,0,0,0,0,0
KY0660000,2020,Leslie County Sheriff's Office,Kentucky,9394,6,0,1,5,0,1,0,1,0,4,0,0,0,0,1,0,0,1,0,0,0,0,0,0,0,3,0,0,0,0,1,0,0,1,0,0,0,0,0,0,0,0,24233,0,1177,417,0,13775,0,2355,0,1008,0,0,0,0,22588,0,0,1177,0,0,0,0,0,0,0,8555,0,0,0,0,2355,0,0,12,0,0,0,0,0,0,0,0,13246,0,1177,412,0,13775,0,2355,0,648,0,0,0,0,22588,0,0,1177,0,0,0,0,0,0,0,8006,0,0,0,0,2355,0,0,12,0,0,0,0,0,0,0,0,1,0,0,0,0,0,0,0,1,0,0,0,0,0,0,0,1,0,0,0,0,0,0,0,1,0,0,0,1,0,0,0,0,0,0,0,0,0,0,0,0,0,2355,0,0,0,0,0,0,0,118,0,0,0,0,0,0,0,1177,0,0,0,0,0,0,0,1177,0,0,0,235,0,0,0,0,0,0,0,0,0,0,0,0,0,2355,0,0,0,0,0,0,0,118,0,0,0,0,0,0,0,1177,0,0,0,0,0,0,0,1177,0,0,0,235,0,0,0,0,0,0,0,0,0,0,0,0,0,2,0,0,1,0,0,0,0,1,0,0,1,0,0,0,0,0,0,0,0,0,0,1,0,0,0,0,0,0,0,0,0,1,0,0,0,0,0,6475,0,0,353,0,0,0,0,1177,0,0,22588,0,0,0,0,0,0,0,0,0,0,2355,0,0,0,0,0,0,0,0,0,12,0,0,0,0,0,6475,0,0,353,0,0,0,0,1177,0,0,22588,0,0,0,0,0,0,0,0,0,0,2355,0,0,0,0,0,0,0,0,0,12,0,0,0,0,0,0,35,9,4,0,0,7,0,5,0,0,0,0,1,1,1,0,0,1,0,0,0,0,0,0,0,0,1,0,0,0,0,1171,357,0,0,29,0,1768,0,0,0,0,0,12,5887,0,0,11773,0,0,0,0,0,0,0,0,118,0,0,0,0,589,65,0,0,18,0,1542,0,0,0,0,0,12,5887,0,0,11773,0,0,0,0,0,0,0,0,118,0,0,0,0,0,0,0,0,0,0,0,0,0,0,0,0,0,0,0,0,0,0,0,0,,0,0,0,0,0,0,0,0,0,0,0,0,0,0,0,0,0,0,0,0,0,0,0,0,0,0,0,,0,0,0,0,0,0,0,0,0,0,0,0,0,0,0,0,0,0,0,0,0,0,0,0,0,0,0,,0,0,0,0,0,0,0,0,0,0,0,0,0,0,0,0,0,0,0,0,0,0,0,0,0,0,0,0,0,0,0,0,0,0,0,0,0,0,0,0,0,0,0,0,0,0,0,0,0,0,0,0,0,0,0,0,0,0,0,0,0,0,0,0,0,0,0,0,0,0,0,0,0,0,0,0,0,0,0,0,0,0,0,0,0,0,0,0,0,0,0,0,0,0,0,0,0,0,0,0,0,2,1,9,0,21,1,0,0,0,7,0,0,0,0,0,0,0,0,0,0,0,0,0,0,0,0,0,0,0,0,0,0,0,0,0,0,0,0,0,0,0,0,,0,0,,0,0,,0,0,0,0,,0,0,0,,0,0,0,,0,0,0,0,0,0,0,0,0,0,0,0,0,0,0,0,0,0,0,0,0,0,0,0,0,0,0,0,0,0,0,0,0,0,0,0,0,0,0,0,0,0,0,0,0,0,0,0,0,0,,0,0,,0,0,,0,0,0,0,0,0,0,0,0,0,0,0,0,0,0,0,0,0,0,0,0,2,0,0,0,0,0,0,0,0,0,0,1,0,0,0,0,0,0,0,0,0,0,0,0,236051,0,0,0,0,0,0,0,0,0,0,824,0,0,0,0,0,0,0,0,0,0,0,0,236051,0,0,0,0,0,0,0,0,0,0,824,0,0,0,0,0,0,0,0,1,0,0,0,0,0,0,0,0,0,0,0,0,0,0,0,0,0,0,2,0,0,530,0,0,530,0,0,0,0,0,0,0,0,0,0,0,0,0,0,0,0,0,0,0,0,0,0,0,0,0,0,0,0,0,0,0,0,0,0,0,0,0,0,0,0,0,0,0,0,0,0,0,0,0,0,0,0,0,0,0,0,0,0,0,0,0,0,0,0,0,0,0,0,0,0,0,0,0,0,0,0,0,0,0,0,0,0,0,0,0,0,0,0,0,0,0,0,0,0,0,0,0,0,0,0,0,0,0,0,0,0,0,0,0,0,0,0,0,0,0,0,0,0,0,1,0,0,2,0,1,0,0,0,0,0,0,0,294,0,12,0,0,0,0,0,0,0,294,0,12,0,0,0,0,0,0,0,0,0,0,0,0,0,0,0,0,0,0,0,0,0,0,0,0,0,0,0,0,0,0,0,0,0,0,0,0,0,0,0,0,0,0,0,0,0,0,0,0,0,0,0,0,0,0,0,0,0,0,0,0,0,0,0,0,0,0,0,0,0,0,0,0,0,0,0,0,0,0,0,0,0,0,0,0,0,0,0,0,0,0,0,0,0,0,0,0,0,0,0,0,0,0,0,0,0,0,0,0,0,0,0,0,0,0,0,0,0,0,0,0,0,0,0,0,0,0,0,0,0,0,0,0,0,0,0,0,0,0,0,0,0,0,0,0,0,0,0,0,0,0,0,0,0,0,0,0,0,0,0,0,0,0,0,0,0,0,0,0,0,0,0,0,0,0,0,0,0,0,0,0,0,0,0,0,0,0,0,0,0,0,0,0,0,0,0,0,0,0,0,0,0,0,0,0,0,0,0,0,0,0,0,0,0,,,,0,0,0,0,0,0,,,
KY0660000,2021,Leslie County Sheriff's Office,Kentucky,9206,3,1,1,2,2,0,0,0,0,2,0,0,0,0,1,3,0,0,0,0,0,0,0,0,0,1,0,0,1,0,0,0,0,0,0,0,0,0,0,0,0,0,18357,22490,562,365,1406,0,0,0,0,6353,0,0,0,0,5622,3805,0,0,0,0,0,0,0,0,0,6747,0,0,1349,0,0,0,0,0,0,0,0,0,0,0,0,0,17992,22490,562,365,1406,0,0,0,0,6353,0,0,0,0,5622,2811,0,0,0,0,0,0,0,0,0,6747,0,0,1349,0,0,0,0,0,0,0,0,0,0,0,0,0,0,0,0,0,0,0,0,1,0,0,0,0,0,0,0,0,0,0,1,0,0,0,1,0,0,0,0,0,0,0,1,0,0,0,0,0,0,0,0,0,0,0,0,0,0,0,0,0,0,11,0,0,0,0,0,0,0,0,0,0,112,0,0,0,53383,0,0,0,0,0,0,0,562,0,0,0,0,0,0,0,0,0,0,0,0,0,0,0,0,0,0,11,0,0,0,0,0,0,0,0,0,0,112,0,0,0,53383,0,0,0,0,0,0,0,562,0,0,0,0,0,0,0,0,0,0,0,3,0,0,0,0,0,0,0,0,0,0,0,0,2,0,0,0,0,0,0,0,0,0,0,0,0,0,0,0,0,0,0,0,0,0,0,0,0,14206,0,0,0,0,0,0,0,0,0,0,0,0,2394,0,0,0,0,0,0,0,0,0,0,0,0,0,0,0,0,0,0,0,0,0,0,0,0,15743,0,0,0,0,0,0,0,0,0,0,0,0,2394,0,0,0,0,0,0,0,0,0,0,0,0,0,0,0,0,0,0,0,0,0,0,0,0,0,30,4,3,0,0,9,0,2,0,0,0,0,0,1,0,0,0,0,0,0,0,0,0,0,0,0,0,0,0,0,0,1010,24,0,0,40,0,2068,0,0,0,0,0,28,0,0,0,0,0,0,0,0,0,0,0,0,0,0,0,0,0,826,28,0,0,19,0,2068,0,0,0,0,0,28,0,0,0,0,0,0,0,0,0,0,0,0,0,0,0,0,0,1,0,0,0,0,0,0,0,0,0,,0,0,0,0,0,0,0,0,0,0,0,0,0,0,0,0,0,1438,0,0,0,0,0,0,0,0,0,,0,0,0,0,0,0,0,0,0,0,0,0,0,0,0,0,0,1438,0,0,0,0,0,0,0,0,0,,0,0,0,0,0,0,0,0,0,0,0,0,0,0,0,0,1,0,0,0,0,0,1,2,0,0,0,0,0,0,0,1,0,0,0,0,0,0,1,0,0,0,0,0,0,0,0,0,2811,0,0,0,0,0,22490,6747,0,0,0,0,0,0,0,8237,0,0,0,0,0,0,562,0,0,0,0,0,0,0,0,0,2811,0,0,0,0,0,22490,6747,0,0,0,0,0,0,0,8237,0,0,0,0,0,0,562,0,0,0,0,0,0,0,0,2,0,8,0,25,0,0,0,0,4,0,3,0,1,0,0,0,0,0,0,0,0,0,0,0,0,0,0,0,0,0,0,0,0,0,0,0,0,0,0,0,0,0,0,0,0,0,0,0,0,0,0,0,0,0,0,0,0,0,0,0,0,0,0,0,0,0,0,0,0,0,0,0,0,0,0,0,0,0,0,0,0,0,0,0,0,0,0,0,0,0,0,0,0,,0,,0,,0,0,0,0,0,0,0,0,0,0,0,0,0,,0,0,,0,0,,0,0,0,0,0,0,0,0,0,0,0,0,0,0,,,,1,1,0,0,0,0,0,0,0,0,0,0,1,0,0,0,0,0,0,0,0,0,0,0,41606,1799,0,0,0,0,0,0,0,0,0,0,0,0,0,0,0,0,0,0,0,0,0,0,41606,1799,0,0,0,0,0,0,0,0,0,0,0,0,0,0,0,0,0,0,0,0,0,0,0,0,0,0,0,0,0,0,0,0,0,0,0,0,0,0,0,0,0,1,0,0,112,0,0,112,0,1,0,0,0,0,0,0,0,0,0,0,0,0,0,0,41606,0,0,0,0,0,0,0,0,0,0,0,0,0,0,41606,0,0,0,0,0,0,0,0,0,0,0,0,0,0,1,2249,2249,0,0,0,0,0,0,0,0,0,0,0,0,0,0,0,0,0,0,0,0,0,0,0,0,0,0,0,0,0,0,0,0,0,0,0,0,0,0,0,0,0,0,0,0,0,0,0,0,0,0,0,0,0,0,0,0,0,0,0,0,0,0,0,0,0,0,0,0,0,0,0,0,0,1,0,2,0,0,0,0,0,0,0,675,0,67,0,0,0,0,0,0,0,675,0,67,0,0,0,0,0,0,0,0,0,0,0,0,0,0,0,0,0,0,0,0,0,0,0,0,0,0,0,0,0,0,0,0,0,0,0,0,0,0,0,0,0,0,0,0,0,0,0,0,0,0,0,0,0,0,0,0,0,0,0,0,0,0,0,0,0,0,0,0,0,0,0,0,0,0,0,0,0,0,0,0,0,0,0,0,0,0,0,0,0,0,0,0,0,0,0,0,0,0,0,0,0,0,0,0,0,0,0,0,0,0,0,0,0,0,0,0,0,0,0,0,0,0,0,0,0,0,0,0,0,0,0,0,0,0,0,0,0,0,0,0,0,0,0,0,0,0,0,0,0,0,0,0,0,0,0,0,0,0,0,0,0,0,0,0,0,0,0,0,0,0,0,0,0,0,0,0,0,0,0,0,0,0,0,0,0,0,0,0,0,0,0,0,0,,0,0,0,0,,0,0,0,0,,0,0,0,0,0,0,0,0,0,,,,0,0,0,0,0,0,0,0,0
KY0660000,2022,Leslie County Sheriff's Office,Kentucky,9831,1,0,1,6,0,0,0,0,0,0,0,0,0,0,1,1,0,0,0,0,0,0,0,0,0,0,0,0,2,0,1,0,0,0,0,0,0,0,0,0,0,0,9370,0,31,493,0,0,0,0,0,0,0,0,0,0,521,781,0,0,0,0,0,0,0,0,0,0,0,0,11973,0,10412,0,0,0,0,0,0,0,0,0,0,0,9370,0,31,390,0,0,0,0,0,0,0,0,0,0,521,781,0,0,0,0,0,0,0,0,0,0,0,0,11973,0,10412,0,0,0,0,0,0,0,0,0,0,0,1,1,0,0,0,0,0,0,0,0,0,0,0,0,0,0,0,0,0,0,0,0,0,0,0,0,0,0,0,0,0,0,0,0,0,0,0,0,0,0,0,0,37482,46,0,0,0,0,0,0,0,0,0,0,0,0,0,0,0,0,0,0,0,0,0,0,0,0,0,0,0,0,0,0,0,0,0,0,0,0,0,0,0,0,37482,46,0,0,0,0,0,0,0,0,0,0,0,0,0,0,0,0,0,0,0,0,0,0,0,0,0,0,0,0,0,0,0,0,0,0,0,0,0,0,0,0,0,0,1,0,0,0,0,0,0,0,0,0,0,2,0,0,0,0,0,0,0,0,0,0,0,0,0,0,2,0,0,0,0,0,0,0,0,0,0,0,31,0,0,0,0,0,0,0,0,0,0,651,0,0,0,0,0,0,0,0,0,0,0,0,0,0,11973,0,0,0,0,0,0,0,0,0,0,0,31,0,0,0,0,0,0,0,0,0,0,651,0,0,0,0,0,0,0,0,0,0,0,0,0,0,11973,0,0,0,0,0,0,0,0,0,0,16,6,2,0,0,7,0,5,0,0,0,0,0,0,0,0,0,0,0,0,0,0,0,0,0,0,0,0,0,0,0,1478,68,0,0,28,0,1245,0,0,0,0,0,0,0,0,0,0,0,0,0,0,0,0,0,0,0,0,0,0,0,349,68,0,0,21,0,1130,0,0,0,0,0,0,0,0,0,0,0,0,0,0,0,0,0,0,0,0,0,0,0,0,0,0,0,0,0,0,0,0,0,,0,0,0,0,0,0,0,0,0,0,0,0,0,0,0,0,0,0,0,0,0,0,0,0,0,0,0,,0,0,0,0,0,0,0,0,0,0,0,0,0,0,0,0,0,0,0,0,0,0,0,0,0,0,0,,0,0,0,0,0,0,0,0,0,0,0,0,0,0,0,0,0,0,0,0,0,0,0,0,0,0,0,0,0,0,0,0,0,0,0,0,0,0,0,0,0,0,0,0,0,0,0,0,0,0,0,0,0,0,0,0,0,0,0,0,0,0,0,0,0,0,0,0,0,0,0,0,0,0,0,0,0,0,0,0,0,0,0,0,0,0,0,0,0,0,0,0,0,0,0,0,0,0,0,0,0,0,0,0,0,0,0,0,0,0,0,1,0,3,0,12,0,0,0,0,0,0,1,0,0,0,0,0,0,0,0,0,0,0,0,0,0,0,0,0,0,0,0,0,0,0,0,0,0,0,0,0,0,0,0,0,0,0,0,0,0,0,0,0,,0,0,0,,0,0,0,,0,0,0,0,0,0,0,0,0,0,0,0,0,0,0,0,0,0,0,0,0,0,0,0,0,0,0,0,0,0,0,0,0,0,0,0,0,0,0,0,0,0,0,0,0,0,0,0,0,0,,0,0,,0,0,,0,0,0,0,0,0,0,0,0,0,0,0,0,0,0,0,0,0,0,0,0,1,0,0,0,0,0,0,0,0,0,0,0,0,0,0,0,0,0,0,0,0,0,0,0,208,0,0,0,0,0,0,0,0,0,0,0,0,0,0,0,0,0,0,0,0,0,0,0,208,0,0,0,0,0,0,0,0,0,0,0,0,0,0,0,0,0,0,0,0,0,0,0,0,0,0,0,0,1,0,0,208,0,0,208,0,0,0,0,0,0,0,0,0,0,0,0,0,0,0,0,0,0,1,0,0,0,0,0,0,0,0,0,0,0,0,0,0,208,0,0,0,0,0,0,0,0,0,0,0,0,0,0,208,0,0,0,0,0,0,0,0,0,0,0,0,0,0,0,0,0,0,0,0,0,0,0,0,0,0,0,0,0,0,0,0,0,0,0,0,0,0,0,0,0,0,0,0,0,0,0,0,0,0,0,0,0,0,0,0,0,0,0,0,0,0,0,0,0,0,0,0,0,0,0,0,0,0,0,0,0,0,0,0,0,0,0,0,0,1,0,0,0,0,0,0,0,0,0,31,0,0,0,0,0,0,0,0,0,31,0,0,0,0,0,0,0,0,0,0,0,0,0,0,0,0,0,0,0,0,0,0,0,0,0,0,0,0,0,0,0,0,0,0,0,0,0,0,0,0,0,0,0,0,0,0,0,0,0,0,0,0,0,0,0,0,0,0,0,0,0,0,0,0,0,0,0,0,0,0,0,,0,0,0,0,0,0,0,0,,0,0,0,0,0,0,0,0,,0,0,0,0,0,0,0,0,0,0,0,0,0,0,0,0,0,0,0,0,0,0,0,0,0,0,0,0,0,0,0,0,0,0,0,0,0,0,0,0,0,0,0,0,0,0,0,0,0,0,0,0,0,0,0,0,0,0,0,0,0,0,0,0,0,0,0,0,0,0,0,0,0,0,0,0,0,0,0,0,0,0,0,0,0,0,0,0,0,0,0,0,0,0,0,0,0,0,0,0,0,0,0,0,0,0,0,0,0,0,0,0,0,0,0,0,0,0,0,0,0,0,0,0,0,0,0,0,0,0,0,0,0,0,0
KY0660000,2023,Leslie County Sheriff's Office,Kentucky,9645,5,0,0,0,0,0,0,1,0,0,0,0,0,1,0,3,0,0,0,0,0,0,0,0,0,0,0,0,0,0,0,0,0,0,0,0,0,0,0,0,0,0,9978,0,0,0,0,0,0,1000,0,0,0,0,0,4000,0,5006,0,0,0,0,0,0,0,0,0,0,0,0,0,0,0,0,0,0,0,0,0,0,0,0,0,0,6700,0,0,0,0,0,0,1000,0,0,0,0,0,4000,0,2517,0,0,0,0,0,0,0,0,0,0,0,0,0,0,0,0,0,0,0,0,0,0,0,0,0,0,0,0,0,0,0,0,0,1,0,0,0,0,0,0,0,0,0,0,0,0,0,0,0,0,0,0,0,0,1,1,0,0,0,0,0,0,0,0,0,0,0,0,0,0,0,0,0,0,0,999,0,0,0,0,0,0,0,0,0,0,0,0,0,0,0,0,0,0,0,0,4400,8069,0,0,0,0,0,0,0,0,0,0,0,0,0,0,0,0,0,0,0,999,0,0,0,0,0,0,0,0,0,0,0,0,0,0,0,0,0,0,0,0,4400,8069,0,0,0,0,0,0,0,0,0,0,0,0,1,0,0,0,0,0,0,0,0,0,0,0,0,0,0,0,0,0,0,0,0,0,0,0,0,0,0,0,0,0,0,0,0,0,0,0,0,0,23190,0,0,0,0,0,0,0,0,0,0,0,0,0,0,0,0,0,0,0,0,0,0,0,0,0,0,0,0,0,0,0,0,0,0,0,0,0,23190,0,0,0,0,0,0,0,0,0,0,0,0,0,0,0,0,0,0,0,0,0,0,0,0,0,0,0,0,0,0,0,0,0,0,0,0,0,0,8,1,5,0,0,3,0,0,0,0,0,0,0,0,0,0,0,0,0,0,0,1,0,0,0,0,0,0,0,0,0,900,25,0,0,9,0,0,0,0,0,0,0,0,0,0,0,0,0,0,0,125,0,0,0,0,0,0,0,0,0,900,30,0,0,10,0,0,0,0,0,0,0,0,0,0,0,0,0,0,0,125,0,0,0,0,0,0,0,0,0,0,0,0,0,0,0,0,0,0,0,,0,0,0,0,0,0,0,0,0,,0,0,0,0,0,0,0,0,0,0,0,0,0,0,0,0,0,,0,0,0,0,0,0,0,0,0,,0,0,0,0,0,0,0,0,0,0,0,0,0,0,0,0,0,,0,0,0,0,0,0,0,0,0,,0,0,0,0,0,0,0,0,0,0,,0,0,0,0,0,0,0,0,0,0,0,0,0,0,0,0,0,0,0,0,0,0,0,0,0,0,0,0,0,0,0,,0,0,0,0,0,0,0,0,0,0,0,0,0,0,0,0,0,0,0,0,0,0,0,0,0,0,0,0,0,0,0,,0,0,0,0,0,0,0,0,0,0,0,0,0,0,0,0,0,0,0,0,0,0,0,0,0,0,0,0,5,0,5,0,0,0,0,0,0,0,0,0,0,0,0,0,0,0,0,0,0,0,0,0,0,0,0,0,0,0,0,0,0,0,0,0,0,0,0,0,0,0,0,0,0,0,0,0,0,0,0,0,0,0,0,0,0,0,0,0,0,0,0,0,0,0,0,0,0,0,0,0,0,0,0,0,0,0,0,0,0,0,0,0,0,0,0,0,0,0,0,0,0,0,0,0,0,0,0,0,0,0,0,0,0,0,0,0,0,0,,0,0,,0,0,,0,0,0,0,0,0,0,0,0,0,0,0,0,0,0,0,0,0,0,0,0,0,1,0,0,0,0,0,0,0,0,0,1,0,0,0,0,0,0,0,0,0,0,0,0,0,300,0,0,0,0,0,0,0,0,0,2000,0,0,0,0,0,0,0,0,0,0,0,0,0,300,0,0,0,0,0,0,0,0,0,2000,0,0,0,0,0,0,0,0,0,0,0,0,0,0,0,0,0,0,0,0,0,0,0,0,0,0,0,0,0,0,0,0,0,0,0,0,0,0,0,0,0,0,0,0,0,0,0,0,0,0,0,0,0,0,0,0,0,0,0,0,0,0,0,0,0,0,0,0,0,0,0,0,0,0,0,0,0,0,0,0,0,0,0,0,0,0,0,0,0,0,0,0,0,0,0,0,0,0,0,0,0,0,0,0,0,0,0,0,0,0,0,0,0,0,0,0,0,0,0,0,0,0,0,0,0,0,0,0,0,0,0,0,0,0,0,0,0,0,0,0,0,0,0,0,0,0,0,0,0,0,0,0,0,0,0,0,1,0,1,0,0,0,0,0,0,0,100,0,30,0,0,0,0,0,0,0,100,0,30,0,0,0,0,0,0,0,0,0,0,0,0,0,0,0,0,0,0,0,0,0,0,0,0,0,0,0,0,0,0,0,0,0,0,0,0,0,0,0,0,0,0,0,0,0,0,0,0,0,0,0,0,0,0,0,0,0,0,0,0,0,0,0,0,0,0,0,0,0,0,0,0,0,0,0,0,0,0,0,0,0,0,0,0,0,0,0,0,0,0,0,0,0,0,0,0,0,0,0,0,0,0,0,0,0,0,0,0,0,0,0,0,0,0,0,0,0,0,0,0,0,0,0,0,0,0,0,0,0,0,0,0,0,0,0,0,0,0,0,0,0,0,0,0,0,0,0,0,0,0,0,0,0,0,0,0,0,0,0,0,0,0,0,0,0,0,0,0,0,0,0,0,0,0,0,0,0,0,0,0,0,0,0,0,0,0,0,0,0,0,0,0,0,,0,0,0,0,,0,0,0,0,,0,0,0,0,0,0,0,0,0,,,,0,0,0,0,0,0,0,0,0
