ORI,year,agency,state,population,property_stolen_automobile,property_stolen_clothes_furs,property_stolen_consumable_goods,property_stolen_firearms,property_stolen_household_goods,property_stolen_jewelry_precious_metals_gems,property_stolen_livestock,property_stolen_money,property_stolen_office_type_equipment,property_stolen_other,property_stolen_pending_inventory_of_property,property_stolen_radios_tv_vcr_dvd_players,property_stolen_alcohol,property_stolen_farm_equipment,property_stolen_other_motor_vehicles,property_stolen_tools_power_hand,property_stolen_vehicle_parts_accessories,property_stolen_merchandise,property_stolen_bicycles,property_stolen_computer_hardware_software,property_stolen_credit_debit_cards,property_stolen_negotiable_instruments,property_stolen_nonnegotiable_instruments,property_stolen_purses_handbags_wallets,property_stolen_recordings_audio_visual,property_stolen_recreational_vehicles,property_stolen_special_category,property_stolen_structures_single_occupancy_dwellings,property_stolen_trucks,property_stolen_watercraft,property_stolen_heavy_construction_industrial_equipment,property_stolen_structures_other,property_stolen_structures_other_commercial_business,property_stolen_drugs_narcotics,property_stolen_structures_storage,property_stolen_structures_other_dwellings,property_stolen_structures_public_community,property_stolen_drug_narcotic_equipment,property_stolen_gambling_equipment,property_stolen_aircraft,property_stolen_structures_industrial_manufacturing,property_stolen_buses,property_stolen_mean_value_automobile,property_stolen_mean_value_clothes_furs,property_stolen_mean_value_consumable_goods,property_stolen_mean_value_firearms,property_stolen_mean_value_household_goods,property_stolen_mean_value_jewelry_precious_metals_gems,property_stolen_mean_value_livestock,property_stolen_mean_value_money,property_stolen_mean_value_office_type_equipment,property_stolen_mean_value_other,property_stolen_mean_value_pending_inventory_of_property,property_stolen_mean_value_radios_tv_vcr_dvd_players,property_stolen_mean_value_alcohol,property_stolen_mean_value_farm_equipment,property_stolen_mean_value_other_motor_vehicles,property_stolen_mean_value_tools_power_hand,property_stolen_mean_value_vehicle_parts_accessories,property_stolen_mean_value_merchandise,property_stolen_mean_value_bicycles,property_stolen_mean_value_computer_hardware_software,property_stolen_mean_value_credit_debit_cards,property_stolen_mean_value_negotiable_instruments,property_stolen_mean_value_nonnegotiable_instruments,property_stolen_mean_value_purses_handbags_wallets,property_stolen_mean_value_recordings_audio_visual,property_stolen_mean_value_recreational_vehicles,property_stolen_mean_value_special_category,property_stolen_mean_value_structures_single_occupancy_dwellings,property_stolen_mean_value_trucks,property_stolen_mean_value_watercraft,property_stolen_mean_value_heavy_construction_industrial_equipment,property_stolen_mean_value_structures_other,property_stolen_mean_value_structures_other_commercial_business,property_stolen_mean_value_drugs_narcotics,property_stolen_mean_value_structures_storage,property_stolen_mean_value_structures_other_dwellings,property_stolen_mean_value_structures_public_community,property_stolen_mean_value_drug_narcotic_equipment,property_stolen_mean_value_gambling_equipment,property_stolen_mean_value_aircraft,property_stolen_mean_value_structures_industrial_manufacturing,property_stolen_mean_value_buses,property_stolen_median_value_automobile,property_stolen_median_value_clothes_furs,property_stolen_median_value_consumable_goods,property_stolen_median_value_firearms,property_stolen_median_value_household_goods,property_stolen_median_value_jewelry_precious_metals_gems,property_stolen_median_value_livestock,property_stolen_median_value_money,property_stolen_median_value_office_type_equipment,property_stolen_median_value_other,property_stolen_median_value_pending_inventory_of_property,property_stolen_median_value_radios_tv_vcr_dvd_players,property_stolen_median_value_alcohol,property_stolen_median_value_farm_equipment,property_stolen_median_value_other_motor_vehicles,property_stolen_median_value_tools_power_hand,property_stolen_median_value_vehicle_parts_accessories,property_stolen_median_value_merchandise,property_stolen_median_value_bicycles,property_stolen_median_value_computer_hardware_software,property_stolen_median_value_credit_debit_cards,property_stolen_median_value_negotiable_instruments,property_stolen_median_value_nonnegotiable_instruments,property_stolen_median_value_purses_handbags_wallets,property_stolen_median_value_recordings_audio_visual,property_stolen_median_value_recreational_vehicles,property_stolen_median_value_special_category,property_stolen_median_value_structures_single_occupancy_dwellings,property_stolen_median_value_trucks,property_stolen_median_value_watercraft,property_stolen_median_value_heavy_construction_industrial_equipment,property_stolen_median_value_structures_other,property_stolen_median_value_structures_other_commercial_business,property_stolen_median_value_drugs_narcotics,property_stolen_median_value_structures_storage,property_stolen_median_value_structures_other_dwellings,property_stolen_median_value_structures_public_community,property_stolen_median_value_drug_narcotic_equipment,property_stolen_median_value_gambling_equipment,property_stolen_median_value_aircraft,property_stolen_median_value_structures_industrial_manufacturing,property_stolen_median_value_buses,property_destroyed_automobile,property_destroyed_clothes_furs,property_destroyed_consumable_goods,property_destroyed_household_goods,property_destroyed_livestock,property_destroyed_money,property_destroyed_office_type_equipment,property_destroyed_other,property_destroyed_radios_tv_vcr_dvd_players,property_destroyed_firearms,property_destroyed_jewelry_precious_metals_gems,property_destroyed_pending_inventory_of_property,property_destroyed_buses,property_destroyed_structures_single_occupancy_dwellings,property_destroyed_structures_storage,property_destroyed_farm_equipment,property_destroyed_structures_other,property_destroyed_structures_other_dwellings,property_destroyed_structures_public_community,property_destroyed_bicycles,property_destroyed_merchandise,property_destroyed_other_motor_vehicles,property_destroyed_recreational_vehicles,property_destroyed_special_category,property_destroyed_structures_other_commercial_business,property_destroyed_vehicle_parts_accessories,property_destroyed_watercraft,property_destroyed_heavy_construction_industrial_equipment,property_destroyed_computer_hardware_software,property_destroyed_tools_power_hand,property_destroyed_trucks,property_destroyed_alcohol,property_destroyed_recordings_audio_visual,property_destroyed_structures_industrial_manufacturing,property_destroyed_negotiable_instruments,property_destroyed_aircraft,property_destroyed_drugs_narcotics,property_destroyed_nonnegotiable_instruments,property_destroyed_gambling_equipment,property_destroyed_purses_handbags_wallets,property_destroyed_credit_debit_cards,property_destroyed_drug_narcotic_equipment,property_destroyed_mean_value_automobile,property_destroyed_mean_value_clothes_furs,property_destroyed_mean_value_consumable_goods,property_destroyed_mean_value_household_goods,property_destroyed_mean_value_livestock,property_destroyed_mean_value_money,property_destroyed_mean_value_office_type_equipment,property_destroyed_mean_value_other,property_destroyed_mean_value_radios_tv_vcr_dvd_players,property_destroyed_mean_value_firearms,property_destroyed_mean_value_jewelry_precious_metals_gems,property_destroyed_mean_value_pending_inventory_of_property,property_destroyed_mean_value_buses,property_destroyed_mean_value_structures_single_occupancy_dwellings,property_destroyed_mean_value_structures_storage,property_destroyed_mean_value_farm_equipment,property_destroyed_mean_value_structures_other,property_destroyed_mean_value_structures_other_dwellings,property_destroyed_mean_value_structures_public_community,property_destroyed_mean_value_bicycles,property_destroyed_mean_value_merchandise,property_destroyed_mean_value_other_motor_vehicles,property_destroyed_mean_value_recreational_vehicles,property_destroyed_mean_value_special_category,property_destroyed_mean_value_structures_other_commercial_business,property_destroyed_mean_value_vehicle_parts_accessories,property_destroyed_mean_value_watercraft,property_destroyed_mean_value_heavy_construction_industrial_equipment,property_destroyed_mean_value_computer_hardware_software,property_destroyed_mean_value_tools_power_hand,property_destroyed_mean_value_trucks,property_destroyed_mean_value_alcohol,property_destroyed_mean_value_recordings_audio_visual,property_destroyed_mean_value_structures_industrial_manufacturing,property_destroyed_mean_value_negotiable_instruments,property_destroyed_mean_value_aircraft,property_destroyed_mean_value_drugs_narcotics,property_destroyed_mean_value_nonnegotiable_instruments,property_destroyed_mean_value_gambling_equipment,property_destroyed_mean_value_purses_handbags_wallets,property_destroyed_mean_value_credit_debit_cards,property_destroyed_mean_value_drug_narcotic_equipment,property_destroyed_median_value_automobile,property_destroyed_median_value_clothes_furs,property_destroyed_median_value_consumable_goods,property_destroyed_median_value_household_goods,property_destroyed_median_value_livestock,property_destroyed_median_value_money,property_destroyed_median_value_office_type_equipment,property_destroyed_median_value_other,property_destroyed_median_value_radios_tv_vcr_dvd_players,property_destroyed_median_value_firearms,property_destroyed_median_value_jewelry_precious_metals_gems,property_destroyed_median_value_pending_inventory_of_property,property_destroyed_median_value_buses,property_destroyed_median_value_structures_single_occupancy_dwellings,property_destroyed_median_value_structures_storage,property_destroyed_median_value_farm_equipment,property_destroyed_median_value_structures_other,property_destroyed_median_value_structures_other_dwellings,property_destroyed_median_value_structures_public_community,property_destroyed_median_value_bicycles,property_destroyed_median_value_merchandise,property_destroyed_median_value_other_motor_vehicles,property_destroyed_median_value_recreational_vehicles,property_destroyed_median_value_special_category,property_destroyed_median_value_structures_other_commercial_business,property_destroyed_median_value_vehicle_parts_accessories,property_destroyed_median_value_watercraft,property_destroyed_median_value_heavy_construction_industrial_equipment,property_destroyed_median_value_computer_hardware_software,property_destroyed_median_value_tools_power_hand,property_destroyed_median_value_trucks,property_destroyed_median_value_alcohol,property_destroyed_median_value_recordings_audio_visual,property_destroyed_median_value_structures_industrial_manufacturing,property_destroyed_median_value_negotiable_instruments,property_destroyed_median_value_aircraft,property_destroyed_median_value_drugs_narcotics,property_destroyed_median_value_nonnegotiable_instruments,property_destroyed_median_value_gambling_equipment,property_destroyed_median_value_purses_handbags_wallets,property_destroyed_median_value_credit_debit_cards,property_destroyed_median_value_drug_narcotic_equipment,property_recovered_automobile,property_recovered_clothes_furs,property_recovered_consumable_goods,property_recovered_firearms,property_recovered_household_goods,property_recovered_jewelry_precious_metals_gems,property_recovered_money,property_recovered_office_type_equipment,property_recovered_other,property_recovered_radios_tv_vcr_dvd_players,property_recovered_livestock,property_recovered_other_motor_vehicles,property_recovered_vehicle_parts_accessories,property_recovered_tools_power_hand,property_recovered_alcohol,property_recovered_bicycles,property_recovered_merchandise,property_recovered_recordings_audio_visual,property_recovered_recreational_vehicles,property_recovered_watercraft,property_recovered_credit_debit_cards,property_recovered_computer_hardware_software,property_recovered_heavy_construction_industrial_equipment,property_recovered_negotiable_instruments,property_recovered_nonnegotiable_instruments,property_recovered_purses_handbags_wallets,property_recovered_special_category,property_recovered_structures_storage,property_recovered_trucks,property_recovered_farm_equipment,property_recovered_structures_other_dwellings,property_recovered_drug_narcotic_equipment,property_recovered_drugs_narcotics,property_recovered_gambling_equipment,property_recovered_buses,property_recovered_aircraft,property_recovered_pending_inventory_of_property,property_recovered_structures_other,property_recovered_mean_value_automobile,property_recovered_mean_value_clothes_furs,property_recovered_mean_value_consumable_goods,property_recovered_mean_value_firearms,property_recovered_mean_value_household_goods,property_recovered_mean_value_jewelry_precious_metals_gems,property_recovered_mean_value_money,property_recovered_mean_value_office_type_equipment,property_recovered_mean_value_other,property_recovered_mean_value_radios_tv_vcr_dvd_players,property_recovered_mean_value_livestock,property_recovered_mean_value_other_motor_vehicles,property_recovered_mean_value_vehicle_parts_accessories,property_recovered_mean_value_tools_power_hand,property_recovered_mean_value_alcohol,property_recovered_mean_value_bicycles,property_recovered_mean_value_merchandise,property_recovered_mean_value_recordings_audio_visual,property_recovered_mean_value_recreational_vehicles,property_recovered_mean_value_watercraft,property_recovered_mean_value_credit_debit_cards,property_recovered_mean_value_computer_hardware_software,property_recovered_mean_value_heavy_construction_industrial_equipment,property_recovered_mean_value_negotiable_instruments,property_recovered_mean_value_nonnegotiable_instruments,property_recovered_mean_value_purses_handbags_wallets,property_recovered_mean_value_special_category,property_recovered_mean_value_structures_storage,property_recovered_mean_value_trucks,property_recovered_mean_value_farm_equipment,property_recovered_mean_value_structures_other_dwellings,property_recovered_mean_value_drug_narcotic_equipment,property_recovered_mean_value_drugs_narcotics,property_recovered_mean_value_gambling_equipment,property_recovered_mean_value_buses,property_recovered_mean_value_aircraft,property_recovered_mean_value_pending_inventory_of_property,property_recovered_mean_value_structures_other,property_recovered_median_value_automobile,property_recovered_median_value_clothes_furs,property_recovered_median_value_consumable_goods,property_recovered_median_value_firearms,property_recovered_median_value_household_goods,property_recovered_median_value_jewelry_precious_metals_gems,property_recovered_median_value_money,property_recovered_median_value_office_type_equipment,property_recovered_median_value_other,property_recovered_median_value_radios_tv_vcr_dvd_players,property_recovered_median_value_livestock,property_recovered_median_value_other_motor_vehicles,property_recovered_median_value_vehicle_parts_accessories,property_recovered_median_value_tools_power_hand,property_recovered_median_value_alcohol,property_recovered_median_value_bicycles,property_recovered_median_value_merchandise,property_recovered_median_value_recordings_audio_visual,property_recovered_median_value_recreational_vehicles,property_recovered_median_value_watercraft,property_recovered_median_value_credit_debit_cards,property_recovered_median_value_computer_hardware_software,property_recovered_median_value_heavy_construction_industrial_equipment,property_recovered_median_value_negotiable_instruments,property_recovered_median_value_nonnegotiable_instruments,property_recovered_median_value_purses_handbags_wallets,property_recovered_median_value_special_category,property_recovered_median_value_structures_storage,property_recovered_median_value_trucks,property_recovered_median_value_farm_equipment,property_recovered_median_value_structures_other_dwellings,property_recovered_median_value_drug_narcotic_equipment,property_recovered_median_value_drugs_narcotics,property_recovered_median_value_gambling_equipment,property_recovered_median_value_buses,property_recovered_median_value_aircraft,property_recovered_median_value_pending_inventory_of_property,property_recovered_median_value_structures_other,property_seized_consumable_goods,property_seized_drugs_narcotics,property_seized_firearms,property_seized_other,property_seized_radios_tv_vcr_dvd_players,property_seized_pending_inventory_of_property,property_seized_drug_narcotic_equipment,property_seized_gambling_equipment,property_seized_money,property_seized_negotiable_instruments,property_seized_alcohol,property_seized_vehicle_parts_accessories,property_seized_special_category,property_seized_nonnegotiable_instruments,property_seized_purses_handbags_wallets,property_seized_automobile,property_seized_jewelry_precious_metals_gems,property_seized_aircraft,property_seized_trucks,property_seized_clothes_furs,property_seized_farm_equipment,property_seized_office_type_equipment,property_seized_computer_hardware_software,property_seized_bicycles,property_seized_credit_debit_cards,property_seized_household_goods,property_seized_other_motor_vehicles,property_seized_tools_power_hand,property_seized_recordings_audio_visual,property_seized_structures_single_occupancy_dwellings,property_seized_mean_value_consumable_goods,property_seized_mean_value_drugs_narcotics,property_seized_mean_value_firearms,property_seized_mean_value_other,property_seized_mean_value_radios_tv_vcr_dvd_players,property_seized_mean_value_pending_inventory_of_property,property_seized_mean_value_drug_narcotic_equipment,property_seized_mean_value_gambling_equipment,property_seized_mean_value_money,property_seized_mean_value_negotiable_instruments,property_seized_mean_value_alcohol,property_seized_mean_value_vehicle_parts_accessories,property_seized_mean_value_special_category,property_seized_mean_value_nonnegotiable_instruments,property_seized_mean_value_purses_handbags_wallets,property_seized_mean_value_automobile,property_seized_mean_value_jewelry_precious_metals_gems,property_seized_mean_value_aircraft,property_seized_mean_value_trucks,property_seized_mean_value_clothes_furs,property_seized_mean_value_farm_equipment,property_seized_mean_value_office_type_equipment,property_seized_mean_value_computer_hardware_software,property_seized_mean_value_bicycles,property_seized_mean_value_credit_debit_cards,property_seized_mean_value_household_goods,property_seized_mean_value_other_motor_vehicles,property_seized_mean_value_tools_power_hand,property_seized_mean_value_recordings_audio_visual,property_seized_mean_value_structures_single_occupancy_dwellings,property_seized_median_value_consumable_goods,property_seized_median_value_drugs_narcotics,property_seized_median_value_firearms,property_seized_median_value_other,property_seized_median_value_radios_tv_vcr_dvd_players,property_seized_median_value_pending_inventory_of_property,property_seized_median_value_drug_narcotic_equipment,property_seized_median_value_gambling_equipment,property_seized_median_value_money,property_seized_median_value_negotiable_instruments,property_seized_median_value_alcohol,property_seized_median_value_vehicle_parts_accessories,property_seized_median_value_special_category,property_seized_median_value_nonnegotiable_instruments,property_seized_median_value_purses_handbags_wallets,property_seized_median_value_automobile,property_seized_median_value_jewelry_precious_metals_gems,property_seized_median_value_aircraft,property_seized_median_value_trucks,property_seized_median_value_clothes_furs,property_seized_median_value_farm_equipment,property_seized_median_value_office_type_equipment,property_seized_median_value_computer_hardware_software,property_seized_median_value_bicycles,property_seized_median_value_credit_debit_cards,property_seized_median_value_household_goods,property_seized_median_value_other_motor_vehicles,property_seized_median_value_tools_power_hand,property_seized_median_value_recordings_audio_visual,property_seized_median_value_structures_single_occupancy_dwellings,property_counterfeited_automobile,property_counterfeited_money,property_counterfeited_other,property_counterfeited_pending_inventory_of_property,property_counterfeited_clothes_furs,property_counterfeited_consumable_goods,property_counterfeited_jewelry_precious_metals_gems,property_counterfeited_office_type_equipment,property_counterfeited_radios_tv_vcr_dvd_players,property_counterfeited_negotiable_instruments,property_counterfeited_credit_debit_cards,property_counterfeited_nonnegotiable_instruments,property_counterfeited_structures_public_community,property_counterfeited_special_category,property_counterfeited_drugs_narcotics,property_counterfeited_farm_equipment,property_counterfeited_vehicle_parts_accessories,property_counterfeited_household_goods,property_counterfeited_recordings_audio_visual,property_counterfeited_tools_power_hand,property_counterfeited_alcohol,property_counterfeited_recreational_vehicles,property_counterfeited_structures_industrial_manufacturing,property_counterfeited_structures_single_occupancy_dwellings,property_counterfeited_drug_narcotic_equipment,property_counterfeited_merchandise,property_counterfeited_computer_hardware_software,property_counterfeited_firearms,property_counterfeited_mean_value_automobile,property_counterfeited_mean_value_money,property_counterfeited_mean_value_other,property_counterfeited_mean_value_pending_inventory_of_property,property_counterfeited_mean_value_clothes_furs,property_counterfeited_mean_value_consumable_goods,property_counterfeited_mean_value_jewelry_precious_metals_gems,property_counterfeited_mean_value_office_type_equipment,property_counterfeited_mean_value_radios_tv_vcr_dvd_players,property_counterfeited_mean_value_negotiable_instruments,property_counterfeited_mean_value_credit_debit_cards,property_counterfeited_mean_value_nonnegotiable_instruments,property_counterfeited_mean_value_structures_public_community,property_counterfeited_mean_value_special_category,property_counterfeited_mean_value_drugs_narcotics,property_counterfeited_mean_value_farm_equipment,property_counterfeited_mean_value_vehicle_parts_accessories,property_counterfeited_mean_value_household_goods,property_counterfeited_mean_value_recordings_audio_visual,property_counterfeited_mean_value_tools_power_hand,property_counterfeited_mean_value_alcohol,property_counterfeited_mean_value_recreational_vehicles,property_counterfeited_mean_value_structures_industrial_manufacturing,property_counterfeited_mean_value_structures_single_occupancy_dwellings,property_counterfeited_mean_value_drug_narcotic_equipment,property_counterfeited_mean_value_merchandise,property_counterfeited_mean_value_computer_hardware_software,property_counterfeited_mean_value_firearms,property_counterfeited_median_value_automobile,property_counterfeited_median_value_money,property_counterfeited_median_value_other,property_counterfeited_median_value_pending_inventory_of_property,property_counterfeited_median_value_clothes_furs,property_counterfeited_median_value_consumable_goods,property_counterfeited_median_value_jewelry_precious_metals_gems,property_counterfeited_median_value_office_type_equipment,property_counterfeited_median_value_radios_tv_vcr_dvd_players,property_counterfeited_median_value_negotiable_instruments,property_counterfeited_median_value_credit_debit_cards,property_counterfeited_median_value_nonnegotiable_instruments,property_counterfeited_median_value_structures_public_community,property_counterfeited_median_value_special_category,property_counterfeited_median_value_drugs_narcotics,property_counterfeited_median_value_farm_equipment,property_counterfeited_median_value_vehicle_parts_accessories,property_counterfeited_median_value_household_goods,property_counterfeited_median_value_recordings_audio_visual,property_counterfeited_median_value_tools_power_hand,property_counterfeited_median_value_alcohol,property_counterfeited_median_value_recreational_vehicles,property_counterfeited_median_value_structures_industrial_manufacturing,property_counterfeited_median_value_structures_single_occupancy_dwellings,property_counterfeited_median_value_drug_narcotic_equipment,property_counterfeited_median_value_merchandise,property_counterfeited_median_value_computer_hardware_software,property_counterfeited_median_value_firearms,property_burned_pending_inventory_of_property,property_burned_automobile,property_burned_other,property_burned_structures_single_occupancy_dwellings,property_burned_household_goods,property_burned_special_category,property_burned_structures_other,property_burned_structures_other_dwellings,property_burned_structures_storage,property_burned_vehicle_parts_accessories,property_burned_structures_public_community,property_burned_bicycles,property_burned_structures_other_commercial_business,property_burned_clothes_furs,property_burned_farm_equipment,property_burned_buses,property_burned_trucks,property_burned_heavy_construction_industrial_equipment,property_burned_money,property_burned_watercraft,property_burned_computer_hardware_software,property_burned_consumable_goods,property_burned_other_motor_vehicles,property_burned_recreational_vehicles,property_burned_radios_tv_vcr_dvd_players,property_burned_structures_industrial_manufacturing,property_burned_tools_power_hand,property_burned_purses_handbags_wallets,property_burned_jewelry_precious_metals_gems,property_burned_recordings_audio_visual,property_burned_credit_debit_cards,property_burned_firearms,property_burned_mean_value_pending_inventory_of_property,property_burned_mean_value_automobile,property_burned_mean_value_other,property_burned_mean_value_structures_single_occupancy_dwellings,property_burned_mean_value_household_goods,property_burned_mean_value_special_category,property_burned_mean_value_structures_other,property_burned_mean_value_structures_other_dwellings,property_burned_mean_value_structures_storage,property_burned_mean_value_vehicle_parts_accessories,property_burned_mean_value_structures_public_community,property_burned_mean_value_bicycles,property_burned_mean_value_structures_other_commercial_business,property_burned_mean_value_clothes_furs,property_burned_mean_value_farm_equipment,property_burned_mean_value_buses,property_burned_mean_value_trucks,property_burned_mean_value_heavy_construction_industrial_equipment,property_burned_mean_value_money,property_burned_mean_value_watercraft,property_burned_mean_value_computer_hardware_software,property_burned_mean_value_consumable_goods,property_burned_mean_value_other_motor_vehicles,property_burned_mean_value_recreational_vehicles,property_burned_mean_value_radios_tv_vcr_dvd_players,property_burned_mean_value_structures_industrial_manufacturing,property_burned_mean_value_tools_power_hand,property_burned_mean_value_purses_handbags_wallets,property_burned_mean_value_jewelry_precious_metals_gems,property_burned_mean_value_recordings_audio_visual,property_burned_mean_value_credit_debit_cards,property_burned_mean_value_firearms,property_burned_median_value_pending_inventory_of_property,property_burned_median_value_automobile,property_burned_median_value_other,property_burned_median_value_structures_single_occupancy_dwellings,property_burned_median_value_household_goods,property_burned_median_value_special_category,property_burned_median_value_structures_other,property_burned_median_value_structures_other_dwellings,property_burned_median_value_structures_storage,property_burned_median_value_vehicle_parts_accessories,property_burned_median_value_structures_public_community,property_burned_median_value_bicycles,property_burned_median_value_structures_other_commercial_business,property_burned_median_value_clothes_furs,property_burned_median_value_farm_equipment,property_burned_median_value_buses,property_burned_median_value_trucks,property_burned_median_value_heavy_construction_industrial_equipment,property_burned_median_value_money,property_burned_median_value_watercraft,property_burned_median_value_computer_hardware_software,property_burned_median_value_consumable_goods,property_burned_median_value_other_motor_vehicles,property_burned_median_value_recreational_vehicles,property_burned_median_value_radios_tv_vcr_dvd_players,property_burned_median_value_structures_industrial_manufacturing,property_burned_median_value_tools_power_hand,property_burned_median_value_purses_handbags_wallets,property_burned_median_value_jewelry_precious_metals_gems,property_burned_median_value_recordings_audio_visual,property_burned_median_value_credit_debit_cards,property_burned_median_value_firearms,drugs_unknown_type_drug,drugs_cocaine,drugs_marijuana,drugs_hashish,drugs_amphetamines_methamphetamines,drugs_other_hallucinogens,drugs_other_stimulants,drugs_crack_cocaine,drugs_lsd,drugs_other_narcotics,drugs_barbiturates,drugs_heroin,drugs_morphine,drugs_other_depressants,drugs_pcp,property_seized_merchandise,property_seized_watercraft,property_seized_structures_other_dwellings,property_seized_recreational_vehicles,property_seized_structures_other,property_seized_mean_value_merchandise,property_seized_mean_value_watercraft,property_seized_mean_value_structures_other_dwellings,property_seized_mean_value_recreational_vehicles,property_seized_mean_value_structures_other,property_seized_median_value_merchandise,property_seized_median_value_watercraft,property_seized_median_value_structures_other_dwellings,property_seized_median_value_recreational_vehicles,property_seized_median_value_structures_other,property_recovered_structures_other_commercial_business,property_recovered_structures_industrial_manufacturing,property_recovered_structures_single_occupancy_dwellings,property_recovered_structures_public_community,property_recovered_mean_value_structures_other_commercial_business,property_recovered_mean_value_structures_industrial_manufacturing,property_recovered_mean_value_structures_single_occupancy_dwellings,property_recovered_mean_value_structures_public_community,property_recovered_median_value_structures_other_commercial_business,property_recovered_median_value_structures_industrial_manufacturing,property_recovered_median_value_structures_single_occupancy_dwellings,property_recovered_median_value_structures_public_community,property_counterfeited_livestock,property_counterfeited_gambling_equipment,property_counterfeited_purses_handbags_wallets,property_counterfeited_mean_value_livestock,property_counterfeited_mean_value_gambling_equipment,property_counterfeited_mean_value_purses_handbags_wallets,property_counterfeited_median_value_livestock,property_counterfeited_median_value_gambling_equipment,property_counterfeited_median_value_purses_handbags_wallets,property_burned_livestock,property_burned_office_type_equipment,property_burned_gambling_equipment,property_burned_drugs_narcotics,property_burned_mean_value_livestock,property_burned_mean_value_office_type_equipment,property_burned_mean_value_gambling_equipment,property_burned_mean_value_drugs_narcotics,property_burned_median_value_livestock,property_burned_median_value_office_type_equipment,property_burned_median_value_gambling_equipment,property_burned_median_value_drugs_narcotics,drugs_opium,property_counterfeited_trucks,property_counterfeited_heavy_construction_industrial_equipment,property_counterfeited_other_motor_vehicles,property_counterfeited_mean_value_trucks,property_counterfeited_mean_value_heavy_construction_industrial_equipment,property_counterfeited_mean_value_other_motor_vehicles,property_counterfeited_median_value_trucks,property_counterfeited_median_value_heavy_construction_industrial_equipment,property_counterfeited_median_value_other_motor_vehicles,property_burned_alcohol,property_burned_merchandise,property_burned_nonnegotiable_instruments,property_burned_aircraft,property_burned_mean_value_alcohol,property_burned_mean_value_merchandise,property_burned_mean_value_nonnegotiable_instruments,property_burned_mean_value_aircraft,property_burned_median_value_alcohol,property_burned_median_value_merchandise,property_burned_median_value_nonnegotiable_instruments,property_burned_median_value_aircraft,property_seized_heavy_construction_industrial_equipment,property_seized_mean_value_heavy_construction_industrial_equipment,property_seized_median_value_heavy_construction_industrial_equipment,property_burned_drug_narcotic_equipment,property_burned_mean_value_drug_narcotic_equipment,property_burned_median_value_drug_narcotic_equipment,property_seized_buses,property_seized_mean_value_buses,property_seized_median_value_buses,property_counterfeited_structures_other_commercial_business,property_counterfeited_aircraft,property_counterfeited_mean_value_structures_other_commercial_business,property_counterfeited_mean_value_aircraft,property_counterfeited_median_value_structures_other_commercial_business,property_counterfeited_median_value_aircraft,property_burned_negotiable_instruments,property_burned_mean_value_negotiable_instruments,property_burned_median_value_negotiable_instruments,property_counterfeited_structures_other_dwellings,property_counterfeited_mean_value_structures_other_dwellings,property_counterfeited_median_value_structures_other_dwellings,property_seized_livestock,property_seized_mean_value_livestock,property_seized_median_value_livestock,property_counterfeited_bicycles,property_counterfeited_mean_value_bicycles,property_counterfeited_median_value_bicycles,property_counterfeited_buses,property_counterfeited_watercraft,property_counterfeited_structures_other,property_counterfeited_mean_value_buses,property_counterfeited_mean_value_watercraft,property_counterfeited_mean_value_structures_other,property_counterfeited_median_value_buses,property_counterfeited_median_value_watercraft,property_counterfeited_median_value_structures_other,property_seized_structures_industrial_manufacturing,property_seized_mean_value_structures_industrial_manufacturing,property_seized_median_value_structures_industrial_manufacturing,property_seized_structures_public_community,property_seized_mean_value_structures_public_community,property_seized_median_value_structures_public_community,property_seized_structures_other_commercial_business,property_seized_structures_storage,property_seized_mean_value_structures_other_commercial_business,property_seized_mean_value_structures_storage,property_seized_median_value_structures_other_commercial_business,property_seized_median_value_structures_storage,property_counterfeited_structures_storage,property_counterfeited_mean_value_structures_storage,property_counterfeited_median_value_structures_storage,property_stolen_recreational_sports_equipment,property_stolen_portible_electronic_communications,property_stolen_lawn_yard_garden_equipment,property_stolen_musical_instruments,property_stolen_building_materials,property_stolen_logging_equipment,property_stolen_pets,property_stolen_photographic_optical_equipment,property_stolen_weapons_other,property_stolen_chemicals,property_stolen_documents_personal_or_business,property_stolen_fuel,property_stolen_identity_intangible,property_stolen_identity_documents,property_stolen_metals_non_precious,property_stolen_trailers,property_stolen_aircraft_parts_accessories,property_stolen_camping_hunting_fishing_equipment_supplies,property_stolen_law_enforcement_equipment,property_stolen_firearm_accessories,property_stolen_watercraft_equipment_parts_accessories,property_stolen_medical_medical_lab_equipment,property_stolen_collections_collectibles,property_stolen_artistic_supplies_accessories,property_stolen_mean_value_recreational_sports_equipment,property_stolen_mean_value_portible_electronic_communications,property_stolen_mean_value_lawn_yard_garden_equipment,property_stolen_mean_value_musical_instruments,property_stolen_mean_value_building_materials,property_stolen_mean_value_logging_equipment,property_stolen_mean_value_pets,property_stolen_mean_value_photographic_optical_equipment,property_stolen_mean_value_weapons_other,property_stolen_mean_value_chemicals,property_stolen_mean_value_documents_personal_or_business,property_stolen_mean_value_fuel,property_stolen_mean_value_identity_intangible,property_stolen_mean_value_identity_documents,property_stolen_mean_value_metals_non_precious,property_stolen_mean_value_trailers,property_stolen_mean_value_aircraft_parts_accessories,property_stolen_mean_value_camping_hunting_fishing_equipment_supplies,property_stolen_mean_value_law_enforcement_equipment,property_stolen_mean_value_firearm_accessories,property_stolen_mean_value_watercraft_equipment_parts_accessories,property_stolen_mean_value_medical_medical_lab_equipment,property_stolen_mean_value_collections_collectibles,property_stolen_mean_value_artistic_supplies_accessories,property_stolen_median_value_recreational_sports_equipment,property_stolen_median_value_portible_electronic_communications,property_stolen_median_value_lawn_yard_garden_equipment,property_stolen_median_value_musical_instruments,property_stolen_median_value_building_materials,property_stolen_median_value_logging_equipment,property_stolen_median_value_pets,property_stolen_median_value_photographic_optical_equipment,property_stolen_median_value_weapons_other,property_stolen_median_value_chemicals,property_stolen_median_value_documents_personal_or_business,property_stolen_median_value_fuel,property_stolen_median_value_identity_intangible,property_stolen_median_value_identity_documents,property_stolen_median_value_metals_non_precious,property_stolen_median_value_trailers,property_stolen_median_value_aircraft_parts_accessories,property_stolen_median_value_camping_hunting_fishing_equipment_supplies,property_stolen_median_value_law_enforcement_equipment,property_stolen_median_value_firearm_accessories,property_stolen_median_value_watercraft_equipment_parts_accessories,property_stolen_median_value_medical_medical_lab_equipment,property_stolen_median_value_collections_collectibles,property_stolen_median_value_artistic_supplies_accessories,property_counterfeited_identity_intangible,property_counterfeited_identity_documents,property_counterfeited_documents_personal_or_business,property_counterfeited_mean_value_identity_intangible,property_counterfeited_mean_value_identity_documents,property_counterfeited_mean_value_documents_personal_or_business,property_counterfeited_median_value_identity_intangible,property_counterfeited_median_value_identity_documents,property_counterfeited_median_value_documents_personal_or_business,property_destroyed_building_materials,property_destroyed_metals_non_precious,property_destroyed_photographic_optical_equipment,property_destroyed_mean_value_building_materials,property_destroyed_mean_value_metals_non_precious,property_destroyed_mean_value_photographic_optical_equipment,property_destroyed_median_value_building_materials,property_destroyed_median_value_metals_non_precious,property_destroyed_median_value_photographic_optical_equipment,property_seized_identity_intangible,property_seized_photographic_optical_equipment,property_seized_weapons_other,property_seized_mean_value_identity_intangible,property_seized_mean_value_photographic_optical_equipment,property_seized_mean_value_weapons_other,property_seized_median_value_identity_intangible,property_seized_median_value_photographic_optical_equipment,property_seized_median_value_weapons_other,property_recovered_recreational_sports_equipment,property_recovered_documents_personal_or_business,property_recovered_identity_documents,property_recovered_logging_equipment,property_recovered_metals_non_precious,property_recovered_pets,property_recovered_photographic_optical_equipment,property_recovered_building_materials,property_recovered_musical_instruments,property_recovered_camping_hunting_fishing_equipment_supplies,property_recovered_fuel,property_recovered_identity_intangible,property_recovered_weapons_other,property_recovered_trailers,property_recovered_collections_collectibles,property_recovered_mean_value_recreational_sports_equipment,property_recovered_mean_value_documents_personal_or_business,property_recovered_mean_value_identity_documents,property_recovered_mean_value_logging_equipment,property_recovered_mean_value_metals_non_precious,property_recovered_mean_value_pets,property_recovered_mean_value_photographic_optical_equipment,property_recovered_mean_value_building_materials,property_recovered_mean_value_musical_instruments,property_recovered_mean_value_camping_hunting_fishing_equipment_supplies,property_recovered_mean_value_fuel,property_recovered_mean_value_identity_intangible,property_recovered_mean_value_weapons_other,property_recovered_mean_value_trailers,property_recovered_mean_value_collections_collectibles,property_recovered_median_value_recreational_sports_equipment,property_recovered_median_value_documents_personal_or_business,property_recovered_median_value_identity_documents,property_recovered_median_value_logging_equipment,property_recovered_median_value_metals_non_precious,property_recovered_median_value_pets,property_recovered_median_value_photographic_optical_equipment,property_recovered_median_value_building_materials,property_recovered_median_value_musical_instruments,property_recovered_median_value_camping_hunting_fishing_equipment_supplies,property_recovered_median_value_fuel,property_recovered_median_value_identity_intangible,property_recovered_median_value_weapons_other,property_recovered_median_value_trailers,property_recovered_median_value_collections_collectibles,property_burned_recreational_sports_equipment,property_burned_mean_value_recreational_sports_equipment,property_burned_median_value_recreational_sports_equipment,property_stolen_crops,property_stolen_explosives,property_stolen_mean_value_crops,property_stolen_mean_value_explosives,property_stolen_median_value_crops,property_stolen_median_value_explosives,property_destroyed_lawn_yard_garden_equipment,property_destroyed_medical_medical_lab_equipment,property_destroyed_portible_electronic_communications,property_destroyed_trailers,property_destroyed_law_enforcement_equipment,property_destroyed_recreational_sports_equipment,property_destroyed_artistic_supplies_accessories,property_destroyed_collections_collectibles,property_destroyed_watercraft_equipment_parts_accessories,property_destroyed_crops,property_destroyed_camping_hunting_fishing_equipment_supplies,property_destroyed_musical_instruments,property_destroyed_identity_documents,property_destroyed_pets,property_destroyed_weapons_other,property_destroyed_chemicals,property_destroyed_firearm_accessories,property_destroyed_fuel,property_destroyed_aircraft_parts_accessories,property_destroyed_logging_equipment,property_destroyed_documents_personal_or_business,property_destroyed_mean_value_lawn_yard_garden_equipment,property_destroyed_mean_value_medical_medical_lab_equipment,property_destroyed_mean_value_portible_electronic_communications,property_destroyed_mean_value_trailers,property_destroyed_mean_value_law_enforcement_equipment,property_destroyed_mean_value_recreational_sports_equipment,property_destroyed_mean_value_artistic_supplies_accessories,property_destroyed_mean_value_collections_collectibles,property_destroyed_mean_value_watercraft_equipment_parts_accessories,property_destroyed_mean_value_crops,property_destroyed_mean_value_camping_hunting_fishing_equipment_supplies,property_destroyed_mean_value_musical_instruments,property_destroyed_mean_value_identity_documents,property_destroyed_mean_value_pets,property_destroyed_mean_value_weapons_other,property_destroyed_mean_value_chemicals,property_destroyed_mean_value_firearm_accessories,property_destroyed_mean_value_fuel,property_destroyed_mean_value_aircraft_parts_accessories,property_destroyed_mean_value_logging_equipment,property_destroyed_mean_value_documents_personal_or_business,property_destroyed_median_value_lawn_yard_garden_equipment,property_destroyed_median_value_medical_medical_lab_equipment,property_destroyed_median_value_portible_electronic_communications,property_destroyed_median_value_trailers,property_destroyed_median_value_law_enforcement_equipment,property_destroyed_median_value_recreational_sports_equipment,property_destroyed_median_value_artistic_supplies_accessories,property_destroyed_median_value_collections_collectibles,property_destroyed_median_value_watercraft_equipment_parts_accessories,property_destroyed_median_value_crops,property_destroyed_median_value_camping_hunting_fishing_equipment_supplies,property_destroyed_median_value_musical_instruments,property_destroyed_median_value_identity_documents,property_destroyed_median_value_pets,property_destroyed_median_value_weapons_other,property_destroyed_median_value_chemicals,property_destroyed_median_value_firearm_accessories,property_destroyed_median_value_fuel,property_destroyed_median_value_aircraft_parts_accessories,property_destroyed_median_value_logging_equipment,property_destroyed_median_value_documents_personal_or_business,property_seized_chemicals,property_seized_documents_personal_or_business,property_seized_identity_documents,property_seized_recreational_sports_equipment,property_seized_portible_electronic_communications,property_seized_explosives,property_seized_firearm_accessories,property_seized_law_enforcement_equipment,property_seized_collections_collectibles,property_seized_trailers,property_seized_mean_value_chemicals,property_seized_mean_value_documents_personal_or_business,property_seized_mean_value_identity_documents,property_seized_mean_value_recreational_sports_equipment,property_seized_mean_value_portible_electronic_communications,property_seized_mean_value_explosives,property_seized_mean_value_firearm_accessories,property_seized_mean_value_law_enforcement_equipment,property_seized_mean_value_collections_collectibles,property_seized_mean_value_trailers,property_seized_median_value_chemicals,property_seized_median_value_documents_personal_or_business,property_seized_median_value_identity_documents,property_seized_median_value_recreational_sports_equipment,property_seized_median_value_portible_electronic_communications,property_seized_median_value_explosives,property_seized_median_value_firearm_accessories,property_seized_median_value_law_enforcement_equipment,property_seized_median_value_collections_collectibles,property_seized_median_value_trailers,property_counterfeited_collections_collectibles,property_counterfeited_medical_medical_lab_equipment,property_counterfeited_fuel,property_counterfeited_mean_value_collections_collectibles,property_counterfeited_mean_value_medical_medical_lab_equipment,property_counterfeited_mean_value_fuel,property_counterfeited_median_value_collections_collectibles,property_counterfeited_median_value_medical_medical_lab_equipment,property_counterfeited_median_value_fuel,property_recovered_chemicals,property_recovered_crops,property_recovered_portible_electronic_communications,property_recovered_explosives,property_recovered_lawn_yard_garden_equipment,property_recovered_firearm_accessories,property_recovered_law_enforcement_equipment,property_recovered_medical_medical_lab_equipment,property_recovered_artistic_supplies_accessories,property_recovered_watercraft_equipment_parts_accessories,property_recovered_aircraft_parts_accessories,property_recovered_mean_value_chemicals,property_recovered_mean_value_crops,property_recovered_mean_value_portible_electronic_communications,property_recovered_mean_value_explosives,property_recovered_mean_value_lawn_yard_garden_equipment,property_recovered_mean_value_firearm_accessories,property_recovered_mean_value_law_enforcement_equipment,property_recovered_mean_value_medical_medical_lab_equipment,property_recovered_mean_value_artistic_supplies_accessories,property_recovered_mean_value_watercraft_equipment_parts_accessories,property_recovered_mean_value_aircraft_parts_accessories,property_recovered_median_value_chemicals,property_recovered_median_value_crops,property_recovered_median_value_portible_electronic_communications,property_recovered_median_value_explosives,property_recovered_median_value_lawn_yard_garden_equipment,property_recovered_median_value_firearm_accessories,property_recovered_median_value_law_enforcement_equipment,property_recovered_median_value_medical_medical_lab_equipment,property_recovered_median_value_artistic_supplies_accessories,property_recovered_median_value_watercraft_equipment_parts_accessories,property_recovered_median_value_aircraft_parts_accessories,property_burned_building_materials,property_burned_crops,property_burned_lawn_yard_garden_equipment,property_burned_metals_non_precious,property_burned_camping_hunting_fishing_equipment_supplies,property_burned_photographic_optical_equipment,property_burned_trailers,property_burned_pets,property_burned_mean_value_building_materials,property_burned_mean_value_crops,property_burned_mean_value_lawn_yard_garden_equipment,property_burned_mean_value_metals_non_precious,property_burned_mean_value_camping_hunting_fishing_equipment_supplies,property_burned_mean_value_photographic_optical_equipment,property_burned_mean_value_trailers,property_burned_mean_value_pets,property_burned_median_value_building_materials,property_burned_median_value_crops,property_burned_median_value_lawn_yard_garden_equipment,property_burned_median_value_metals_non_precious,property_burned_median_value_camping_hunting_fishing_equipment_supplies,property_burned_median_value_photographic_optical_equipment,property_burned_median_value_trailers,property_burned_median_value_pets,property_counterfeited_crops,property_counterfeited_metals_non_precious,property_counterfeited_logging_equipment,property_counterfeited_photographic_optical_equipment,property_counterfeited_recreational_sports_equipment,property_counterfeited_trailers,property_counterfeited_musical_instruments,property_counterfeited_portible_electronic_communications,property_counterfeited_artistic_supplies_accessories,property_counterfeited_mean_value_crops,property_counterfeited_mean_value_metals_non_precious,property_counterfeited_mean_value_logging_equipment,property_counterfeited_mean_value_photographic_optical_equipment,property_counterfeited_mean_value_recreational_sports_equipment,property_counterfeited_mean_value_trailers,property_counterfeited_mean_value_musical_instruments,property_counterfeited_mean_value_portible_electronic_communications,property_counterfeited_mean_value_artistic_supplies_accessories,property_counterfeited_median_value_crops,property_counterfeited_median_value_metals_non_precious,property_counterfeited_median_value_logging_equipment,property_counterfeited_median_value_photographic_optical_equipment,property_counterfeited_median_value_recreational_sports_equipment,property_counterfeited_median_value_trailers,property_counterfeited_median_value_musical_instruments,property_counterfeited_median_value_portible_electronic_communications,property_counterfeited_median_value_artistic_supplies_accessories,property_destroyed_identity_intangible,property_destroyed_explosives,property_destroyed_mean_value_identity_intangible,property_destroyed_mean_value_explosives,property_destroyed_median_value_identity_intangible,property_destroyed_median_value_explosives,property_seized_camping_hunting_fishing_equipment_supplies,property_seized_lawn_yard_garden_equipment,property_seized_fuel,property_seized_medical_medical_lab_equipment,property_seized_artistic_supplies_accessories,property_seized_metals_non_precious,property_seized_musical_instruments,property_seized_watercraft_equipment_parts_accessories,property_seized_mean_value_camping_hunting_fishing_equipment_supplies,property_seized_mean_value_lawn_yard_garden_equipment,property_seized_mean_value_fuel,property_seized_mean_value_medical_medical_lab_equipment,property_seized_mean_value_artistic_supplies_accessories,property_seized_mean_value_metals_non_precious,property_seized_mean_value_musical_instruments,property_seized_mean_value_watercraft_equipment_parts_accessories,property_seized_median_value_camping_hunting_fishing_equipment_supplies,property_seized_median_value_lawn_yard_garden_equipment,property_seized_median_value_fuel,property_seized_median_value_medical_medical_lab_equipment,property_seized_median_value_artistic_supplies_accessories,property_seized_median_value_metals_non_precious,property_seized_median_value_musical_instruments,property_seized_median_value_watercraft_equipment_parts_accessories,property_burned_fuel,property_burned_explosives,property_burned_collections_collectibles,property_burned_logging_equipment,property_burned_medical_medical_lab_equipment,property_burned_identity_documents,property_burned_musical_instruments,property_burned_firearm_accessories,property_burned_weapons_other,property_burned_documents_personal_or_business,property_burned_artistic_supplies_accessories,property_burned_mean_value_fuel,property_burned_mean_value_explosives,property_burned_mean_value_collections_collectibles,property_burned_mean_value_logging_equipment,property_burned_mean_value_medical_medical_lab_equipment,property_burned_mean_value_identity_documents,property_burned_mean_value_musical_instruments,property_burned_mean_value_firearm_accessories,property_burned_mean_value_weapons_other,property_burned_mean_value_documents_personal_or_business,property_burned_mean_value_artistic_supplies_accessories,property_burned_median_value_fuel,property_burned_median_value_explosives,property_burned_median_value_collections_collectibles,property_burned_median_value_logging_equipment,property_burned_median_value_medical_medical_lab_equipment,property_burned_median_value_identity_documents,property_burned_median_value_musical_instruments,property_burned_median_value_firearm_accessories,property_burned_median_value_weapons_other,property_burned_median_value_documents_personal_or_business,property_burned_median_value_artistic_supplies_accessories,property_seized_pets,property_seized_crops,property_seized_building_materials,property_seized_mean_value_pets,property_seized_mean_value_crops,property_seized_mean_value_building_materials,property_seized_median_value_pets,property_seized_median_value_crops,property_seized_median_value_building_materials,property_counterfeited_aircraft_parts_accessories,property_counterfeited_lawn_yard_garden_equipment,property_counterfeited_chemicals,property_counterfeited_mean_value_aircraft_parts_accessories,property_counterfeited_mean_value_lawn_yard_garden_equipment,property_counterfeited_mean_value_chemicals,property_counterfeited_median_value_aircraft_parts_accessories,property_counterfeited_median_value_lawn_yard_garden_equipment,property_counterfeited_median_value_chemicals,property_burned_portible_electronic_communications,property_burned_chemicals,property_burned_watercraft_equipment_parts_accessories,property_burned_mean_value_portible_electronic_communications,property_burned_mean_value_chemicals,property_burned_mean_value_watercraft_equipment_parts_accessories,property_burned_median_value_portible_electronic_communications,property_burned_median_value_chemicals,property_burned_median_value_watercraft_equipment_parts_accessories,property_seized_aircraft_parts_accessories,property_seized_logging_equipment,property_seized_mean_value_aircraft_parts_accessories,property_seized_mean_value_logging_equipment,property_seized_median_value_aircraft_parts_accessories,property_seized_median_value_logging_equipment,property_counterfeited_building_materials,property_counterfeited_explosives,property_counterfeited_weapons_other,property_counterfeited_camping_hunting_fishing_equipment_supplies,property_counterfeited_law_enforcement_equipment,property_counterfeited_mean_value_building_materials,property_counterfeited_mean_value_explosives,property_counterfeited_mean_value_weapons_other,property_counterfeited_mean_value_camping_hunting_fishing_equipment_supplies,property_counterfeited_mean_value_law_enforcement_equipment,property_counterfeited_median_value_building_materials,property_counterfeited_median_value_explosives,property_counterfeited_median_value_weapons_other,property_counterfeited_median_value_camping_hunting_fishing_equipment_supplies,property_counterfeited_median_value_law_enforcement_equipment,property_counterfeited_firearm_accessories,property_counterfeited_mean_value_firearm_accessories,property_counterfeited_median_value_firearm_accessories,property_burned_law_enforcement_equipment,property_burned_mean_value_law_enforcement_equipment,property_burned_median_value_law_enforcement_equipment,property_counterfeited_watercraft_equipment_parts_accessories,property_counterfeited_mean_value_watercraft_equipment_parts_accessories,property_counterfeited_median_value_watercraft_equipment_parts_accessories,property_burned_identity_intangible,property_burned_mean_value_identity_intangible,property_burned_median_value_identity_intangible,property_counterfeited_pets,property_counterfeited_mean_value_pets,property_counterfeited_median_value_pets,property_burned_aircraft_parts_accessories,property_burned_mean_value_aircraft_parts_accessories,property_burned_median_value_aircraft_parts_accessories
MI3053600,2023,Litchfield Police Department,Michigan,1395,1,0,2,1,0,0,0,0,0,1,0,0,0,0,0,0,2,0,0,0,0,1,0,0,0,0,0,0,0,0,0,0,0,0,0,0,0,0,0,0,0,0,20000,0,32,500,0,0,0,0,0,100,0,0,0,0,0,0,200,0,0,0,0,532,0,0,0,0,0,0,0,0,0,0,0,0,0,0,0,0,0,0,0,0,20000,0,32,500,0,0,0,0,0,100,0,0,0,0,0,0,200,0,0,0,0,532,0,0,0,0,0,0,0,0,0,0,0,0,0,0,0,0,0,0,0,0,2,0,0,0,0,0,0,2,1,0,0,0,0,1,0,0,0,0,0,0,0,0,0,0,0,1,0,0,0,0,0,0,0,0,0,0,0,0,0,0,0,0,3650,0,0,0,0,0,0,2025,0,0,0,0,0,150,0,0,0,0,0,0,0,0,0,0,0,300,0,0,0,0,0,0,0,0,0,0,0,0,0,0,0,0,3650,0,0,0,0,0,0,2025,0,0,0,0,0,150,0,0,0,0,0,0,0,0,0,0,0,300,0,0,0,0,0,0,0,0,0,0,0,0,0,0,0,0,1,0,0,0,0,0,0,0,0,0,0,0,0,0,0,0,0,0,0,0,0,0,0,0,0,0,0,0,0,0,0,0,0,0,0,0,0,0,20000,0,0,0,0,0,0,0,0,0,0,0,0,0,0,0,0,0,0,0,0,0,0,0,0,0,0,0,0,0,0,0,0,0,0,0,0,0,20000,0,0,0,0,0,0,0,0,0,0,0,0,0,0,0,0,0,0,0,0,0,0,0,0,0,0,0,0,0,0,0,0,0,0,0,0,0,0,0,0,0,0,0,0,0,0,0,0,0,0,0,0,0,0,0,0,0,0,0,0,0,0,0,0,0,0,0,0,0,0,0,0,0,0,0,0,0,0,0,0,0,0,0,0,0,0,0,0,0,0,0,0,0,0,0,0,0,0,0,0,0,0,0,0,0,0,0,0,0,0,0,0,0,0,0,0,0,0,0,0,0,0,0,0,0,0,0,0,0,0,0,0,0,0,0,0,0,0,0,,0,0,0,0,0,0,0,0,0,,0,0,0,0,0,0,0,0,0,0,0,0,0,0,0,0,0,,0,0,0,0,0,0,0,0,0,,0,0,0,0,0,0,0,0,0,0,0,0,0,0,0,0,0,,0,0,0,0,0,0,0,0,0,,0,0,0,0,0,0,0,0,0,0,,0,0,0,0,0,0,0,0,0,0,0,0,0,0,0,0,0,0,0,0,0,0,0,0,0,0,0,0,0,0,0,,0,0,0,0,0,0,0,0,0,0,0,0,0,0,0,0,0,0,0,0,0,0,0,0,0,0,0,0,0,0,0,,0,0,0,0,0,0,0,0,0,0,0,0,0,0,0,0,0,0,0,0,0,0,0,0,0,0,0,0,0,0,0,0,0,0,0,0,0,0,0,0,0,0,0,0,0,0,0,0,0,0,0,0,0,0,0,0,0,0,0,0,0,0,0,0,0,0,0,0,0,0,0,0,0,0,0,0,0,0,0,0,0,0,0,0,0,0,0,0,0,0,0,0,0,0,0,0,0,0,0,0,0,0,0,0,0,0,0,0,0,0,0,0,0,0,0,0,0,0,0,0,0,0,0,0,0,0,0,0,0,0,0,0,0,0,0,0,0,0,,0,0,,0,0,,0,0,0,0,0,0,0,0,0,0,0,0,0,0,0,0,0,0,0,0,0,0,0,0,0,0,0,0,5,0,0,0,0,0,0,0,0,0,0,0,0,0,0,0,0,0,0,0,0,0,0,0,60,0,0,0,0,0,0,0,0,0,0,0,0,0,0,0,0,0,0,0,0,0,0,0,64,0,0,0,0,0,0,0,0,0,0,0,0,0,0,0,0,0,0,0,0,0,0,0,0,0,0,0,0,0,0,0,0,0,0,0,0,0,0,0,0,0,0,0,0,0,0,0,0,0,1,0,0,0,0,0,0,0,0,0,0,0,0,0,0,57,0,0,0,0,0,0,0,0,0,0,0,0,0,0,57,0,0,0,0,0,0,0,0,0,0,0,0,0,0,0,0,0,0,0,0,0,0,0,0,0,0,0,0,0,0,0,0,0,0,0,0,0,0,0,0,0,0,0,0,0,0,0,0,0,0,0,0,0,0,0,0,0,0,0,0,0,0,0,0,0,0,0,0,0,0,0,0,0,0,0,0,0,0,0,0,0,0,0,0,0,0,0,0,0,0,0,0,0,0,0,0,0,0,0,0,0,0,0,0,0,0,0,0,0,0,0,0,0,0,0,0,0,0,0,0,0,0,0,0,0,0,0,0,0,0,0,0,0,0,0,0,0,0,0,0,0,0,0,0,0,0,0,0,0,0,0,0,0,0,0,0,0,0,0,0,0,0,0,0,0,0,0,0,0,0,0,0,0,0,0,0,0,0,0,0,0,0,0,0,0,0,0,0,0,0,0,0,0,0,0,0,0,0,0,0,0,0,0,0,0,0,0,0,0,0,0,0,0,0,0,0,0,0,0,0,0,0,0,0,0,0,0,0,0,0,0,0,0,0,0,0,0,0,0,0,0,0,0,0,0,0,0,0,0,0,0,0,0,0,0,0,0,0,0,0,0,0,0,0,0,0,0,0,0,0,0,0,0,0,0,0,0,0,0,0,0,0,0,0,0,0,0,0,0,0,0,0,0,0,0,0,,0,0,0,0,,0,0,0,0,,0,0,0,0,0,0,0,0,0,,,,0,0,0,0,0,0,0,0,0
MI3053600,2022,Litchfield Police Department,Michigan,1379,1,0,0,0,0,0,0,0,0,1,0,0,0,0,1,2,2,0,0,0,0,2,0,0,0,0,0,0,0,0,0,0,0,0,0,0,0,0,0,0,0,0,15617,0,0,0,0,0,0,0,0,104,0,0,0,0,1562,2450,937,0,0,0,0,1640,0,0,0,0,0,0,0,0,0,0,0,0,0,0,0,0,0,0,0,0,15617,0,0,0,0,0,0,0,0,104,0,0,0,0,1562,2450,937,0,0,0,0,1640,0,0,0,0,0,0,0,0,0,0,0,0,0,0,0,0,0,0,0,0,3,0,0,0,0,0,0,1,0,0,0,0,0,0,0,0,0,0,1,0,0,0,0,0,0,0,0,0,0,0,0,0,0,0,0,0,0,0,0,0,0,0,6663,0,0,0,0,0,0,0,0,0,0,0,0,0,0,0,0,0,0,0,0,0,0,0,0,0,0,0,0,0,0,0,0,0,0,0,0,0,0,0,0,0,1041,0,0,0,0,0,0,0,0,0,0,0,0,0,0,0,0,0,0,0,0,0,0,0,0,0,0,0,0,0,0,0,0,0,0,0,0,0,0,0,0,0,0,0,0,0,0,0,0,0,0,0,0,0,0,0,0,0,0,0,0,0,0,0,0,0,0,0,0,0,0,0,0,0,0,0,0,0,0,0,0,0,0,0,0,0,0,0,0,0,0,0,0,0,0,0,0,0,0,0,0,0,0,0,0,0,0,0,0,0,0,0,0,0,0,0,0,0,0,0,0,0,0,0,0,0,0,0,0,0,0,0,0,0,0,0,0,0,0,0,0,0,0,0,0,0,0,0,0,0,0,0,0,0,0,0,0,1,0,0,0,0,0,0,0,0,0,0,0,0,0,0,0,0,0,0,0,0,0,0,0,0,0,0,0,0,0,0,0,0,0,0,0,0,0,0,0,0,0,0,0,0,0,0,0,0,0,0,0,0,0,0,0,0,0,0,0,0,0,0,0,0,0,0,0,0,0,0,0,0,0,0,0,0,0,0,0,0,0,0,0,0,0,0,0,0,0,0,0,0,0,0,0,0,0,0,0,0,,0,0,0,0,0,0,0,0,0,0,0,0,0,0,0,0,0,0,0,0,0,0,0,0,0,0,0,,0,0,0,0,0,0,0,0,0,0,0,0,0,0,0,0,0,0,0,0,0,0,0,0,0,0,0,,0,0,0,0,0,0,0,0,0,0,0,0,0,0,0,0,0,0,0,0,0,0,0,0,0,0,0,0,0,0,0,0,0,0,0,0,0,0,0,0,0,0,0,0,0,0,0,0,0,0,0,0,0,0,0,0,0,0,0,0,0,0,0,0,0,0,0,0,0,0,0,0,0,0,0,0,0,0,0,0,0,0,0,0,0,0,0,0,0,0,0,0,0,0,0,0,0,0,0,0,0,0,0,0,0,0,0,0,0,0,0,0,0,1,0,0,0,0,0,0,0,0,0,0,0,0,0,0,0,0,0,0,0,0,0,0,0,0,0,0,0,0,0,0,0,0,0,0,0,0,0,0,0,0,0,0,0,0,0,0,0,0,0,0,,0,0,0,,0,0,0,,0,0,0,0,0,0,0,0,0,0,0,0,0,0,0,0,0,0,0,0,0,0,0,0,0,0,0,0,0,0,0,0,0,0,0,0,0,0,0,0,0,0,0,0,0,0,0,0,0,0,,0,0,,0,0,,0,0,0,0,0,0,0,0,0,0,0,0,0,0,0,0,0,0,0,0,0,0,0,0,0,0,0,0,2,0,0,0,0,0,0,0,0,0,0,0,0,0,0,0,0,0,0,0,0,0,0,0,45,0,0,0,0,0,0,0,0,0,0,0,0,0,0,0,0,0,0,0,0,0,0,0,45,0,0,0,0,0,0,0,0,0,0,0,0,0,0,0,0,0,0,0,0,0,0,0,0,0,0,0,0,0,0,0,0,0,0,0,0,0,0,0,0,0,0,0,0,0,0,0,0,0,0,0,0,0,0,0,0,0,0,0,0,0,0,0,0,0,0,0,0,0,0,0,0,0,0,0,0,0,0,0,0,0,0,0,0,0,0,0,0,0,0,0,0,0,0,0,0,0,0,0,0,0,0,0,0,0,0,0,0,0,0,0,0,0,0,0,0,0,0,0,0,0,0,0,0,0,0,0,0,0,0,0,0,0,0,0,0,0,0,0,0,0,0,0,0,0,0,0,0,0,0,0,0,0,0,0,0,0,0,0,0,0,0,0,0,0,0,0,0,0,0,0,0,0,0,0,0,0,0,0,0,0,0,0,0,0,0,0,0,0,0,0,0,0,0,0,0,0,0,0,0,0,0,0,0,0,0,0,0,0,0,0,0,0,0,0,0,0,0,0,0,0,0,0,0,0,0,0,0,0,0,0,0,0,0,0,0,0,0,0,0,0,0,0,0,0,0,0,0,0,0,0,0,0,0,,0,0,0,0,0,0,0,0,,0,0,0,0,0,0,0,0,,0,0,0,0,0,0,0,0,0,0,0,0,0,0,0,0,0,0,0,0,0,0,0,0,0,0,0,0,0,0,0,0,0,0,0,0,0,0,0,0,0,0,0,0,0,0,0,0,0,0,0,0,0,0,0,0,0,0,0,0,0,0,0,0,0,0,0,0,0,0,0,0,0,0,0,0,0,0,0,0,0,0,0,0,0,0,0,0,0,0,0,0,0,0,0,0,0,0,0,0,0,0,0,0,0,0,0,0,0,0,0,0,0,0,0,0,0,0,0,0,0,0,0,0,0,0,0,0,0,0,0,0,0,0,0
MI3053600,2021,Litchfield Police Department,Michigan,1324,0,0,2,0,1,0,0,1,0,0,0,0,0,0,0,1,2,0,0,0,0,0,0,0,0,0,0,0,0,0,0,0,0,0,0,0,0,0,0,0,0,0,0,0,0,0,10,0,0,5060,0,0,0,0,0,0,0,0,141,0,0,0,0,0,0,0,0,0,0,0,0,0,0,0,0,0,0,0,0,0,0,0,0,0,0,0,0,0,10,0,0,5060,0,0,0,0,0,0,0,0,141,0,0,0,0,0,0,0,0,0,0,0,0,0,0,0,0,0,0,0,0,0,0,0,0,0,1,0,0,0,0,0,0,0,0,0,0,0,0,0,0,0,0,0,0,0,0,0,0,0,0,0,0,0,0,0,0,0,0,0,0,0,0,0,0,0,0,0,562,0,0,0,0,0,0,0,0,0,0,0,0,0,0,0,0,0,0,0,0,0,0,0,0,0,0,0,0,0,0,0,0,0,0,0,0,0,0,0,0,0,562,0,0,0,0,0,0,0,0,0,0,0,0,0,0,0,0,0,0,0,0,0,0,0,0,0,0,0,0,0,0,0,0,0,0,0,0,0,0,0,0,0,1,0,0,0,0,0,0,0,0,0,0,0,1,1,0,0,0,0,0,0,0,0,0,0,0,0,0,0,0,0,0,0,0,0,0,0,0,0,5622,0,0,0,0,0,0,0,0,0,0,0,112,0,0,0,0,0,0,0,0,0,0,0,0,0,0,0,0,0,0,0,0,0,0,0,0,0,5622,0,0,0,0,0,0,0,0,0,0,0,112,0,0,0,0,0,0,0,0,0,0,0,0,0,0,0,0,0,0,0,0,0,0,0,0,0,0,0,0,0,0,0,0,0,0,0,0,0,0,0,0,0,0,0,0,0,0,0,0,0,0,0,0,0,0,0,0,0,0,0,0,0,0,0,0,0,0,0,0,0,0,0,0,0,0,0,0,0,0,0,0,0,0,0,0,0,0,0,0,0,0,0,0,0,0,0,0,0,0,0,0,0,0,0,0,0,0,0,0,0,0,0,0,0,0,0,0,0,0,0,0,0,0,0,0,0,0,0,,0,0,0,0,0,0,0,0,0,0,0,0,0,0,0,0,0,0,0,0,0,0,0,0,0,0,0,,0,0,0,0,0,0,0,0,0,0,0,0,0,0,0,0,0,0,0,0,0,0,0,0,0,0,0,,0,0,0,0,0,0,0,0,0,0,0,0,0,0,0,0,0,0,0,0,0,0,0,0,0,0,0,0,0,0,0,0,0,0,0,0,0,0,0,0,0,0,0,0,0,0,0,0,0,0,0,0,0,0,0,0,0,0,0,0,0,0,0,0,0,0,0,0,0,0,0,0,0,0,0,0,0,0,0,0,0,0,0,0,0,0,0,0,0,0,0,0,0,0,0,0,0,0,0,0,0,0,0,0,0,0,0,0,0,0,0,0,0,0,0,0,0,0,0,0,0,0,0,0,0,0,0,0,0,0,0,0,0,0,0,0,0,0,0,0,0,0,0,0,0,0,0,0,0,0,0,0,0,0,0,0,0,0,0,0,0,0,0,0,0,0,0,0,0,0,0,0,0,0,0,0,0,0,0,0,0,0,0,0,0,0,0,0,0,0,0,0,0,0,0,0,0,0,0,0,0,0,0,0,0,,0,,0,,0,0,0,0,0,0,0,0,0,0,0,0,0,,0,0,,0,0,,0,0,0,0,0,0,0,0,0,0,0,0,0,0,,,,0,0,1,0,0,0,0,0,0,0,0,1,0,0,0,0,0,0,0,0,0,0,0,0,0,0,900,0,0,0,0,0,0,0,0,66,0,0,0,0,0,0,0,0,0,0,0,0,0,0,900,0,0,0,0,0,0,0,0,66,0,0,0,0,0,0,0,0,0,0,0,0,0,0,0,0,0,0,0,0,0,0,0,0,0,0,0,0,0,0,0,0,0,0,0,0,0,0,0,0,0,0,0,0,0,0,0,0,0,0,0,0,0,0,0,0,0,0,0,0,0,0,0,0,0,0,0,0,0,0,0,0,0,0,0,0,0,0,0,0,0,0,0,0,0,0,0,0,0,0,0,0,0,0,0,0,0,0,0,0,0,0,0,0,0,0,0,0,0,0,0,0,0,0,0,0,0,0,0,0,0,0,0,0,0,0,0,0,0,0,0,0,0,0,0,0,0,0,0,0,0,0,0,0,0,0,0,0,0,0,0,0,0,0,0,0,0,0,0,0,0,0,0,0,0,0,0,0,0,0,0,0,0,0,0,0,0,0,0,0,0,0,0,0,0,0,0,0,0,0,0,0,0,0,0,0,0,0,0,0,0,0,0,0,0,0,0,0,0,0,0,0,0,0,0,0,0,0,0,0,0,0,0,0,0,0,0,0,0,0,0,0,0,0,0,0,0,0,0,0,0,0,0,0,0,0,0,0,0,0,0,0,0,0,0,0,0,0,0,0,0,0,0,0,0,0,0,0,0,0,0,0,0,0,0,0,0,0,0,0,0,0,0,0,0,0,0,0,0,0,0,0,0,0,0,0,0,0,0,0,0,0,0,0,0,0,0,0,0,0,0,0,0,0,0,0,0,0,0,0,0,0,0,0,0,0,0,0,0,0,0,0,0,0,0,0,0,0,0,0,0,0,0,0,0,0,0,0,0,0,0,0,0,0,0,0,0,0,0,0,0,0,0,0,0,0,0,0,0,0,0,0,0,0,0,0,,0,0,0,0,,0,0,0,0,,0,0,0,0,0,0,0,0,0,,,,0,0,0,0,0,0,0,0,0
MI3053600,2020,Litchfield Police Department,Michigan,1327,1,0,1,0,0,0,0,1,0,2,0,0,0,0,0,2,1,0,0,0,0,1,0,0,0,0,0,0,1,0,0,0,0,0,0,0,0,0,0,0,0,0,11773,0,7,0,0,0,0,2355,0,1766,0,0,0,0,0,235,0,0,0,0,0,948,0,0,0,0,0,0,706,0,0,0,0,0,0,0,0,0,0,0,0,0,11773,0,7,0,0,0,0,2355,0,1766,0,0,0,0,0,235,0,0,0,0,0,948,0,0,0,0,0,0,706,0,0,0,0,0,0,0,0,0,0,0,0,0,1,0,0,0,0,0,0,1,0,0,0,0,0,0,1,0,0,0,1,0,0,0,0,0,0,0,0,0,0,0,0,0,0,0,0,0,0,0,0,0,0,0,235,0,0,0,0,0,0,0,0,0,0,0,0,0,118,0,0,0,441,0,0,0,0,0,0,0,0,0,0,0,0,0,0,0,0,0,0,0,0,0,0,0,235,0,0,0,0,0,0,0,0,0,0,0,0,0,118,0,0,0,441,0,0,0,0,0,0,0,0,0,0,0,0,0,0,0,0,0,0,0,0,0,0,0,0,0,1,0,0,0,0,0,0,0,0,0,0,0,0,0,0,0,0,0,0,0,0,0,0,0,0,0,1,0,0,0,0,0,0,0,0,0,0,0,7,0,0,0,0,0,0,0,0,0,0,0,0,0,0,0,0,0,0,0,0,0,0,0,0,0,706,0,0,0,0,0,0,0,0,0,0,0,7,0,0,0,0,0,0,0,0,0,0,0,0,0,0,0,0,0,0,0,0,0,0,0,0,0,706,0,0,0,0,0,0,0,0,0,0,1,0,0,0,0,0,0,0,0,0,0,0,0,0,0,0,0,0,0,0,0,0,0,0,0,0,0,0,0,0,0,0,0,0,0,0,0,0,0,0,0,0,0,0,0,0,0,0,0,0,0,0,0,0,0,0,0,0,0,0,0,0,0,0,0,0,0,0,0,0,0,0,0,0,0,0,0,0,0,0,0,0,0,0,0,0,0,0,0,0,0,0,0,0,0,0,0,0,0,0,0,0,0,0,0,0,0,0,0,0,0,,0,0,0,0,0,0,0,0,0,0,0,0,0,0,0,0,0,0,0,0,0,0,0,0,0,0,0,,0,0,0,0,0,0,0,0,0,0,0,0,0,0,0,0,0,0,0,0,0,0,0,0,0,0,0,,0,0,0,0,0,0,0,0,0,0,0,0,0,0,0,0,0,0,0,0,0,0,0,0,0,0,0,0,0,0,0,0,0,0,0,0,0,0,0,0,0,0,0,0,0,0,0,0,0,0,0,0,0,0,0,0,0,0,0,0,0,0,0,0,0,0,0,0,0,0,0,0,0,0,0,0,0,0,0,0,0,0,0,0,0,0,0,0,0,0,0,0,0,0,0,0,0,0,0,0,0,0,0,1,0,0,0,0,0,0,0,0,0,0,0,0,0,0,0,0,0,0,0,0,0,0,0,0,0,0,0,0,0,0,0,0,0,0,0,0,0,0,0,,0,0,,0,0,,0,0,0,0,,0,0,0,,0,0,0,,0,0,0,0,0,0,0,0,0,0,0,0,0,0,0,0,0,0,0,0,0,0,0,0,0,0,0,0,0,0,0,0,0,0,0,0,0,0,0,0,0,0,0,0,0,0,0,0,0,0,,0,0,,0,0,,0,0,0,0,0,0,0,0,0,0,0,0,0,0,0,0,0,0,1,3,0,0,0,0,0,0,0,0,1,0,0,0,1,0,0,0,0,0,0,0,0,0,589,490,0,0,0,0,0,0,0,0,41,0,0,0,706,0,0,0,0,0,0,0,0,0,589,235,0,0,0,0,0,0,0,0,41,0,0,0,706,0,0,0,0,0,0,0,0,0,0,0,0,0,0,0,0,0,0,0,0,0,0,0,0,0,0,0,0,0,0,0,0,0,0,0,0,0,0,0,0,0,0,0,0,0,0,0,0,0,0,0,0,0,0,0,0,0,0,0,0,0,0,0,0,0,0,0,0,0,0,0,0,0,0,0,0,0,0,0,0,0,0,0,0,0,0,0,0,0,0,0,0,0,0,0,0,0,0,0,0,0,0,0,0,0,0,0,0,0,0,0,0,0,0,0,0,0,0,0,0,0,0,0,0,0,0,0,0,0,0,0,0,0,0,0,0,0,0,0,0,0,0,0,0,0,0,0,0,0,0,0,0,0,0,0,0,0,0,0,0,0,0,0,0,0,0,0,0,0,0,0,0,0,0,0,0,0,0,0,0,0,0,0,0,0,0,0,0,0,0,0,0,0,0,0,0,0,0,0,0,0,0,0,0,0,0,0,0,0,0,0,0,0,0,0,0,0,0,0,0,0,0,0,0,0,0,0,0,0,0,0,0,0,0,0,0,0,0,0,0,0,0,0,0,0,0,0,0,0,0,0,0,0,0,0,0,0,0,0,0,0,0,0,0,0,0,0,0,0,0,0,0,0,0,0,0,0,0,0,0,0,0,0,0,0,0,0,0,0,0,0,0,0,0,0,0,0,0,0,0,0,0,0,0,0,0,0,0,0,0,0,0,0,0,0,0,0,0,0,0,0,0,0,0,0,0,0,0,0,0,0,0,0,0,0,0,0,0,0,0,0,0,0,0,0,0,0,0,0,0,0,0,0,0,0,0,0,0,0,0,0,0,0,0,0,0,0,0,0,0,0,0,0,0,0,0,0,0,0,0,0,0,0,0,0,0,0,0,0,0,0,0,,,,0,0,0,0,0,0,,,
MI3053600,2019,Litchfield Police Department,Michigan,1333,0,0,1,0,1,1,0,0,0,0,0,0,0,1,0,0,0,1,1,0,0,0,0,0,0,0,0,0,0,0,0,0,0,0,0,0,0,0,0,0,0,0,0,0,6,0,417,179,0,0,0,0,0,0,0,23906,0,0,0,86,143,0,0,0,0,0,0,0,0,0,0,0,0,0,0,0,0,0,0,0,0,0,0,0,0,0,6,0,417,179,0,0,0,0,0,0,0,23906,0,0,0,86,143,0,0,0,0,0,0,0,0,0,0,0,0,0,0,0,0,0,0,0,0,0,0,0,3,1,0,0,0,0,0,1,0,0,0,0,0,0,0,0,0,0,0,0,0,2,0,0,0,1,0,0,0,0,0,0,0,0,0,0,0,0,0,0,0,0,4751,60,0,0,0,0,0,119,0,0,0,0,0,0,0,0,0,0,0,0,0,2384,0,0,0,244,0,0,0,0,0,0,0,0,0,0,0,0,0,0,0,0,4751,60,0,0,0,0,0,119,0,0,0,0,0,0,0,0,0,0,0,0,0,2384,0,0,0,244,0,0,0,0,0,0,0,0,0,0,0,0,0,0,0,0,0,0,1,0,0,0,0,0,0,0,0,0,0,0,0,0,0,0,0,0,0,0,0,0,0,0,0,0,0,0,0,0,0,0,0,0,0,0,0,0,6,0,0,0,0,0,0,0,0,0,0,0,0,0,0,0,0,0,0,0,0,0,0,0,0,0,0,0,0,0,0,0,0,0,0,0,0,0,6,0,0,0,0,0,0,0,0,0,0,0,0,0,0,0,0,0,0,0,0,0,0,0,0,0,0,0,0,0,0,0,0,0,0,0,0,0,0,0,0,0,0,0,0,0,0,0,0,0,0,0,0,0,0,0,0,0,0,0,0,0,0,0,0,0,0,0,0,0,0,0,0,0,0,0,0,0,0,0,0,0,0,0,0,0,0,0,0,0,0,0,0,0,0,0,0,0,0,0,0,0,0,0,0,0,0,0,0,0,0,0,0,0,0,0,0,0,0,0,0,0,0,0,0,0,0,0,0,0,0,0,0,0,0,0,0,0,0,0,0,0,0,0,0,0,0,0,,0,0,0,0,0,0,0,0,0,0,0,0,0,0,0,0,0,0,0,0,0,0,0,0,0,0,0,,0,0,0,0,0,0,0,0,0,0,0,0,0,0,0,0,0,0,0,0,0,0,0,0,0,0,0,,0,0,0,0,0,0,0,0,0,0,0,0,0,0,0,0,0,0,0,0,0,0,0,0,0,0,0,0,0,0,0,0,0,0,0,0,0,0,0,0,0,0,0,0,0,0,0,0,0,0,0,0,0,0,0,0,0,0,0,0,0,0,0,0,0,0,0,0,0,0,0,0,0,0,0,0,0,0,0,0,0,0,0,0,0,0,0,0,0,0,0,0,0,0,0,0,0,0,0,0,0,0,0,0,0,0,0,0,0,0,0,0,0,0,0,0,0,0,0,0,0,0,0,0,0,0,0,0,0,0,0,0,0,0,0,0,0,0,0,0,0,0,0,0,0,0,0,0,0,0,0,0,0,0,,0,0,0,,0,0,0,,0,0,0,0,0,0,0,0,0,0,0,0,0,0,0,0,0,0,0,0,0,0,0,0,0,0,0,0,0,0,0,0,0,0,0,0,0,0,0,0,0,0,0,0,0,0,0,0,0,0,0,0,0,0,0,0,0,0,0,0,0,0,0,0,0,0,0,0,0,0,0,0,0,0,0,1,0,0,0,0,0,0,0,0,0,3,0,0,0,0,0,0,0,0,0,0,0,0,0,1311,0,0,0,0,0,0,0,0,0,37,0,0,0,0,0,0,0,0,0,0,0,0,0,1311,0,0,0,0,0,0,0,0,0,42,0,0,0,0,0,0,0,0,0,0,0,0,0,0,0,0,0,0,0,0,0,0,0,0,0,0,0,0,0,0,0,0,0,0,0,0,0,0,0,0,0,0,0,0,0,0,0,0,0,0,0,0,0,0,0,0,0,0,0,0,0,0,0,0,0,0,0,0,0,0,0,0,0,0,0,0,0,0,0,0,0,0,0,0,0,0,0,0,0,0,0,0,0,0,0,0,0,0,0,0,0,0,0,0,0,0,0,0,0,0,0,0,0,0,0,0,0,0,0,0,0,0,0,0,0,0,0,0,0,0,0,0,0,0,0,0,0,0,0,0,0,0,0,0,0,0,0,0,0,0,0,0,0,0,0,0,0,0,0,0,0,0,0,0,0,0,0,0,0,0,0,0,0,0,0,0,0,0,0,0,0,0,0,0,0,0,0,0,0,0,0,0,0,0,0,0,0,0,0,0,0,0,0,0,0,0,0,0,0,0,0,0,0,0,0,0,0,0,0,0,0,0,0,0,0,0,0,0,0,0,0,0,0,0,0,0,0,0,0,0,0,0,0,0,0,0,0,0,0,0,0,0,0,0,,0,0,0,0,0,0,0,0,,0,0,0,0,0,0,0,0,,0,0,0,0,0,0,0,0,0,0,0,0,0,0,0,0,0,0,0,0,0,0,0,0,0,0,0,0,0,0,0,0,0,0,0,0,0,0,0,0,0,0,0,0,0,0,0,0,0,0,0,0,0,0,0,0,0,0,0,0,0,0,0,0,0,0,0,0,0,0,0,0,0,0,0,0,0,0,0,0,0,0,0,0,0,0,0,0,0,0,0,0,0,0,0,0,0,0,0,0,0,0,0,,0,0,,0,,0,0,,0,,0,0,,0,0,0,0,0,0,0,0,0,0,0,0,0,0,0,0,0,0
MI3053600,2018,Litchfield Police Department,Michigan,1336,1,0,0,1,1,0,0,3,0,2,0,0,1,0,0,0,1,1,0,0,0,0,0,0,0,0,0,0,0,0,0,0,0,0,0,0,0,0,0,0,0,0,607,0,0,243,30,0,0,926,0,437,0,0,147,0,0,0,121,27,0,0,0,0,0,0,0,0,0,0,0,0,0,0,0,0,0,0,0,0,0,0,0,0,607,0,0,243,30,0,0,546,0,437,0,0,147,0,0,0,121,27,0,0,0,0,0,0,0,0,0,0,0,0,0,0,0,0,0,0,0,0,0,0,0,0,4,0,0,0,0,0,0,1,0,0,0,0,0,1,0,0,0,0,0,0,0,0,0,0,0,1,0,0,0,0,0,0,0,0,0,0,0,0,0,0,0,0,526,0,0,0,0,0,0,0,0,0,0,0,0,12,0,0,0,0,0,0,0,0,0,0,0,73,0,0,0,0,0,0,0,0,0,0,0,0,0,0,0,0,607,0,0,0,0,0,0,0,0,0,0,0,0,12,0,0,0,0,0,0,0,0,0,0,0,73,0,0,0,0,0,0,0,0,0,0,0,0,0,0,0,0,0,0,0,0,0,0,0,0,1,0,0,0,0,0,0,0,0,0,0,0,0,0,0,0,0,0,0,0,0,0,0,0,0,0,0,0,0,0,0,0,0,0,0,0,0,0,0,0,0,0,0,0,0,0,0,0,0,0,0,0,0,0,0,0,0,0,0,0,0,0,0,0,0,0,0,0,0,0,0,0,0,0,0,0,0,0,0,0,0,0,0,0,0,0,0,0,0,0,0,0,0,0,0,0,0,0,0,0,0,0,0,0,0,0,0,0,0,0,0,0,0,0,0,0,0,0,0,0,0,0,0,0,0,0,0,0,0,0,0,0,0,0,0,0,0,0,0,0,0,0,0,0,0,0,0,0,0,0,0,0,0,0,0,0,0,0,0,0,0,0,0,0,0,0,0,0,0,0,0,0,0,0,0,0,0,0,0,0,0,0,0,0,0,0,0,0,0,0,0,0,0,0,0,0,0,0,0,0,0,0,0,0,0,0,0,0,,0,0,0,0,0,0,0,0,0,0,0,0,0,0,0,0,0,0,0,0,0,0,0,0,0,0,0,,0,0,0,0,0,0,0,0,0,0,0,0,0,0,0,0,0,0,0,0,0,0,0,0,0,0,0,,0,0,0,0,0,0,0,0,0,0,0,0,0,0,0,0,0,0,0,0,0,0,0,0,0,0,0,0,0,0,0,0,0,0,0,0,0,0,0,0,0,0,0,0,0,0,0,0,0,0,0,0,0,0,0,0,0,0,0,0,0,0,0,0,0,0,0,0,0,0,0,0,0,0,0,0,0,0,0,0,0,0,0,0,0,0,0,0,0,0,0,0,0,0,0,0,0,0,0,0,0,0,0,0,0,0,0,0,0,0,0,0,0,0,0,0,0,0,0,0,0,0,0,0,0,0,0,0,0,0,0,0,0,0,0,0,0,0,0,0,0,0,0,0,0,0,0,0,0,0,0,0,0,0,0,0,0,0,0,0,0,0,0,0,,0,0,0,,0,0,0,,0,0,0,0,0,0,0,0,0,0,0,0,0,0,0,0,0,0,0,0,0,0,0,0,0,0,,,,,,,,0,,0,,0,0,0,0,0,0,0,0,0,0,0,0,0,,0,0,,0,0,,0,0,0,0,0,0,0,0,0,0,0,0,0,0,0,0,0,0,0,1,0,0,0,0,0,0,0,0,1,0,0,0,0,0,0,0,0,0,0,0,0,0,0,24,0,0,0,0,0,0,0,0,3762,0,0,0,0,0,0,0,0,0,0,0,0,0,0,24,0,0,0,0,0,0,0,0,3762,0,0,0,0,0,0,0,0,0,0,0,0,0,0,0,0,0,0,0,0,0,0,0,0,0,0,0,0,0,0,0,0,0,0,0,0,0,0,0,0,0,0,0,0,0,0,0,0,0,0,0,0,0,0,0,0,0,0,0,0,0,0,0,0,0,0,0,0,0,0,0,0,0,0,0,0,0,0,0,0,0,0,0,0,0,0,0,0,0,0,0,0,0,1,0,0,0,0,0,0,0,0,0,0,0,0,0,0,0,0,0,0,0,0,24,0,0,0,0,0,0,0,0,0,0,0,0,0,0,0,0,0,0,0,0,24,0,0,0,0,0,0,0,0,0,0,0,0,0,0,0,0,0,0,0,0,0,0,0,0,0,0,0,0,0,0,0,0,0,0,0,0,0,0,0,0,0,0,0,0,0,0,0,0,0,0,0,0,0,0,0,0,0,0,0,0,0,0,0,0,0,0,0,0,0,0,0,0,0,0,0,0,0,0,0,0,0,0,0,0,0,0,0,0,0,0,0,0,0,0,0,0,0,0,0,0,0,0,0,0,0,0,0,0,0,0,0,0,0,0,0,0,0,0,,0,0,0,0,0,0,0,0,,0,0,0,0,0,0,0,0,,0,0,0,0,0,0,0,0,0,0,0,0,0,0,0,0,0,0,0,0,0,0,0,0,0,0,0,0,0,0,0,0,0,0,0,0,0,0,0,0,0,0,0,0,0,0,0,0,0,0,0,0,0,0,0,0,0,0,0,0,0,0,0,0,0,0,0,0,0,0,0,0,0,0,0,0,0,0,0,0,0,0,0,0,0,0,0,0,0,0,0,0,0,0,0,0,0,0,0,0,0,0,0,0,0,0,0,0,0,0,0,0,0,0,0,0,0,0,0,0,0,0,0,0,0,0,0,0,0,0,0,0,,,
MI3053600,2017,Litchfield Police Department,Michigan,1343,0,0,1,0,1,0,0,2,0,1,0,0,0,0,0,0,0,1,0,1,0,0,0,1,2,0,0,0,0,0,0,0,0,0,0,0,0,0,2,0,0,0,0,0,533,0,62,0,0,379,0,60,0,0,0,0,0,0,0,124,0,2486,0,0,0,311,435,0,0,0,0,0,0,0,0,0,0,0,0,0,764,0,0,0,0,0,533,0,62,0,0,379,0,60,0,0,0,0,0,0,0,124,0,2486,0,0,0,311,435,0,0,0,0,0,0,0,0,0,0,0,0,0,764,0,0,0,2,0,0,1,0,0,0,3,0,0,0,0,0,1,0,0,1,0,1,0,0,0,0,0,0,0,0,0,0,0,0,0,0,0,0,0,0,0,0,0,0,0,622,0,0,37,0,0,0,75,0,0,0,0,0,62,0,0,249,0,25,0,0,0,0,0,0,0,0,0,0,0,0,0,0,0,0,0,0,0,0,0,0,0,622,0,0,37,0,0,0,75,0,0,0,0,0,62,0,0,249,0,25,0,0,0,0,0,0,0,0,0,0,0,0,0,0,0,0,0,0,0,0,0,0,0,0,0,0,0,0,0,0,0,0,0,0,0,0,0,0,0,0,0,0,0,0,0,0,0,0,0,0,0,0,0,0,0,0,1,0,0,0,0,0,0,0,0,0,0,0,0,0,0,0,0,0,0,0,0,0,0,0,0,0,0,0,0,0,0,0,0,0,0,0,0,0,186,0,0,0,0,0,0,0,0,0,0,0,0,0,0,0,0,0,0,0,0,0,0,0,0,0,0,0,0,0,0,0,0,0,0,0,0,0,186,0,0,0,0,0,1,0,0,0,0,0,0,0,0,0,0,0,0,0,0,0,0,0,0,0,0,0,0,0,0,0,0,0,0,0,0,0,0,0,0,0,0,0,0,0,0,0,0,0,0,0,0,0,0,0,0,0,0,0,0,0,0,0,0,0,0,0,0,0,0,0,0,0,0,0,0,0,0,0,0,0,0,0,0,0,0,0,0,0,0,0,0,0,0,0,0,0,0,0,0,0,0,0,0,0,0,0,0,0,0,0,0,0,0,0,0,,0,0,0,0,0,0,0,0,0,0,0,0,0,0,0,0,0,0,0,0,0,0,0,0,0,0,0,,0,0,0,0,0,0,0,0,0,0,0,0,0,0,0,0,0,0,0,0,0,0,0,0,0,0,0,,0,0,0,0,0,0,0,0,0,0,,0,0,0,0,0,0,0,0,0,0,0,0,0,0,0,0,0,0,0,0,0,0,0,0,0,0,0,0,0,0,0,,0,0,0,0,0,0,0,0,0,0,0,0,0,0,0,0,0,0,0,0,0,0,0,0,0,0,0,0,0,0,0,,0,0,0,0,0,0,0,0,0,0,0,0,0,0,0,0,0,0,0,0,0,0,0,0,0,0,0,0,1,0,0,0,0,0,0,0,0,0,0,0,0,0,0,0,0,0,0,0,0,0,0,0,0,0,0,0,0,0,0,0,0,0,0,0,0,0,0,0,0,0,0,0,0,0,0,0,0,0,0,0,0,0,0,0,0,0,0,0,0,0,0,0,0,0,0,0,0,0,0,0,0,0,0,0,0,0,0,0,0,0,0,0,0,0,0,0,0,0,0,0,0,0,0,0,0,0,0,0,0,0,0,0,0,0,0,0,0,0,0,0,0,0,0,0,0,0,0,0,0,0,0,0,0,0,0,0,0,0,0,0,0,0,0,0,0,0,1,0,1,0,0,0,0,0,0,1,0,0,0,0,0,0,0,0,0,0,0,0,0,0,2,0,311,0,0,0,0,0,0,0,0,0,0,0,0,0,0,0,0,0,0,0,0,0,2,0,311,0,0,0,0,0,0,0,0,0,0,0,0,0,0,0,0,0,0,0,0,0,0,0,0,0,0,0,1,0,0,1492,0,0,1492,0,0,0,0,0,0,0,0,0,0,0,0,0,0,0,0,0,0,0,0,0,0,0,0,0,0,0,0,0,0,0,0,0,0,0,0,0,0,0,0,0,0,0,0,0,0,0,0,0,0,0,0,0,0,0,0,0,0,0,0,0,0,0,0,0,0,0,0,0,0,0,0,0,0,0,0,0,0,0,0,0,0,0,0,0,0,0,0,0,0,0,0,0,0,0,0,0,0,0,0,0,0,0,0,0,0,0,0,0,0,0,0,0,0,0,0,0,0,0,0,0,0,0,0,0,0,0,0,0,0,0,0,0,0,0,0,0,0,0,0,0,0,0,0,0,0,0,0,0,0,0,0,0,0,0,0,0,0,0,0,0,0,0,0,0,0,0,0,0,0,0,0,0,0,0,0,0,0,0,0,0,0,0,0,0,0,0,0,0,0,0,0,0,0,0,0,0,0,0,0,0,0,0,0,0,0,0,0,0,0,0,0,0,0,0,0,0,0,0,0,0,0,0,0,0,,0,,0,0,0,0,0,0,,0,,0,0,0,0,0,0,,0,,0,0,0,0,0,0,0,0,0,0,0,0,0,0,0,0,0,0,0,0,0,0,0,0,0,0,0,0,0,0,0,0,0,0,0,0,0,0,0,0,0,0,0,0,0,0,0,0,0,0,0,0,0,0,0,0,0,0,0,0,0,0,0,0,0,0,0,0,0,0,0,0,0,0,0,0,0,0,0,0,0,0,0,0,0,0,0,0,0,0,0,0,0,0,0,0,0,0,0,0,0,0,0,,,0,0,0,,,0,0,0,,,0,0,0,,,,,,,,,,0,0,0,,,
MI3053600,2016,Litchfield Police Department,Michigan,1343,1,0,5,0,0,1,0,4,0,0,0,0,2,0,0,0,1,1,1,0,1,0,0,1,0,0,0,0,0,0,0,0,0,1,0,0,0,0,0,0,0,0,2539,0,33,0,0,1270,0,1721,0,0,0,0,4950,0,0,0,95,10,152,0,0,0,0,25,0,0,0,0,0,0,0,0,0,254,0,0,0,0,0,0,0,0,2539,0,25,0,0,1270,0,213,0,0,0,0,4950,0,0,0,95,10,152,0,0,0,0,25,0,0,0,0,0,0,0,0,0,254,0,0,0,0,0,0,0,0,1,0,0,1,0,0,0,4,0,0,0,0,0,0,0,0,0,0,0,0,0,0,0,0,0,1,0,0,0,0,0,0,0,0,0,0,0,0,0,0,0,0,38,0,0,7617,0,0,0,135,0,0,0,0,0,0,0,0,0,0,0,0,0,0,0,0,0,190,0,0,0,0,0,0,0,0,0,0,0,0,0,0,0,0,38,0,0,7617,0,0,0,143,0,0,0,0,0,0,0,0,0,0,0,0,0,0,0,0,0,190,0,0,0,0,0,0,0,0,0,0,0,0,0,0,0,0,1,0,1,0,0,1,1,0,0,0,0,0,0,0,0,1,1,0,0,0,0,0,0,0,0,0,0,0,0,0,0,0,0,0,0,0,0,0,2539,0,19,0,0,1270,298,0,0,0,0,0,0,0,0,152,10,0,0,0,0,0,0,0,0,0,0,0,0,0,0,0,0,0,0,0,0,0,2539,0,19,0,0,1270,298,0,0,0,0,0,0,0,0,152,10,0,0,0,0,0,0,0,0,0,0,0,0,0,0,0,0,0,0,0,0,0,0,1,0,0,0,0,0,0,0,0,0,0,0,0,0,0,0,0,0,0,0,0,0,0,0,0,0,0,0,0,0,0,0,0,0,0,0,0,0,0,0,0,0,0,0,0,0,0,0,0,0,0,0,0,0,0,0,0,0,0,0,0,0,0,0,0,0,0,0,0,0,0,0,0,0,0,0,0,0,0,0,0,0,0,0,0,0,0,0,0,0,0,0,0,0,0,0,0,0,0,0,0,,0,0,,0,0,0,0,0,0,0,0,0,0,0,0,0,0,0,0,0,0,0,0,0,0,0,0,,0,0,,0,0,0,0,0,0,0,0,0,0,0,0,0,0,0,0,0,0,0,0,0,0,0,0,,0,0,,0,0,0,0,0,0,0,0,0,0,0,0,0,0,0,0,0,0,0,0,0,0,0,0,0,0,0,0,0,0,0,0,0,0,0,0,0,0,0,0,0,0,0,0,0,0,0,0,0,0,0,0,0,0,0,0,0,0,0,0,0,0,0,0,0,0,0,0,0,0,0,0,0,0,0,0,0,0,0,0,0,0,0,0,0,0,0,0,0,0,0,0,0,0,0,0,0,0,0,0,0,0,0,0,0,0,0,0,0,0,1,0,0,0,0,0,0,0,0,0,0,0,0,0,0,0,0,0,0,0,0,0,0,0,0,0,0,0,0,0,0,0,0,0,0,0,0,0,0,0,0,0,0,0,0,0,0,0,0,0,0,0,0,0,0,0,0,0,0,0,0,0,0,0,0,0,0,0,0,0,0,0,0,0,0,0,0,0,0,0,0,0,0,0,0,0,0,0,0,0,0,0,0,0,0,0,0,0,0,0,0,0,0,0,0,0,0,0,0,0,0,,0,0,,0,0,,0,0,0,0,0,0,0,0,0,0,0,0,0,0,0,0,0,0,1,0,0,0,0,0,0,0,0,2,1,2,0,0,0,0,0,0,0,0,0,0,0,0,13,0,0,0,0,0,0,0,0,46,0,0,0,0,0,0,0,0,0,0,0,0,0,0,13,0,0,0,0,0,0,0,0,46,0,0,0,0,0,0,0,0,0,0,0,0,0,0,0,0,0,0,0,0,0,0,0,0,0,0,0,0,0,0,0,0,0,0,0,0,0,0,0,0,0,0,0,0,0,0,0,0,0,0,0,0,0,0,0,0,0,0,0,0,0,0,0,0,0,0,0,0,0,0,0,0,0,0,0,0,0,0,0,0,0,0,0,0,0,0,0,0,0,0,0,0,0,0,0,0,0,0,0,0,0,0,0,0,0,0,0,0,0,0,0,0,0,0,0,0,0,0,0,0,0,0,0,0,0,0,0,0,0,0,0,0,0,0,0,0,0,0,0,0,0,0,0,0,0,0,0,0,0,0,0,0,0,0,0,0,0,0,0,0,0,0,0,0,0,0,0,0,0,0,0,0,0,0,0,0,0,0,0,0,0,0,0,0,0,0,0,0,0,0,0,0,0,0,0,0,0,0,0,0,0,0,0,0,0,0,0,0,0,0,0,0,0,0,0,0,0,0,0,0,0,0,0,0,0,0,0,0,0,0,0,0,0,0,0,0,0,0,0,0,0,0,0,0,0,0,0,0,0,0,0,0,,0,0,0,0,0,0,0,0,,0,0,0,0,0,0,0,0,,0,0,0,0,0,0,0,0,0,0,0,0,0,0,0,0,0,0,0,0,0,0,0,0,0,0,0,0,0,0,0,0,0,0,0,0,0,0,0,0,0,0,0,0,0,,,0,0,0,0,0,0,0,0,0,,,0,0,0,0,0,0,0,0,0,,,0,0,0,0,0,0,0,0,0,0,0,0,0,0,0,0,0,0,0,0,0,0,0,0,0,0,0,0,0,0,0,0,0,0,0,0,0,0,0,0,0,0,0,0,0,0,0,0,0,0,,,,,,,0,0,0,0,0,0,,,,,,
MI3053600,2015,Litchfield Police Department,Michigan,1340,0,0,5,0,0,1,0,8,0,3,0,2,0,0,0,1,1,1,0,0,3,0,0,1,1,0,0,0,0,0,2,0,0,3,0,0,0,0,0,0,0,0,0,0,22,0,0,321,0,686,0,328,0,64,0,0,0,3214,10285,35,0,0,0,0,0,64,514,0,0,0,0,0,2176,0,0,257,0,0,0,0,0,0,0,0,0,0,19,0,0,321,0,595,0,328,0,64,0,0,0,3214,10285,35,0,0,0,0,0,64,514,0,0,0,0,0,2176,0,0,257,0,0,0,0,0,0,0,0,4,0,0,0,0,0,0,0,0,0,0,0,0,2,0,0,0,1,0,0,0,0,0,0,1,0,0,0,0,0,0,0,0,0,0,0,0,0,0,0,0,0,557,0,0,0,0,0,0,0,0,0,0,0,0,109,0,0,0,6,0,0,0,0,0,0,1543,0,0,0,0,0,0,0,0,0,0,0,0,0,0,0,0,0,386,0,0,0,0,0,0,0,0,0,0,0,0,109,0,0,0,6,0,0,0,0,0,0,1543,0,0,0,0,0,0,0,0,0,0,0,0,0,0,0,0,0,0,0,0,0,0,0,0,0,1,0,0,0,0,0,0,0,1,0,0,0,2,0,0,0,0,0,0,0,0,0,0,0,0,0,0,0,0,0,0,0,0,0,0,0,0,0,0,0,0,0,0,0,0,0,35,0,0,0,0,0,0,0,0,0,0,0,0,0,0,0,0,0,0,0,0,0,0,0,0,0,0,0,0,0,0,0,0,0,0,0,0,0,35,0,0,0,0,0,0,0,0,0,0,0,0,0,0,0,0,0,0,0,0,0,0,0,0,0,0,0,0,0,0,0,0,0,0,0,0,0,0,0,0,0,0,0,0,0,0,0,0,0,0,0,0,0,0,0,0,0,0,0,0,0,0,0,0,0,0,0,0,0,0,0,0,0,0,0,0,0,0,0,0,0,0,0,0,0,0,0,0,0,0,0,0,0,0,0,0,0,0,0,0,0,0,0,0,0,0,0,0,0,0,0,0,0,0,0,0,0,0,0,0,0,0,0,0,0,0,0,0,0,0,0,0,0,0,0,0,0,0,0,0,0,0,0,0,0,0,0,0,0,0,0,0,0,0,0,0,0,0,0,0,0,0,0,0,0,0,0,0,0,0,0,0,0,0,0,0,0,0,0,0,0,0,0,0,0,0,0,0,0,0,0,0,0,0,0,0,0,0,0,0,0,0,0,0,0,0,0,0,0,0,0,0,0,0,0,0,0,0,0,0,0,0,0,0,0,0,0,0,0,0,0,0,0,0,0,0,0,0,0,0,0,0,0,0,0,0,0,0,0,0,0,0,0,0,0,0,0,0,0,0,0,0,0,0,0,0,0,0,0,0,0,0,0,0,0,0,0,0,0,0,0,0,0,0,0,0,0,0,0,0,0,0,0,0,0,0,0,0,0,0,0,0,0,0,0,0,0,0,0,0,0,0,0,0,0,0,0,0,0,0,0,0,0,0,0,0,0,0,0,0,0,0,0,0,0,0,0,0,0,0,0,0,0,0,,0,0,0,,0,0,0,,0,0,0,0,0,0,0,0,0,0,0,0,0,0,,0,0,0,,0,0,0,,0,0,0,0,0,0,,,,0,0,0,0,0,0,,,,0,0,0,0,0,0,0,0,0,,0,0,,0,0,,0,0,0,0,0,,,,0,0,0,0,0,0,0,0,0,0,0,1,0,0,0,0,0,0,0,0,2,0,0,0,0,0,0,0,0,0,0,0,0,0,0,64,0,0,0,0,0,0,0,0,31,0,0,0,0,0,0,0,0,0,0,0,0,0,0,64,0,0,0,0,0,0,0,0,31,0,0,0,0,0,0,0,0,0,0,0,0,0,0,0,0,0,0,0,0,0,1,0,0,39,0,0,39,0,0,0,0,0,0,0,0,0,0,0,0,0,0,0,0,0,0,0,0,0,0,0,0,0,0,0,0,0,0,0,0,0,0,0,0,0,0,0,0,0,0,0,0,0,0,0,0,0,0,0,0,0,0,0,0,0,0,0,0,0,0,0,0,0,1,0,0,0,0,0,0,0,0,0,0,0,0,0,0,0,0,0,0,0,0,0,0,0,0,0,0,0,0,0,0,0,0,0,0,0,0,0,0,0,0,0,0,0,0,0,0,0,0,0,0,0,0,0,0,0,0,0,0,0,0,0,0,0,0,0,0,0,0,0,0,0,0,0,0,0,0,0,0,0,0,0,0,0,0,0,0,0,0,0,0,0,0,0,0,0,0,0,0,0,0,0,0,0,0,0,0,0,0,0,0,0,0,0,0,0,0,0,0,0,0,0,0,0,0,0,0,0,0,0,0,0,0,0,0,0,0,0,0,0,,0,0,0,0,0,0,0,,0,0,0,0,0,0,0,,0,0,,0,,0,0,0,,0,0,,0,,0,0,0,,0,0,,0,,0,0,0,,0,0,0,0,0,0,0,0,0,0,0,0,0,0,0,0,0,0,0,0,0,0,0,0,0,0,0,0,0,0,0,0,0,0,0,0,0,0,0,0,0,0,0,0,0,0,0,0,0,0,0,0,0,0,0,0,0,0,0,0,0,0,0,0,0,0,0,0,0,0,0,0,0,0,,0,0,,0,0,,0,0,0,0,0,0,0,0,0,0,0,0,,0,,0,,0,0,,0,0,0,0,,0,0,0,0,,0,0,0,0,0,0,0,0,,,,,,,,,,,,
MI3053600,2014,Litchfield Police Department,Michigan,1355,1,0,3,1,1,0,0,1,0,2,0,0,0,0,0,2,1,3,0,1,0,2,0,1,0,0,0,0,0,0,0,0,0,3,0,0,0,0,0,0,0,0,0,0,8,1609,12485,0,0,265,0,2603,0,0,0,0,0,2514,6,13,0,51,0,708,0,0,0,0,0,0,0,0,0,0,0,66,0,0,0,0,0,0,0,0,0,0,8,1609,12485,0,0,265,0,2603,0,0,0,0,0,2514,6,13,0,51,0,708,0,0,0,0,0,0,0,0,0,0,0,66,0,0,0,0,0,0,0,0,1,0,0,0,0,0,0,0,0,0,0,0,0,2,2,0,1,0,1,0,0,0,0,0,0,1,0,0,0,0,0,0,0,0,0,1,0,0,0,0,0,0,128709,0,0,0,0,0,0,0,0,0,0,0,0,80,0,0,3,0,129,0,0,0,0,0,0,257,0,0,0,0,0,0,0,0,0,142996,0,0,0,0,0,0,128709,0,0,0,0,0,0,0,0,0,0,0,0,80,0,0,3,0,129,0,0,0,0,0,0,257,0,0,0,0,0,0,0,0,0,142996,0,0,0,0,0,0,0,0,2,0,0,0,0,0,1,0,0,0,1,1,0,0,3,0,0,0,0,0,0,0,0,0,0,0,0,0,0,0,0,0,0,0,0,0,0,0,4,0,0,0,0,0,0,0,0,0,6,0,0,0,13,0,0,0,0,0,0,0,0,0,0,0,0,0,0,0,0,0,0,0,0,0,0,0,4,0,0,0,0,0,0,0,0,0,6,0,0,0,13,0,0,0,0,0,0,0,0,0,0,0,0,0,0,0,0,0,0,0,0,0,0,0,0,0,0,0,1,0,0,0,0,0,0,0,0,0,0,0,0,0,0,0,0,0,0,0,0,0,0,0,0,0,0,0,0,0,3,0,0,0,0,0,0,0,0,0,0,0,0,0,0,0,0,0,0,0,0,0,0,0,0,0,0,0,0,0,3,0,0,0,0,0,0,0,0,0,0,0,0,0,0,0,0,0,0,0,0,0,0,0,0,0,0,0,0,0,0,0,0,0,0,0,,0,0,0,0,0,0,0,0,0,,0,0,0,0,0,0,0,0,0,0,0,0,0,0,0,0,0,,0,0,0,0,0,0,0,0,0,,0,0,0,0,0,0,0,0,0,0,0,0,0,0,0,0,0,,0,0,0,0,0,0,0,0,0,,0,0,0,0,0,0,0,0,0,0,0,0,0,0,0,0,0,0,0,0,0,0,0,0,0,0,0,0,0,0,0,0,0,0,0,,0,0,0,0,0,0,0,0,0,0,0,0,0,0,0,0,0,0,0,0,0,0,0,0,0,0,0,0,0,0,0,,0,0,0,0,0,0,0,0,0,0,0,0,0,0,0,0,0,0,0,0,0,0,0,0,0,0,0,0,0,0,0,,0,0,0,0,0,0,0,0,0,0,0,0,0,0,0,0,0,0,0,0,0,0,0,0,0,0,0,0,0,0,0,0,0,0,0,0,0,0,0,0,0,0,0,0,0,0,0,0,0,0,0,0,0,0,0,0,0,0,0,0,0,0,0,0,0,0,0,0,0,0,0,0,0,0,0,0,0,0,0,0,0,0,0,0,0,0,0,0,0,0,0,0,0,0,0,0,0,0,0,0,0,0,0,0,0,0,0,0,0,0,0,0,0,,,0,,,0,,,0,0,0,0,0,0,0,0,0,0,0,0,0,,,,1,0,3,1,1,0,0,0,0,0,0,1,0,2,0,1,0,0,0,0,0,0,0,0,1158,0,652,0,2188,0,0,0,0,0,0,26,0,0,0,3218,0,0,0,0,0,0,0,0,1158,0,541,0,2188,0,0,0,0,0,0,26,0,0,0,3218,0,0,0,0,0,0,0,0,0,0,1,0,0,0,0,0,0,0,0,0,0,0,0,0,0,0,0,0,0,0,0,0,0,0,0,0,0,0,0,0,0,0,0,1,0,0,0,0,0,0,0,0,0,0,0,0,0,0,0,0,0,0,0,0,0,0,0,0,0,0,0,0,0,0,0,0,0,0,0,0,0,0,0,0,0,0,0,0,0,0,0,0,0,0,0,0,0,0,0,0,0,0,0,0,0,0,0,0,0,0,0,0,0,0,0,0,0,0,0,0,0,0,0,0,0,0,0,0,0,0,0,0,0,0,0,0,0,0,0,0,0,0,0,0,0,0,0,0,0,0,0,0,0,0,0,0,0,0,0,0,0,0,0,0,0,0,0,0,0,0,0,0,0,0,0,0,0,0,0,0,0,0,0,0,0,0,0,0,0,0,0,0,0,0,0,0,0,0,0,0,0,0,0,0,0,0,0,0,0,0,0,0,0,0,0,0,0,0,0,0,0,0,0,0,0,0,0,0,0,0,0,0,0,0,0,0,0,0,0,0,0,0,0,0,0,0,0,0,,0,,,,0,0,0,0,,0,,,,0,0,0,0,,0,,,,0,0,0,0,0,0,0,0,0,0,0,0,0,0,0,0,0,0,0,0,0,0,0,0,0,0,0,0,0,0,0,0,0,0,0,0,0,,0,0,0,,0,0,0,0,0,0,,0,0,0,,0,0,0,0,0,0,,0,0,0,,0,0,0,0,0,0,0,0,0,0,0,0,0,,0,0,,0,0,,0,0,0,0,0,0,0,0,0,0,0,,0,,0,,0,,0,0,0,0,,0,0,0,0,,0,0,0,,,,,,,,,,,,,,,,,,
MI3053600,2013,Litchfield Police Department,Michigan,1355,2,1,2,1,0,0,0,9,1,3,0,2,0,0,0,1,3,3,0,1,0,2,1,1,1,0,0,0,0,0,0,0,0,3,0,0,0,0,0,0,0,0,0,1112,39,561,0,0,0,1090,0,11,0,52,0,0,0,356,654,13091,0,3,0,3978,0,0,0,0,0,0,0,0,0,0,0,78478,0,0,0,0,0,0,0,0,0,1112,39,561,0,0,0,131,0,13,0,52,0,0,0,356,654,26,0,3,0,3978,0,0,0,0,0,0,0,0,0,0,0,78478,0,0,0,0,0,0,0,0,4,0,0,0,0,0,0,3,0,0,0,0,0,1,0,0,0,1,4,0,0,0,0,0,3,1,0,0,0,0,0,0,0,0,0,0,0,0,0,0,0,0,425,0,0,0,0,0,0,327,0,0,0,0,0,0,0,0,0,0,329,0,0,0,0,0,20,3,0,0,0,0,0,0,0,0,0,0,0,0,0,0,0,0,425,0,0,0,0,0,0,327,0,0,0,0,0,0,0,0,0,0,329,0,0,0,0,0,20,3,0,0,0,0,0,0,0,0,0,0,0,0,0,0,0,0,0,0,0,0,0,0,1,0,0,0,0,0,0,0,0,0,1,0,0,0,0,0,0,0,1,0,0,0,0,0,0,0,0,0,0,0,0,0,0,0,0,0,0,0,7,0,0,0,0,0,0,0,0,0,7,0,0,0,0,0,0,0,0,0,0,0,0,0,0,0,0,0,0,0,0,0,0,0,0,0,0,0,7,0,0,0,0,0,0,0,0,0,7,0,0,0,0,0,0,0,0,0,0,0,0,0,0,0,0,0,0,0,0,0,0,2,1,0,0,0,0,0,0,0,0,0,0,0,0,0,0,0,0,0,0,0,0,0,0,0,0,0,0,0,0,0,785,0,0,0,0,0,0,0,0,0,0,0,0,0,0,0,0,0,0,0,0,0,0,0,0,0,0,0,0,0,785,0,0,0,0,0,0,0,0,0,0,0,0,0,0,0,0,0,0,0,0,0,0,0,0,0,0,0,0,0,0,0,0,0,0,0,0,0,0,0,0,0,0,0,0,0,0,0,0,0,,0,0,0,0,0,0,0,0,0,0,0,0,0,0,0,0,0,0,0,0,0,0,0,0,0,0,0,,0,0,0,0,0,0,0,0,0,0,0,0,0,0,0,0,0,0,0,0,0,0,0,0,0,0,0,,0,0,0,0,0,0,1,0,0,0,0,0,0,0,0,0,0,0,0,0,0,0,0,0,0,0,0,0,0,0,0,0,0,0,0,0,0,0,0,0,0,0,0,0,0,0,0,0,0,0,0,0,0,0,0,0,0,0,0,0,0,0,0,0,0,0,0,0,0,0,0,0,0,0,0,0,0,0,0,0,0,0,0,0,0,0,0,0,0,0,0,0,0,0,0,0,0,0,0,0,0,1,0,2,0,1,0,0,0,0,0,0,0,0,0,0,0,0,0,0,0,0,0,0,0,0,0,0,0,0,0,0,0,0,0,0,0,0,0,0,0,0,0,0,0,0,0,0,0,0,0,0,0,0,,0,0,0,,0,0,0,,0,0,0,0,0,0,0,0,0,0,0,0,0,0,0,0,0,0,0,0,0,0,0,0,0,0,0,0,0,0,0,0,0,0,0,0,0,0,0,0,0,0,0,0,0,0,0,,,,0,0,0,0,0,0,0,0,0,0,0,0,0,0,0,0,0,0,0,0,0,,,,0,3,0,0,0,0,0,0,0,0,1,2,0,0,0,2,0,0,0,0,0,1,0,0,0,392,0,0,0,0,0,0,0,0,0,33,0,0,0,1308,0,0,0,0,0,0,0,0,0,392,0,0,0,0,0,0,0,0,0,33,0,0,0,1308,0,0,0,0,0,0,0,0,0,0,0,0,0,0,0,0,0,0,0,0,0,0,0,0,0,0,0,0,0,0,0,0,0,0,0,0,0,0,0,0,0,0,0,0,0,0,0,0,0,0,0,0,0,0,0,0,0,0,0,0,0,0,0,0,0,0,0,0,0,0,0,0,0,0,0,0,0,0,0,0,0,0,0,0,0,0,0,0,0,0,0,0,0,0,0,0,0,0,0,0,0,0,0,0,0,0,0,0,0,0,0,0,0,0,0,0,0,0,0,0,0,0,0,0,0,0,0,0,0,0,0,0,0,0,0,0,0,0,0,0,0,0,0,0,0,0,0,0,0,0,0,0,0,0,0,0,0,0,0,0,0,0,0,0,0,0,0,0,0,0,0,0,0,0,0,0,0,0,0,0,0,0,0,0,0,0,0,0,0,0,0,0,0,0,0,0,0,0,0,0,0,0,0,0,0,0,0,0,0,0,0,0,0,0,0,0,0,0,0,0,0,0,0,0,0,0,0,0,0,0,0,0,0,0,0,0,0,0,0,0,0,0,0,0,0,0,0,0,,0,,0,0,0,0,0,0,,0,,0,0,0,0,0,0,,0,,0,0,0,0,0,0,0,0,0,0,0,0,0,0,0,0,0,0,0,0,0,0,0,0,0,0,0,0,0,0,0,0,0,0,0,0,0,0,0,0,0,0,,,0,0,0,0,0,0,0,0,0,,,0,0,0,0,0,0,0,0,0,,,0,0,0,0,0,0,0,0,0,0,0,0,,0,0,,0,0,,0,0,0,,0,0,,0,0,,0,0,0,0,0,0,0,0,0,0,0,0,0,0,0,0,0,0,0,0,0,0,,,,,,,,,,,,,,,,,,
MI3053600,2012,Litchfield Police Department,Michigan,1366,0,0,2,1,0,0,0,3,0,1,0,0,1,1,0,3,0,0,2,0,1,1,0,0,0,0,0,0,0,0,1,0,0,2,0,0,0,0,0,0,0,0,0,0,35,1526,0,0,0,184,0,0,0,0,53,621,0,1637,0,0,29,0,0,531,0,0,0,0,0,0,0,0,398,0,0,2934,0,0,0,0,0,0,0,0,0,0,35,1526,0,0,0,130,0,0,0,0,53,621,0,1327,0,0,29,0,0,531,0,0,0,0,0,0,0,0,398,0,0,2934,0,0,0,0,0,0,0,0,8,0,0,0,0,0,0,4,0,0,0,0,0,2,0,0,0,1,1,0,0,0,0,0,1,0,0,0,0,0,0,1,0,0,0,0,0,0,0,0,0,0,426,0,0,0,0,0,0,159,0,0,0,0,0,464,0,0,0,0,0,0,0,0,0,0,3981,0,0,0,0,0,0,265,0,0,0,0,0,0,0,0,0,0,133,0,0,0,0,0,0,66,0,0,0,0,0,464,0,0,0,0,0,0,0,0,0,0,3981,0,0,0,0,0,0,265,0,0,0,0,0,0,0,0,0,0,0,0,1,0,0,0,0,0,0,0,0,0,0,0,0,0,0,0,0,0,0,0,0,1,1,0,0,0,0,0,0,0,0,0,0,0,0,0,0,0,29,0,0,0,0,0,0,0,0,0,0,0,0,0,0,0,0,0,0,0,0,49,0,0,0,0,0,0,0,0,0,0,0,0,0,0,0,0,29,0,0,0,0,0,0,0,0,0,0,0,0,0,0,0,0,0,0,0,0,49,0,0,0,0,0,0,0,0,0,0,0,0,0,0,0,0,0,0,0,0,0,0,0,0,0,0,0,0,0,0,0,0,0,0,0,0,0,1,0,0,0,0,0,0,0,0,0,0,0,0,0,0,0,0,0,0,0,0,0,0,0,0,0,0,0,0,0,142,0,0,0,0,0,0,0,0,0,0,0,0,0,0,0,0,0,0,0,0,0,0,0,0,0,0,0,0,0,142,0,0,0,0,0,0,0,0,0,0,0,0,0,0,0,1,0,0,0,0,0,0,0,0,0,0,0,,0,0,0,0,0,0,0,0,0,0,0,0,0,0,0,284,0,0,0,0,0,0,0,0,0,0,0,,0,0,0,0,0,0,0,0,0,0,0,0,0,0,0,284,0,0,0,0,0,0,0,0,0,0,0,,0,0,0,0,0,0,0,0,0,0,0,0,0,0,0,0,0,0,0,0,0,0,0,0,0,0,0,0,0,0,0,0,0,0,0,0,0,0,0,0,0,0,0,0,0,0,0,0,0,0,0,0,0,0,0,0,0,0,0,0,0,0,0,0,0,0,0,0,0,0,0,0,0,0,0,0,0,0,0,0,0,0,0,0,0,0,0,0,0,0,0,0,0,0,0,0,0,0,0,0,0,0,0,0,0,0,0,0,0,0,0,0,0,0,0,0,0,0,0,0,0,0,0,0,0,0,0,0,0,0,0,0,0,0,0,0,0,0,0,0,0,0,0,0,0,0,0,0,0,0,0,0,0,0,0,,0,0,0,,0,0,0,,0,0,0,0,0,0,0,0,0,0,0,0,0,0,0,0,0,0,0,0,0,0,0,0,0,0,0,0,0,0,0,0,0,0,0,0,0,0,0,0,0,0,0,0,0,0,0,0,0,0,0,0,0,0,0,0,0,0,0,0,0,0,0,0,0,0,0,0,0,0,0,,,,0,2,0,0,0,0,0,0,0,0,0,0,0,0,1,0,0,0,0,0,0,0,0,0,0,106,0,0,0,0,0,0,0,0,0,0,0,0,664,0,0,0,0,0,0,0,0,0,0,106,0,0,0,0,0,0,0,0,0,0,0,0,664,0,0,0,0,0,0,0,0,0,0,0,0,0,0,0,0,0,0,0,0,0,0,0,0,0,0,0,0,0,0,0,0,0,0,0,0,0,0,0,0,0,0,0,0,0,0,0,0,0,0,0,0,0,0,0,0,0,0,0,0,0,0,0,0,0,0,0,0,0,0,0,0,0,0,0,0,0,0,0,0,0,0,0,0,0,0,0,0,0,0,3,0,0,0,0,0,0,0,0,0,0,0,0,0,0,0,0,0,0,0,0,133,0,0,0,0,0,0,0,0,0,0,0,0,0,0,0,0,0,0,0,0,133,0,0,0,0,0,0,0,0,0,0,0,0,0,0,0,0,0,0,0,0,0,0,0,0,0,0,0,0,0,0,0,0,0,0,0,0,0,0,0,0,0,0,0,0,0,0,0,0,0,0,0,0,0,0,0,0,0,0,0,0,0,0,0,0,0,0,0,0,0,0,0,0,0,0,0,0,0,0,0,0,0,0,0,0,0,0,0,0,0,0,0,0,0,0,0,0,0,0,0,,0,0,0,0,0,0,0,,0,0,0,0,0,0,0,,0,0,,0,0,0,0,0,0,0,0,,0,0,0,0,0,0,0,0,,0,0,0,0,0,0,0,0,0,0,0,0,0,0,0,0,0,0,0,,0,0,0,0,0,0,0,,0,0,0,0,0,0,0,,0,0,0,,0,0,,,,0,0,0,0,0,,0,0,,,,0,0,0,0,0,,0,0,,,,0,0,0,0,0,0,0,0,0,0,0,0,0,0,0,0,0,0,0,0,0,0,0,0,0,0,0,0,0,,,,,,,,,,,,,,,,,,,,,,,,,,,,,,,,,,,,,,,
MI3053600,2011,Litchfield Police Department,Michigan,1368,1,0,1,0,0,0,0,3,0,3,0,1,0,0,0,3,0,0,0,0,0,1,1,0,0,0,0,0,0,0,0,0,0,1,0,0,0,0,0,0,0,0,4064,0,22,0,0,0,0,192,0,68,0,49,0,0,0,691,0,0,0,0,0,27,0,0,0,0,0,0,0,0,0,0,0,0,0,0,0,0,0,0,0,0,4064,0,22,0,0,0,0,163,0,68,0,49,0,0,0,691,0,0,0,0,0,27,0,0,0,0,0,0,0,0,0,0,0,0,0,0,0,0,0,0,0,0,7,0,0,0,0,0,0,2,0,0,0,0,0,1,0,0,3,0,2,0,0,0,0,0,0,0,0,0,0,0,0,0,0,0,0,0,0,0,0,0,0,0,413,0,0,0,0,0,0,0,0,0,0,0,0,135,0,0,0,0,3,0,0,0,0,0,0,0,0,0,0,0,0,0,0,0,0,0,0,0,0,0,0,0,413,0,0,0,0,0,0,0,0,0,0,0,0,135,0,0,0,0,3,0,0,0,0,0,0,0,0,0,0,0,0,0,0,0,0,0,0,0,0,0,0,0,0,0,0,0,0,0,0,0,0,0,0,0,0,0,0,0,0,0,0,0,0,0,0,1,0,0,0,0,0,0,0,0,0,0,0,0,0,0,0,0,0,0,0,0,0,0,0,0,0,0,0,0,0,0,0,0,0,0,0,0,0,27,0,0,0,0,0,0,0,0,0,0,0,0,0,0,0,0,0,0,0,0,0,0,0,0,0,0,0,0,0,0,0,0,0,0,0,0,0,27,0,0,0,0,0,0,0,0,0,0,0,0,0,0,0,0,0,0,0,0,0,0,0,0,0,0,0,0,0,0,0,0,0,0,0,0,0,0,0,0,0,0,0,0,0,0,0,0,0,0,0,0,0,0,0,0,0,0,0,0,0,0,0,0,0,0,0,0,0,0,0,0,0,0,0,0,0,0,0,0,0,0,0,0,0,0,0,0,0,0,0,0,0,0,0,0,0,0,0,0,0,0,0,0,0,0,0,0,0,0,0,0,0,1,0,0,,0,0,0,0,0,0,0,0,,,0,0,0,0,0,0,0,0,0,0,0,0,0,0,214,0,0,,0,0,0,0,0,0,0,0,,,0,0,0,0,0,0,0,0,0,0,0,0,0,0,214,0,0,,0,0,0,0,0,0,0,0,,,0,0,0,0,0,0,0,0,0,0,0,0,0,0,0,0,0,0,0,0,0,0,0,0,0,0,0,0,0,0,0,0,0,0,0,0,0,0,0,0,0,0,0,0,0,0,0,0,0,0,0,0,0,0,0,0,0,0,0,0,0,0,0,0,0,0,0,0,0,0,0,0,0,0,0,0,0,0,0,0,0,0,0,0,0,0,0,0,0,0,0,0,0,0,0,0,0,0,0,0,0,0,0,0,0,0,0,0,0,0,0,0,0,0,0,0,0,0,0,0,0,0,0,0,0,0,0,0,0,0,0,0,0,0,0,0,0,0,0,0,0,0,0,0,0,0,0,0,0,0,0,0,0,0,0,0,0,0,0,0,0,0,0,0,0,0,0,0,0,0,0,0,0,0,0,0,0,0,0,0,0,0,0,0,0,0,0,0,0,0,0,0,0,0,0,0,0,0,0,0,0,0,0,0,0,0,0,0,0,0,0,0,0,,0,0,,0,0,,0,0,0,0,0,0,0,0,0,0,0,0,0,0,0,0,0,0,0,0,0,0,0,0,0,0,0,0,1,0,0,0,0,0,0,0,0,0,0,0,1,0,0,0,0,0,0,0,0,0,0,0,122,0,0,0,0,0,0,0,0,0,0,0,88,0,0,0,0,0,0,0,0,0,0,0,122,0,0,0,0,0,0,0,0,0,0,0,88,0,0,0,0,0,0,0,0,0,0,0,0,0,0,0,0,0,0,,0,0,,0,0,,0,0,0,0,0,0,0,0,0,0,0,0,0,0,0,0,0,0,0,0,0,0,0,0,0,0,0,0,0,0,0,0,0,0,0,0,0,0,0,0,0,0,0,0,0,0,0,0,0,0,0,0,0,0,0,0,0,0,1,0,0,0,0,0,0,0,0,0,0,0,0,0,0,0,0,0,0,0,0,271,0,0,0,0,0,0,0,0,0,0,0,0,0,0,0,0,0,0,0,0,271,0,0,0,0,0,0,0,0,0,0,0,0,0,0,0,0,0,0,0,0,0,0,0,0,0,0,0,0,0,0,0,0,0,0,0,0,0,0,0,0,0,0,0,0,0,0,0,0,0,0,0,0,0,0,0,0,0,0,0,0,0,0,0,0,0,0,0,0,0,0,0,0,0,0,0,0,0,0,0,0,0,0,0,0,0,0,0,0,0,0,0,0,0,,0,0,0,,0,0,0,,0,0,0,,0,0,0,,0,0,0,,0,0,0,0,0,0,0,0,0,0,0,0,0,0,0,0,0,0,0,0,0,0,0,0,0,0,0,0,0,0,0,0,0,0,0,0,0,0,0,0,0,0,0,0,0,0,0,0,0,0,0,0,0,0,0,0,0,0,0,0,0,0,0,0,0,0,0,0,0,0,0,0,0,0,0,0,0,0,0,0,0,0,0,0,0,0,0,0,0,0,,,,,,,,,,,,,,,,,,,,,,,,,,,,,,,,,,,,,,,,,,,,,,,,,,,,,,,,,,,,,,,,,,
MI3053600,2010,Litchfield Police Department,Michigan,1351,4,0,1,1,1,2,0,4,0,7,0,2,0,1,0,1,3,3,1,2,1,2,1,3,2,0,0,0,0,0,0,0,0,0,0,0,0,0,0,0,0,1,9549,0,140,838,4,265,0,80,0,324,0,1293,0,0,0,0,1397,28,699,1014,0,1202,0,154,15,0,0,0,0,0,0,0,0,0,0,0,0,0,0,0,0,4192,6987,0,140,838,4,265,0,54,0,140,0,1293,0,0,0,0,1397,28,699,1014,0,1202,0,154,15,0,0,0,0,0,0,0,0,0,0,0,0,0,0,0,0,4192,5,0,0,0,0,0,0,3,0,0,0,0,0,2,0,0,1,0,3,0,0,0,0,0,1,0,0,0,0,0,0,0,0,1,0,0,0,0,0,0,0,0,964,0,0,0,0,0,0,475,0,0,0,0,0,175,0,0,0,0,142,0,0,0,0,0,0,0,0,0,0,0,0,0,0,0,0,0,0,0,0,0,0,0,838,0,0,0,0,0,0,475,0,0,0,0,0,175,0,0,0,0,142,0,0,0,0,0,0,0,0,0,0,0,0,0,0,0,0,0,0,0,0,0,0,0,1,0,0,0,0,0,0,0,1,0,0,0,1,0,0,0,0,1,0,0,0,0,0,0,0,0,0,0,0,0,0,0,0,0,1,0,0,0,4891,0,0,0,0,0,0,0,0,0,0,0,0,0,0,0,0,28,0,0,0,0,0,0,0,0,0,0,0,0,0,0,0,0,4192,0,0,0,4891,0,0,0,0,0,0,0,0,0,0,0,0,0,0,0,0,28,0,0,0,0,0,0,0,0,0,0,0,0,0,0,0,0,4192,0,0,0,0,0,0,0,0,0,0,0,0,0,0,0,0,0,0,0,0,0,0,0,0,0,0,0,0,0,0,0,0,0,0,0,0,0,0,0,0,0,0,0,0,0,0,0,0,0,0,0,0,0,0,0,0,0,0,0,0,0,0,0,0,0,0,0,0,0,0,0,0,0,0,0,0,0,0,0,0,0,0,0,0,0,0,0,0,0,0,0,0,0,0,0,0,0,0,0,0,0,0,1,0,0,0,0,0,,0,0,0,0,0,,,0,0,0,0,0,0,0,0,0,0,0,0,0,0,419,0,0,0,0,0,,0,0,0,0,0,,,0,0,0,0,0,0,0,0,0,0,0,0,0,0,419,0,0,0,0,0,,0,0,0,0,0,,,0,0,0,0,0,0,0,0,0,0,0,0,0,0,0,0,0,0,0,0,0,0,0,0,0,0,0,0,0,0,0,0,0,0,0,0,0,0,0,0,0,0,0,0,0,0,0,0,0,0,0,0,0,0,0,0,0,0,0,0,0,0,0,0,0,0,0,0,0,0,0,0,0,0,0,0,0,0,0,0,0,0,0,0,0,0,0,0,0,0,0,0,0,0,0,0,0,0,0,0,0,0,0,0,0,0,0,0,0,0,0,0,0,0,0,0,0,0,0,0,0,0,0,0,0,0,0,0,0,0,0,0,0,0,0,0,0,0,0,0,0,0,0,0,0,0,0,0,0,0,0,0,0,0,0,0,0,0,0,0,0,0,0,0,0,0,0,0,0,0,0,0,0,0,0,0,0,0,0,0,0,0,0,0,0,0,0,0,0,,,,0,0,0,0,0,0,0,0,0,0,0,0,0,0,0,0,0,0,0,0,0,,0,0,,0,0,,0,0,0,0,0,0,0,0,0,0,0,0,0,0,,,,0,0,0,0,0,0,0,0,0,0,0,0,0,0,0,0,0,0,0,0,0,0,0,0,0,0,0,0,0,0,0,0,0,0,0,0,0,0,0,0,0,0,0,0,0,0,0,0,0,0,0,0,0,0,0,0,0,0,0,0,0,0,0,0,0,0,0,0,0,0,0,0,0,0,0,0,0,0,0,0,0,0,0,0,0,0,0,0,0,0,0,0,0,0,0,0,0,0,0,0,0,0,0,0,0,0,0,0,0,0,0,0,0,0,0,0,0,0,0,0,0,0,0,0,0,0,0,0,0,0,0,0,0,0,0,0,0,0,0,0,0,0,0,0,0,0,0,0,0,0,0,0,0,0,0,0,0,0,0,0,0,0,0,0,0,0,0,0,0,0,0,0,0,0,0,0,0,0,0,0,0,0,0,0,0,0,0,0,0,0,0,0,0,0,0,0,0,0,0,0,0,0,0,0,0,0,0,0,0,0,0,0,0,0,0,0,0,0,0,0,0,0,0,0,0,0,0,0,0,0,0,0,0,0,0,0,0,0,0,0,0,0,0,0,0,0,0,0,0,0,0,0,0,0,0,0,0,0,0,0,0,0,0,0,0,0,0,0,0,0,0,0,0,0,0,0,0,0,0,0,0,0,0,0,0,0,0,0,0,0,0,0,0,0,0,0,0,0,0,0,0,0,0,0,0,0,0,0,0,0,0,0,,,,,,,,,,,,,,,,,,,,,,,,,,,,,,,,,,,,,,,,,,,,,,,,,,,,,,,,,,,,,,,,,,,,,,,,,,,,,,,,,,,,,,,,,,,,,,,,,,,,,,,,,,,,,,,,,,,,,,,,,,,,,,,,,,,,,,,,,,,,,,,,,,,,,,,,,,,,
MI3053600,2009,Litchfield Police Department,Michigan,1385,0,1,0,0,0,0,0,5,0,4,0,5,1,0,0,0,1,0,1,1,2,1,0,0,3,0,0,0,0,0,0,0,0,1,0,0,0,0,0,0,0,0,0,10,0,0,0,0,0,17144,0,43,0,700,3,0,0,0,710,0,170,355,0,1504,0,0,10,0,0,0,0,0,0,0,0,142,0,0,0,0,0,0,0,0,0,10,0,0,0,0,0,206,0,42,0,426,3,0,0,0,710,0,170,355,0,1504,0,0,11,0,0,0,0,0,0,0,0,142,0,0,0,0,0,0,0,0,7,0,0,1,0,0,0,1,0,0,0,0,0,2,1,0,1,0,2,0,0,0,0,0,0,1,0,0,0,0,0,0,0,0,0,0,0,0,0,0,0,0,1172,0,0,99,0,0,0,0,0,0,0,0,0,142,142,0,1420,0,142,0,0,0,0,0,0,710,0,0,0,0,0,0,0,0,0,0,0,0,0,0,0,0,533,0,0,99,0,0,0,0,0,0,0,0,0,142,142,0,1420,0,142,0,0,0,0,0,0,710,0,0,0,0,0,0,0,0,0,0,0,0,0,0,0,0,0,0,0,0,0,0,0,0,1,0,0,0,0,0,0,0,0,0,0,0,1,0,0,0,0,0,0,0,0,0,0,0,0,0,0,0,0,0,0,0,0,0,0,0,0,0,14,0,0,0,0,0,0,0,0,0,0,0,0,0,0,0,0,0,0,0,0,0,0,0,0,0,0,0,0,0,0,0,0,0,0,0,0,0,14,0,0,0,0,0,0,0,0,0,0,0,0,0,0,0,0,0,0,0,0,0,0,0,0,0,0,0,0,0,0,0,0,0,0,0,0,0,0,0,0,0,0,0,0,0,0,0,0,0,0,0,0,0,0,0,0,0,0,0,0,0,0,0,0,0,0,0,0,0,0,0,0,0,0,0,0,0,0,0,0,0,0,0,0,0,0,0,0,0,0,0,0,0,0,0,0,0,0,0,0,0,0,0,0,0,0,0,0,0,0,0,0,0,0,0,0,0,0,0,0,2,0,0,0,0,0,0,0,0,0,0,,0,0,0,0,0,0,0,0,0,0,0,0,0,0,0,0,42608,0,0,0,0,0,0,0,0,0,0,,0,0,0,0,0,0,0,0,0,0,0,0,0,0,0,0,42608,0,0,0,0,0,0,0,0,0,0,,0,0,0,0,0,0,0,0,0,0,0,0,0,0,0,0,0,0,0,0,0,0,0,0,0,0,0,0,0,0,0,0,0,0,0,0,0,0,0,0,0,0,0,0,0,0,0,0,0,0,0,0,0,0,0,0,0,0,0,0,0,0,0,0,0,0,0,0,0,0,0,0,0,0,0,0,0,0,0,0,0,0,0,0,0,0,0,0,0,0,0,0,0,0,0,0,0,0,0,0,0,0,0,0,0,0,0,0,0,0,0,0,0,0,0,0,0,0,0,0,0,0,0,0,0,0,0,0,0,0,0,0,0,0,0,0,0,0,0,0,0,0,0,0,0,0,0,0,0,0,0,0,0,,,0,,,0,,,0,,0,0,0,,0,0,0,,0,0,0,0,0,0,0,0,0,0,0,0,0,0,0,0,,0,0,0,,0,0,0,,0,0,0,,,,0,0,0,0,0,0,0,0,0,0,0,0,0,0,0,0,0,0,0,0,0,,0,0,,0,0,,0,0,0,0,0,0,0,0,0,0,0,0,0,0,,,,0,0,0,0,0,0,0,0,0,0,0,0,0,0,0,0,0,0,0,0,0,0,0,0,0,0,0,0,0,0,0,0,0,0,0,0,0,0,0,0,0,0,0,0,0,0,0,0,0,0,0,0,0,0,0,0,0,0,0,0,0,0,0,0,0,0,0,0,0,0,0,0,0,0,0,0,0,0,0,0,0,0,0,0,0,0,0,0,0,0,0,0,0,0,0,0,0,0,0,0,0,0,0,0,0,0,0,0,0,0,0,0,0,0,0,0,0,0,0,0,0,0,0,0,0,0,0,0,0,0,0,0,0,0,0,0,0,0,0,0,0,0,0,0,0,0,0,,,,,,,,,,,,,,,,,,,,,,,,,,,,,,,,,,,,,,,,,,,,,,,,,,,,,,,,,,,,,,,,,,,,,,,,,,,,,,,,,,,,,,,,,,,,,,,,,,,,,,,,,,,,,,,,,,,,,,,,,,,,,,,,,,,,,,,,,,,,,,,,,,,,,,,,,,,,,,,,,,,,,,,,,,,,,,,,,,,,,,,,,,,,,,,,,,,,,,,,,,,,,,,,,,,,,,,,,,,,,,,,,,,,,,,,,,,,,,,,,,,,,,,,,,,,,,,,,,,,,,,,,,,,,,,,,,,,,,,,,,,,,,,,,,,,,,,,,,,,,,,,,,,,,,,,,,,,,,,,,
MI3053600,2008,Litchfield Police Department,Michigan,1403,0,0,3,1,1,0,0,7,0,4,0,4,0,1,0,2,0,2,3,3,1,3,0,0,0,0,0,0,0,1,0,0,0,1,0,0,0,0,0,0,0,0,0,0,16,212,71,0,0,2264,0,8255,0,311,0,283,0,43504,0,37,1594,554,0,178,0,0,0,0,0,0,0,2830,0,0,0,212,0,0,0,0,0,0,0,0,0,0,14,212,71,0,0,514,0,5661,0,318,0,283,0,43504,0,37,425,491,0,178,0,0,0,0,0,0,0,2830,0,0,0,212,0,0,0,0,0,0,0,0,3,0,0,1,0,0,0,5,0,0,0,0,0,0,1,0,1,2,3,0,0,0,0,0,1,3,0,0,0,0,0,1,0,0,0,0,0,1,0,0,0,1,802,0,0,0,0,0,0,439,0,0,0,0,0,0,283,0,712,849,708,0,0,0,0,0,71,778,0,0,0,0,0,0,0,0,0,0,0,0,0,0,0,0,849,0,0,0,0,0,0,71,0,0,0,0,0,0,283,0,712,849,425,0,0,0,0,0,71,778,0,0,0,0,0,0,0,0,0,0,0,0,0,0,0,0,0,0,0,0,0,0,2,0,0,1,0,0,0,0,0,2,0,0,0,0,0,0,0,2,0,0,0,0,0,0,0,0,0,0,0,0,0,0,0,0,0,0,0,0,514,0,0,425,0,0,0,0,0,269,0,0,0,0,0,0,0,17,0,0,0,0,0,0,0,0,0,0,0,0,0,0,0,0,0,0,0,0,514,0,0,425,0,0,0,0,0,269,0,0,0,0,0,0,0,17,0,0,0,0,0,0,0,0,0,0,0,0,0,0,0,0,0,0,0,0,0,0,0,0,0,0,0,0,0,0,0,0,0,0,0,0,0,0,0,0,0,0,0,0,0,0,0,0,0,0,0,0,0,0,0,0,0,0,0,0,0,0,0,0,0,0,0,0,0,0,0,0,0,0,0,0,0,0,0,0,0,0,0,0,0,0,0,0,0,0,0,0,0,0,0,0,0,0,0,0,0,0,0,0,0,1,0,0,0,0,0,0,0,0,0,0,,0,0,,0,0,0,0,0,,,0,0,0,0,0,0,425,0,0,0,0,0,0,0,0,0,0,,0,0,,0,0,0,0,0,,,0,0,0,0,0,0,425,0,0,0,0,0,0,0,0,0,0,,0,0,,0,0,0,0,0,,,0,0,0,0,0,0,0,0,0,0,0,0,1,0,0,0,0,0,0,0,0,0,0,0,0,0,0,0,0,0,0,0,0,0,0,0,0,0,0,0,0,0,0,0,2830,0,0,0,0,0,0,0,0,0,0,0,0,0,0,0,0,0,0,0,0,0,0,0,0,0,0,0,0,0,0,0,2830,0,0,0,0,0,0,0,0,0,0,0,0,0,0,0,0,0,0,0,0,0,0,0,0,0,0,0,0,0,0,0,0,0,0,0,0,0,0,0,0,0,0,0,0,0,0,0,0,0,0,0,0,0,0,0,0,0,0,0,0,0,0,0,0,0,0,0,0,0,0,0,0,0,0,0,0,0,0,,0,0,0,,0,0,0,,0,0,0,0,0,0,0,0,0,0,0,0,0,0,0,0,0,0,0,0,0,0,0,0,0,,,,0,0,0,0,0,0,0,0,0,0,0,0,0,0,0,0,0,0,0,0,0,0,0,0,0,0,0,0,0,0,0,0,0,0,0,0,0,0,0,0,0,0,,,,,,,,,,,,,,,,,,,,,,,,,,,,,,,,,,,,,,,,,,,,,,,,,,,,,,,,,,,,,,,,,,,,,,,,,,,,,,,,,,,,,,,,,,,,,,,,,,,,,,,,,,,,,,,,,,,,,,,,,,,,,,,,,,,,,,,,,,,,,,,,,,,,,,,,,,,,,,,,,,,,,,,,,,,,,,,,,,,,,,,,,,,,,,,,,,,,,,,,,,,,,,,,,,,,,,,,,,,,,,,,,,,,,,,,,,,,,,,,,,,,,,,,,,,,,,,,,,,,,,,,,,,,,,,,,,,,,,,,,,,,,,,,,,,,,,,,,,,,,,,,,,,,,,,,,,,,,,,,,,,,,,,,,,,,,,,,,,,,,,,,,,,,,,,,,,,,,,,,,,,,,,,,,,,,,,,,,,,,,,,,,,,,,,,,,,,,,,,,,,,,,,,,,,,,,,,,,,,,,,,,,,,,,,,,,,,,,,,,,,,,,,,,,,,,,,,,,,,,,,,,,,,,,,,
MI3053600,2007,Litchfield Police Department,Michigan,1422,1,0,2,1,0,1,0,3,0,12,0,3,0,0,0,0,0,3,0,2,2,1,0,2,1,0,0,0,0,1,0,0,0,2,0,0,0,0,0,0,0,0,0,0,15,2594,0,249822,0,1425,0,1234,0,710,0,0,0,0,0,43,0,1249,0,109,0,73,88,0,0,0,0,184,0,0,0,44,0,0,0,0,0,0,0,0,0,0,15,2594,0,249822,0,735,0,65,0,426,0,0,0,0,0,29,0,1249,0,109,0,73,88,0,0,0,0,184,0,0,0,44,0,0,0,0,0,0,0,0,1,0,0,0,0,0,0,2,0,0,0,0,0,0,0,0,0,0,3,0,0,0,0,0,1,0,0,0,0,0,0,0,0,0,0,0,0,0,0,0,0,0,220,0,0,0,0,0,0,73,0,0,0,0,0,0,0,0,0,0,392,0,0,0,0,0,2204,0,0,0,0,0,0,0,0,0,0,0,0,0,0,0,0,0,220,0,0,0,0,0,0,73,0,0,0,0,0,0,0,0,0,0,294,0,0,0,0,0,2204,0,0,0,0,0,0,0,0,0,0,0,0,0,0,0,0,0,0,0,0,0,0,0,0,0,0,0,0,0,0,0,0,0,0,0,0,0,0,1,0,0,0,0,0,0,0,0,0,0,0,0,0,0,0,0,0,0,0,0,0,0,0,0,0,0,0,0,0,0,0,0,0,0,0,0,0,294,0,0,0,0,0,0,0,0,0,0,0,0,0,0,0,0,0,0,0,0,0,0,0,0,0,0,0,0,0,0,0,0,0,0,0,0,0,294,0,0,0,0,0,0,0,0,0,0,0,0,0,0,0,0,0,1,0,0,0,0,0,0,0,0,0,0,0,0,0,0,0,0,0,0,0,0,0,0,0,0,0,0,0,0,0,0,0,0,0,0,0,0,0,0,0,0,0,0,0,0,0,0,0,0,0,0,0,0,0,0,0,0,0,0,0,0,0,0,0,0,0,0,0,0,0,0,0,0,0,0,0,0,0,0,0,0,0,0,0,0,0,0,0,0,0,0,0,0,0,0,0,0,0,1,0,0,,0,0,0,0,0,0,0,0,0,,0,0,0,0,0,0,0,0,0,0,0,0,0,0,1417,0,0,,0,0,0,0,0,0,0,0,0,,0,0,0,0,0,0,0,0,0,0,0,0,0,0,1417,0,0,,0,0,0,0,0,0,0,0,0,,0,0,0,0,0,0,0,0,0,0,0,0,0,0,0,0,0,0,0,0,0,0,0,0,0,0,0,0,0,0,0,0,0,0,0,0,0,0,0,0,0,0,0,0,0,0,0,0,0,0,0,0,0,0,0,0,0,0,0,0,0,0,0,0,0,0,0,0,0,0,0,0,0,0,0,0,0,0,0,0,0,0,0,0,0,0,0,0,0,0,0,0,0,0,0,0,0,0,0,0,0,0,0,0,0,0,0,0,1,0,0,0,0,0,0,0,0,0,0,0,0,0,0,0,0,0,0,0,0,0,0,0,0,0,0,0,0,0,0,0,0,0,0,,0,0,,0,0,,0,0,0,0,,0,0,0,,0,0,0,,0,0,0,0,0,0,0,0,0,0,0,0,0,0,0,0,0,0,0,0,0,0,0,0,0,0,0,0,0,0,0,0,0,0,0,0,0,0,0,0,0,0,0,0,0,0,0,,,,0,0,0,0,0,0,0,0,0,,,,0,0,0,0,0,0,0,0,0,,,,,,,,,,,,,,,,,,,,,,,,,,,,,,,,,,,,,,,,,,,,,,,,,,,,,,,,,,,,,,,,,,,,,,,,,,,,,,,,,,,,,,,,,,,,,,,,,,,,,,,,,,,,,,,,,,,,,,,,,,,,,,,,,,,,,,,,,,,,,,,,,,,,,,,,,,,,,,,,,,,,,,,,,,,,,,,,,,,,,,,,,,,,,,,,,,,,,,,,,,,,,,,,,,,,,,,,,,,,,,,,,,,,,,,,,,,,,,,,,,,,,,,,,,,,,,,,,,,,,,,,,,,,,,,,,,,,,,,,,,,,,,,,,,,,,,,,,,,,,,,,,,,,,,,,,,,,,,,,,,,,,,,,,,,,,,,,,,,,,,,,,,,,,,,,,,,,,,,,,,,,,,,,,,,,,,,,,,,,,,,,,,,,,,,,,,,,,,,,,,,,,,,,,,,,,,,,,,,,,,,,,,,,,,,,,,,,,,,,,,,,,,,,,,,,,,,,,,,,,,,,,,,,,,,
MI3053600,2006,Litchfield Police Department,Michigan,1425,1,0,6,0,1,1,0,3,0,29,0,3,0,0,0,2,2,2,5,1,1,3,1,1,0,0,0,0,0,1,0,0,0,0,0,0,0,0,0,0,0,0,756,0,348,0,189,2570,0,151,0,710,0,872,0,0,0,339,189,242,221,1511,0,4051,0,756,0,0,0,0,0,13603,0,0,0,0,0,0,0,0,0,0,0,0,756,0,26,0,189,2570,0,151,0,91,0,756,0,0,0,339,189,242,151,1511,0,4051,0,756,0,0,0,0,0,13603,0,0,0,0,0,0,0,0,0,0,0,0,10,0,0,2,0,0,0,5,0,0,0,0,1,2,1,0,2,0,3,1,0,0,0,0,0,1,0,0,0,0,0,0,0,0,0,0,0,0,0,0,0,0,757,0,0,15,0,0,0,100,0,0,0,0,151,1134,38,0,60,0,8000,15,0,0,0,0,0,15568,0,0,0,0,0,0,0,0,0,0,0,0,0,0,0,0,189,0,0,15,0,0,0,76,0,0,0,0,151,1134,38,0,60,0,8000,15,0,0,0,0,0,15568,0,0,0,0,0,0,0,0,0,0,0,0,0,0,0,0,1,0,0,0,0,0,0,0,2,0,0,0,0,0,0,0,1,0,0,0,0,0,0,0,0,0,0,0,0,0,0,0,0,0,0,0,0,0,756,0,0,0,0,0,0,0,1891,0,0,0,0,0,0,0,30,0,0,0,0,0,0,0,0,0,0,0,0,0,0,0,0,0,0,0,0,0,756,0,0,0,0,0,0,0,1891,0,0,0,0,0,0,0,30,0,0,0,0,0,0,0,0,0,0,0,0,0,0,0,0,0,0,0,0,0,1,2,0,0,0,0,1,0,0,0,0,0,0,0,0,0,0,0,0,0,0,0,0,0,0,0,0,0,0,0,0,0,0,0,0,0,0,0,0,0,0,0,0,0,0,0,0,0,0,0,0,0,0,0,0,0,0,0,0,0,0,0,0,0,0,0,0,0,0,0,0,0,0,0,0,0,0,0,0,0,0,0,0,0,0,0,0,0,0,0,0,0,1,0,0,0,0,0,0,0,0,0,,0,0,0,0,0,0,0,0,0,,0,0,0,0,0,0,0,38,0,0,0,0,0,0,0,0,0,,0,0,0,0,0,0,0,0,0,,0,0,0,0,0,0,0,38,0,0,0,0,0,0,0,0,0,,0,0,0,0,0,0,0,0,0,,0,0,0,0,0,0,0,0,0,0,0,0,0,0,0,0,0,0,0,0,0,0,0,0,0,0,0,0,0,0,0,0,0,0,0,,0,0,0,0,0,0,0,0,0,0,0,0,0,0,0,0,0,0,0,0,0,0,0,0,0,0,0,0,0,0,0,,0,0,0,0,0,0,0,0,0,0,0,0,0,0,0,0,0,0,0,0,0,0,0,0,0,0,0,0,0,0,0,,0,0,0,2,0,0,0,0,0,0,0,0,0,0,0,0,0,0,0,0,0,0,0,0,0,0,0,0,0,0,0,0,0,0,0,0,0,0,0,0,0,0,0,0,0,0,0,0,0,0,0,0,0,0,0,0,0,0,0,0,0,0,0,0,0,0,0,0,0,0,0,0,0,0,0,0,0,0,0,0,0,0,0,0,0,0,0,0,0,,,,0,0,0,0,0,0,0,0,0,0,0,0,0,0,0,0,0,0,,,,0,0,0,0,0,0,0,0,0,0,0,0,,,,0,0,0,0,0,0,,,,,,,,,,,,,,,,,,,,,,,,,,,,,,,,,,,,,,,,,,,,,,,,,,,,,,,,,,,,,,,,,,,,,,,,,,,,,,,,,,,,,,,,,,,,,,,,,,,,,,,,,,,,,,,,,,,,,,,,,,,,,,,,,,,,,,,,,,,,,,,,,,,,,,,,,,,,,,,,,,,,,,,,,,,,,,,,,,,,,,,,,,,,,,,,,,,,,,,,,,,,,,,,,,,,,,,,,,,,,,,,,,,,,,,,,,,,,,,,,,,,,,,,,,,,,,,,,,,,,,,,,,,,,,,,,,,,,,,,,,,,,,,,,,,,,,,,,,,,,,,,,,,,,,,,,,,,,,,,,,,,,,,,,,,,,,,,,,,,,,,,,,,,,,,,,,,,,,,,,,,,,,,,,,,,,,,,,,,,,,,,,,,,,,,,,,,,,,,,,,,,,,,,,,,,,,,,,,,,,,,,,,,,,,,,,,,,,,,,,,,,,,,,,,,,,,,,,,,,,,,,,,,,,,,
MI3053600,2005,Litchfield Police Department,Michigan,1448,2,2,10,2,0,2,0,19,1,25,0,3,2,1,0,2,1,8,3,2,3,1,0,2,1,0,0,0,0,0,0,0,0,3,0,0,0,0,0,0,0,0,1560,159,63,936,0,4006,0,461,47,2580,0,4031,19,702,0,940,55,33,91,4692,0,234,0,43,140,0,0,0,0,0,0,0,0,77,0,0,0,0,0,0,0,0,1560,159,17,936,0,4006,0,156,47,78,0,312,19,702,0,940,55,20,78,4692,0,234,0,43,140,0,0,0,0,0,0,0,0,92,0,0,0,0,0,0,0,0,9,0,0,0,0,0,0,8,0,0,0,0,0,1,0,0,5,1,0,0,0,0,0,0,1,9,0,0,0,0,0,0,0,0,0,0,0,0,0,0,0,0,6281,0,0,0,0,0,0,85,0,0,0,0,0,156,0,0,721,1560,0,0,0,0,0,0,156,358,0,0,0,0,0,0,0,0,0,0,0,0,0,0,0,0,351,0,0,0,0,0,0,78,0,0,0,0,0,156,0,0,156,1560,0,0,0,0,0,0,156,234,0,0,0,0,0,0,0,0,0,0,0,0,0,0,0,0,1,0,0,0,0,0,0,0,4,1,0,0,0,0,0,0,1,0,0,0,1,0,0,0,0,1,0,0,0,0,0,0,0,0,0,0,0,0,0,0,0,0,0,0,0,0,884,9361,0,0,0,0,0,0,28,0,0,0,0,0,0,0,0,8,0,0,0,0,0,0,0,0,0,0,0,0,0,0,0,0,0,0,0,0,203,9361,0,0,0,0,0,0,28,0,0,0,0,0,0,0,0,8,0,0,0,0,0,0,0,0,0,0,0,0,0,1,0,0,0,0,0,0,0,0,0,0,0,0,0,0,0,0,0,0,0,0,0,0,0,0,0,0,0,0,0,0,0,0,0,0,0,0,0,0,0,0,0,0,0,0,0,0,0,0,0,0,0,0,0,0,0,0,0,0,0,0,0,0,0,0,0,0,0,0,0,0,0,0,0,0,0,0,0,0,0,0,0,0,0,0,0,0,0,0,0,3,1,0,0,0,0,0,0,4,0,0,,0,0,0,0,0,0,0,0,0,,0,0,0,0,0,0,31,128,0,0,0,0,0,0,1072,0,0,,0,0,0,0,0,0,0,0,0,,0,0,0,0,0,0,31,128,0,0,0,0,0,0,840,0,0,,0,0,0,0,0,0,0,0,0,,0,0,0,0,0,0,0,0,0,0,0,0,0,0,0,0,0,0,0,0,0,0,0,0,0,0,0,0,0,0,0,0,0,0,0,,0,0,0,0,0,0,0,0,0,0,0,0,0,0,0,0,0,0,0,0,0,0,0,0,0,0,0,0,0,0,0,,0,0,0,0,0,0,0,0,0,0,0,0,0,0,0,0,0,0,0,0,0,0,0,0,0,0,0,0,0,0,0,,0,0,0,1,0,0,0,0,0,0,0,0,0,0,0,0,0,0,0,0,0,0,0,0,0,0,0,0,0,0,0,0,0,0,0,0,0,0,0,0,0,0,0,0,0,0,0,0,0,0,0,0,0,0,,0,0,0,,0,0,0,,0,0,0,0,0,0,0,0,0,0,0,0,0,0,0,0,0,0,0,0,0,0,0,0,0,0,0,0,0,0,0,0,0,0,0,0,0,0,0,0,0,0,0,0,0,0,0,0,0,0,0,0,0,0,0,0,0,0,0,0,0,0,0,0,0,0,0,0,0,0,0,,,,,,,,,,,,,,,,,,,,,,,,,,,,,,,,,,,,,,,,,,,,,,,,,,,,,,,,,,,,,,,,,,,,,,,,,,,,,,,,,,,,,,,,,,,,,,,,,,,,,,,,,,,,,,,,,,,,,,,,,,,,,,,,,,,,,,,,,,,,,,,,,,,,,,,,,,,,,,,,,,,,,,,,,,,,,,,,,,,,,,,,,,,,,,,,,,,,,,,,,,,,,,,,,,,,,,,,,,,,,,,,,,,,,,,,,,,,,,,,,,,,,,,,,,,,,,,,,,,,,,,,,,,,,,,,,,,,,,,,,,,,,,,,,,,,,,,,,,,,,,,,,,,,,,,,,,,,,,,,,,,,,,,,,,,,,,,,,,,,,,,,,,,,,,,,,,,,,,,,,,,,,,,,,,,,,,,,,,,,,,,,,,,,,,,,,,,,,,,,,,,,,,,,,,,,,,,,,,,,,,,,,,,,,,,,,,,,,,,,,,,,,,,,,,,,,,,,,,,,,,,,,,,,,,,
MI3053600,2004,Litchfield Police Department,Michigan,1452,5,0,9,1,0,1,0,5,0,22,0,4,1,0,0,2,2,8,4,1,0,1,0,1,4,0,0,0,0,0,0,0,0,0,0,0,0,0,0,0,0,0,164576,0,30,807,0,81,0,1945,0,124,0,215,13,0,0,473,444,94,85,548,0,81,0,65,6342,0,0,0,0,0,0,0,0,0,0,0,0,0,0,0,0,0,5001,0,29,807,0,81,0,403,0,56,0,242,13,0,0,473,444,69,81,548,0,81,0,65,581,0,0,0,0,0,0,0,0,0,0,0,0,0,0,0,0,0,12,0,2,1,0,0,0,5,0,0,0,0,1,1,0,0,2,4,5,0,0,0,0,0,2,3,0,0,1,0,0,0,0,0,0,0,0,0,0,0,0,0,640,0,28,319,0,0,0,401,0,0,0,0,6453,645,0,0,0,1936,174,0,0,0,0,0,161,430,0,0,1613,0,0,0,0,0,0,0,0,0,0,0,0,0,484,0,28,319,0,0,0,121,0,0,0,0,6453,645,0,0,0,807,81,0,0,0,0,0,161,323,0,0,1613,0,0,0,0,0,0,0,0,0,0,0,0,0,1,0,2,0,0,0,0,0,2,0,0,0,1,0,1,0,1,1,0,0,0,0,0,0,0,0,0,0,0,0,0,0,0,0,0,0,0,0,8066,0,6,0,0,0,0,0,19,0,0,0,726,0,13,0,50,177,0,0,0,0,0,0,0,0,0,0,0,0,0,0,0,0,0,0,0,0,8066,0,6,0,0,0,0,0,19,0,0,0,726,0,13,0,50,177,0,0,0,0,0,0,0,0,0,0,0,0,0,0,0,0,0,0,0,0,0,0,0,0,0,0,0,0,0,0,0,0,0,0,0,0,0,0,0,0,0,0,0,0,0,0,0,0,0,0,0,0,0,0,0,0,0,0,0,0,0,0,0,0,0,0,0,0,0,0,0,0,0,0,0,0,0,0,0,0,0,0,0,0,0,0,0,0,0,0,0,0,0,0,0,0,0,0,0,0,0,0,0,0,0,0,0,0,0,0,0,0,1,0,0,0,0,0,0,1,0,0,0,0,0,0,0,0,0,0,0,0,0,0,0,0,0,0,0,0,0,0,0,0,0,0,0,32,0,0,0,0,0,0,0,0,0,0,0,0,0,0,0,0,0,0,0,0,0,0,0,0,0,0,0,32,0,0,0,0,0,0,0,0,0,0,0,0,0,0,0,0,0,0,0,0,0,0,0,0,0,0,0,0,0,0,0,0,0,0,0,0,0,0,0,0,0,0,0,0,0,0,0,0,,0,0,0,0,0,0,0,0,0,0,0,0,0,0,0,0,0,0,0,0,0,0,0,0,0,0,0,0,0,0,0,,0,0,0,0,0,0,0,0,0,0,0,0,0,0,0,0,0,0,0,0,0,0,0,0,0,0,0,0,0,0,0,,0,0,0,0,0,0,0,0,0,0,0,0,0,0,0,0,0,0,0,0,0,0,0,0,0,0,0,0,0,0,0,0,0,0,0,0,0,0,0,0,0,0,0,0,0,0,0,0,0,0,0,0,0,0,,0,0,0,,0,0,0,,0,0,0,0,0,0,0,0,0,0,0,0,0,0,0,0,0,0,0,0,0,0,0,0,0,0,0,0,0,0,0,0,,0,,0,,0,0,0,0,0,0,0,0,0,0,0,0,0,,0,0,,0,0,,0,0,0,0,0,,,,,0,,0,,0,,,,,,,,,,,,,,,,,,,,,,,,,,,,,,,,,,,,,,,,,,,,,,,,,,,,,,,,,,,,,,,,,,,,,,,,,,,,,,,,,,,,,,,,,,,,,,,,,,,,,,,,,,,,,,,,,,,,,,,,,,,,,,,,,,,,,,,,,,,,,,,,,,,,,,,,,,,,,,,,,,,,,,,,,,,,,,,,,,,,,,,,,,,,,,,,,,,,,,,,,,,,,,,,,,,,,,,,,,,,,,,,,,,,,,,,,,,,,,,,,,,,,,,,,,,,,,,,,,,,,,,,,,,,,,,,,,,,,,,,,,,,,,,,,,,,,,,,,,,,,,,,,,,,,,,,,,,,,,,,,,,,,,,,,,,,,,,,,,,,,,,,,,,,,,,,,,,,,,,,,,,,,,,,,,,,,,,,,,,,,,,,,,,,,,,,,,,,,,,,,,,,,,,,,,,,,,,,,,,,,,,,,,,,,,,,,,,,,,,,,,,,,,,,,,,,,,,,,,,,,,,,,,,,,,,
MI3053600,2003,Litchfield Police Department,Michigan,1453,2,2,10,0,0,0,0,5,0,13,0,0,0,0,0,2,3,3,6,2,1,4,1,2,1,0,0,0,0,0,0,0,0,2,0,0,0,0,0,0,0,0,16564,82818114,26,0,0,0,0,148,0,221,0,0,0,0,0,2660,400,37,9890,157,0,75,0,50,33,0,0,0,0,0,0,0,0,166,0,0,0,0,0,0,0,0,16564,82818114,17,0,0,0,0,43,0,20,0,0,0,0,0,2660,207,17,559,157,0,68,0,50,33,0,0,0,0,0,0,0,0,166,0,0,0,0,0,0,0,0,3,0,0,0,0,0,1,7,0,0,0,0,0,0,0,0,0,1,0,0,0,0,0,0,0,3,0,0,1,0,0,0,0,0,0,0,0,0,0,0,0,0,663,0,0,0,0,0,166,578,0,0,0,0,0,0,0,0,0,16564,0,0,0,0,0,0,0,331,0,0,166,0,0,0,0,0,0,0,0,0,0,0,0,0,663,0,0,0,0,0,166,207,0,0,0,0,0,0,0,0,0,16564,0,0,0,0,0,0,0,331,0,0,166,0,0,0,0,0,0,0,0,0,0,0,0,0,1,0,2,0,0,0,1,0,1,0,0,0,0,0,0,1,1,0,0,0,0,0,0,0,0,0,0,0,0,0,0,0,0,0,0,0,0,0,8282,0,17,0,0,0,28,0,45,0,0,0,0,0,0,33127,17,0,0,0,0,0,0,0,0,0,0,0,0,0,0,0,0,0,0,0,0,0,8282,0,17,0,0,0,28,0,45,0,0,0,0,0,0,33127,17,0,0,0,0,0,0,0,0,0,0,0,0,0,0,0,0,0,0,0,0,0,0,1,0,0,0,0,0,0,0,0,0,0,0,0,0,0,0,0,0,0,0,0,0,0,0,0,0,0,0,0,0,0,0,0,0,0,0,0,0,0,0,0,0,0,0,0,0,0,0,0,0,0,0,0,0,0,0,0,0,0,0,0,0,0,0,0,0,0,0,0,0,0,0,0,0,0,0,0,0,0,0,0,0,0,0,0,0,0,0,0,0,0,0,0,0,0,0,0,0,2,0,0,0,0,0,0,0,0,0,0,0,0,0,0,0,0,0,0,0,0,0,0,0,0,0,0,0,402,0,0,0,0,0,0,0,0,0,0,0,0,0,0,0,0,0,0,0,0,0,0,0,0,0,0,0,402,0,0,0,0,0,0,0,0,0,0,0,0,0,0,0,0,0,0,0,0,0,0,0,0,0,0,0,0,0,0,0,0,0,0,0,0,0,0,0,0,0,0,0,0,0,0,0,0,,0,0,0,0,0,0,0,0,0,0,0,0,0,0,0,0,0,0,0,0,0,0,0,0,0,0,0,0,0,0,0,,0,0,0,0,0,0,0,0,0,0,0,0,0,0,0,0,0,0,0,0,0,0,0,0,0,0,0,0,0,0,0,,0,0,0,1,0,0,0,0,0,0,0,0,0,0,0,0,0,0,0,0,0,0,0,0,0,0,0,0,0,0,0,0,0,0,0,0,0,0,0,0,0,0,0,0,0,0,0,0,0,0,0,0,0,0,0,0,0,0,0,0,0,0,0,0,0,,0,0,,0,0,,0,0,0,0,0,0,0,0,0,0,0,0,0,0,0,0,0,,,,0,0,0,0,0,0,0,0,0,0,0,0,0,0,0,0,0,0,0,0,0,0,0,0,0,0,0,0,0,0,0,0,0,,,,0,0,0,0,0,0,,,,,,,,,,,,,,,,,,,,,,,,,,,,,,,,,,,,,,,,,,,,,,,,,,,,,,,,,,,,,,,,,,,,,,,,,,,,,,,,,,,,,,,,,,,,,,,,,,,,,,,,,,,,,,,,,,,,,,,,,,,,,,,,,,,,,,,,,,,,,,,,,,,,,,,,,,,,,,,,,,,,,,,,,,,,,,,,,,,,,,,,,,,,,,,,,,,,,,,,,,,,,,,,,,,,,,,,,,,,,,,,,,,,,,,,,,,,,,,,,,,,,,,,,,,,,,,,,,,,,,,,,,,,,,,,,,,,,,,,,,,,,,,,,,,,,,,,,,,,,,,,,,,,,,,,,,,,,,,,,,,,,,,,,,,,,,,,,,,,,,,,,,,,,,,,,,,,,,,,,,,,,,,,,,,,,,,,,,,,,,,,,,,,,,,,,,,,,,,,,,,,,,,,,,,,,,,,,,,,,,,,,,,,,,,,,,,,,,,,,,,,,,,,,,,,,,,,,,,,,,,,,,,,,,,
MI3053600,2002,Litchfield Police Department,Michigan,1474,2,3,12,0,0,0,0,2,0,28,0,2,0,1,0,2,3,0,5,1,0,2,1,0,2,0,0,0,0,0,0,0,0,2,0,0,0,1,0,0,0,0,11858,231,15,0,0,0,0,174,0,152,0,233,0,762,0,510,150,0,347,796,0,3012,0,0,202,0,0,0,0,0,0,0,0,51,0,0,0,17,0,0,0,0,11858,212,14,0,0,0,0,174,0,42,0,233,0,762,0,510,68,0,296,796,0,3012,0,0,202,0,0,0,0,0,0,0,0,51,0,0,0,17,0,0,0,0,11,0,0,1,0,0,0,4,0,0,0,0,0,1,0,0,1,2,4,0,0,0,1,0,1,2,0,0,0,0,0,0,0,1,0,0,0,0,0,0,0,0,1724,0,0,254,0,0,0,127,0,0,0,0,0,0,0,0,3,932,195,0,0,0,0,0,0,805,0,0,0,0,0,0,0,0,0,0,0,0,0,0,0,0,593,0,0,254,0,0,0,127,0,0,0,0,0,0,0,0,3,932,178,0,0,0,0,0,0,805,0,0,0,0,0,0,0,0,0,0,0,0,0,0,0,0,1,1,1,0,0,0,0,0,1,1,0,0,0,1,0,2,0,0,0,1,0,0,0,0,0,0,0,0,0,0,0,0,0,0,0,0,0,0,15246,212,3,0,0,0,0,0,12,296,0,0,0,54,0,487,0,0,0,102,0,0,0,0,0,0,0,0,0,0,0,0,0,0,0,0,0,0,15246,212,3,0,0,0,0,0,12,296,0,0,0,54,0,487,0,0,0,102,0,0,0,0,0,0,0,0,0,0,0,0,0,0,0,0,0,0,0,5,0,0,0,0,0,0,0,1,0,0,0,0,0,0,0,0,0,0,0,0,0,0,0,0,0,0,0,0,0,0,0,0,0,0,0,0,0,205,0,0,0,0,0,0,0,0,0,0,0,0,0,0,0,0,0,0,0,0,0,0,0,0,0,0,0,0,0,205,0,0,0,0,0,0,0,0,0,0,0,0,0,0,0,0,0,0,0,0,0,0,0,0,0,0,0,0,0,0,0,0,0,0,0,0,0,0,0,0,0,0,,0,0,0,0,0,0,0,0,0,0,0,0,0,0,0,0,0,0,0,0,0,0,0,0,0,0,0,,0,0,0,0,0,0,0,0,0,0,0,0,0,0,0,0,0,0,0,0,0,0,0,0,0,0,0,,0,0,0,0,0,0,0,0,0,0,0,0,0,0,0,0,0,0,0,0,0,0,0,0,0,0,0,0,0,0,0,0,0,,0,0,0,0,0,0,0,0,0,0,0,0,0,0,0,0,0,0,0,0,0,0,0,0,0,0,0,0,0,0,0,,0,0,0,0,0,0,0,0,0,0,0,0,0,0,0,0,0,0,0,0,0,0,0,0,0,0,0,0,0,0,0,,0,0,0,0,0,5,0,0,0,0,0,0,0,0,0,0,0,0,0,0,0,0,0,0,0,0,0,0,0,0,0,0,0,0,0,0,0,0,0,0,0,0,0,0,0,0,0,0,0,0,0,0,0,0,0,0,,0,0,0,,0,0,0,,0,0,0,0,0,0,0,0,0,0,0,0,0,0,0,0,0,0,0,0,0,0,0,0,0,0,,,,0,0,0,0,0,0,0,0,0,0,0,0,0,0,0,0,0,0,0,0,0,,,0,,,0,,,0,0,0,0,,,,0,0,0,0,0,0,0,0,0,,,,,,,,,,,,,,,,,,,,,,,,,,,,,,,,,,,,,,,,,,,,,,,,,,,,,,,,,,,,,,,,,,,,,,,,,,,,,,,,,,,,,,,,,,,,,,,,,,,,,,,,,,,,,,,,,,,,,,,,,,,,,,,,,,,,,,,,,,,,,,,,,,,,,,,,,,,,,,,,,,,,,,,,,,,,,,,,,,,,,,,,,,,,,,,,,,,,,,,,,,,,,,,,,,,,,,,,,,,,,,,,,,,,,,,,,,,,,,,,,,,,,,,,,,,,,,,,,,,,,,,,,,,,,,,,,,,,,,,,,,,,,,,,,,,,,,,,,,,,,,,,,,,,,,,,,,,,,,,,,,,,,,,,,,,,,,,,,,,,,,,,,,,,,,,,,,,,,,,,,,,,,,,,,,,,,,,,,,,,,,,,,,,,,,,,,,,,,,,,,,,,,,,,,,,,,,,,,,,,,,,,,,,,,,,,,,,,,,,,,,,,,,,,,,,,,,,,,,,,,,,,,,,,
MI3053600,2001,Litchfield Police Department,Michigan,1466,1,2,18,3,1,1,0,29,2,45,0,2,0,0,0,8,11,2,5,2,4,6,11,12,9,0,1,0,0,0,0,0,0,1,0,0,0,0,0,0,0,0,3442,120,27,174,1721,258,0,334,163,55,0,2530,0,0,0,1073,382,6,163,191,0,258,0,57,176,0,172,0,0,0,0,0,0,0,0,0,0,0,0,0,0,0,3442,120,17,174,1721,258,0,77,163,24,0,2530,0,0,0,430,179,6,172,191,0,176,0,47,86,0,172,0,0,0,0,0,0,0,0,0,0,0,0,0,0,0,15,0,0,0,0,1,0,9,0,0,0,0,1,1,0,1,7,1,3,0,0,0,0,0,0,2,0,0,0,0,0,0,0,0,0,0,0,0,0,0,0,0,455,0,0,0,0,1721,0,180,0,0,0,0,172,344,0,172,456,172,178,0,0,0,0,0,0,439,0,0,0,0,0,0,0,0,0,0,0,0,0,0,0,0,258,0,0,0,0,1721,0,86,0,0,0,0,172,344,0,172,516,172,172,0,0,0,0,0,0,439,0,0,0,0,0,0,0,0,0,0,0,0,0,0,0,0,0,2,7,2,0,0,0,1,10,0,0,0,0,0,0,2,1,3,0,0,1,1,0,1,1,1,0,0,0,0,0,0,0,0,0,0,0,0,0,120,24,174,0,0,0,86,34,0,0,0,0,0,0,108,9,277,0,0,0,258,0,10,0,86,0,0,0,0,0,0,0,0,0,0,0,0,0,120,17,174,0,0,0,86,17,0,0,0,0,0,0,108,9,120,0,0,0,258,0,10,0,86,0,0,0,0,0,0,0,0,0,0,0,0,1,7,0,0,0,0,0,0,1,0,0,0,0,0,0,0,0,0,0,0,0,0,0,0,0,0,0,0,0,0,10,0,0,0,0,0,0,0,52,0,0,0,0,0,0,0,0,0,0,0,0,0,0,0,0,0,0,0,0,0,10,0,0,0,0,0,0,0,52,0,0,0,0,0,0,0,0,0,0,0,0,0,0,0,0,0,0,0,0,0,0,0,0,0,0,0,0,0,0,0,0,0,,0,0,0,0,0,0,0,0,0,,0,0,0,0,0,0,0,0,0,0,0,0,0,0,0,0,0,,0,0,0,0,0,0,0,0,0,,0,0,0,0,0,0,0,0,0,0,0,0,0,0,0,0,0,,0,0,0,0,0,0,0,0,0,,0,0,0,0,0,0,0,0,0,0,0,0,0,0,0,0,0,0,0,0,0,0,0,0,0,0,0,0,0,0,0,0,0,0,0,0,0,0,0,0,0,0,0,0,0,0,0,0,0,0,0,0,0,0,0,0,0,0,0,0,0,0,0,0,0,0,0,0,0,0,0,0,0,0,0,0,0,0,0,0,0,0,0,0,0,0,0,0,0,0,0,0,0,0,0,0,0,0,0,0,0,0,0,7,0,0,0,0,0,0,0,0,0,0,0,0,0,0,0,0,0,0,0,0,0,0,0,0,0,0,0,0,0,0,0,0,0,0,0,0,0,0,0,0,0,0,0,0,0,0,0,0,0,0,,0,0,0,,0,0,0,,0,0,0,0,0,0,0,0,0,0,0,0,0,0,0,0,0,0,0,0,0,0,0,0,0,0,,,,0,0,0,0,0,0,0,0,0,0,0,0,0,0,0,0,0,0,0,0,0,,0,0,,0,0,,0,0,,,,,,,0,0,0,0,0,0,,,,,,,,,,,,,,,,,,,,,,,,,,,,,,,,,,,,,,,,,,,,,,,,,,,,,,,,,,,,,,,,,,,,,,,,,,,,,,,,,,,,,,,,,,,,,,,,,,,,,,,,,,,,,,,,,,,,,,,,,,,,,,,,,,,,,,,,,,,,,,,,,,,,,,,,,,,,,,,,,,,,,,,,,,,,,,,,,,,,,,,,,,,,,,,,,,,,,,,,,,,,,,,,,,,,,,,,,,,,,,,,,,,,,,,,,,,,,,,,,,,,,,,,,,,,,,,,,,,,,,,,,,,,,,,,,,,,,,,,,,,,,,,,,,,,,,,,,,,,,,,,,,,,,,,,,,,,,,,,,,,,,,,,,,,,,,,,,,,,,,,,,,,,,,,,,,,,,,,,,,,,,,,,,,,,,,,,,,,,,,,,,,,,,,,,,,,,,,,,,,,,,,,,,,,,,,,,,,,,,,,,,,,,,,,,,,,,,,,,,,,,,,,,,,,,,,,,,,,,,,,,,,,,,,,
MI3053600,2000,Litchfield Police Department,Michigan,0,1,1,6,1,2,3,0,14,0,40,0,2,0,1,0,2,2,0,4,1,2,2,0,1,13,0,0,0,1,0,0,0,0,0,0,0,0,0,0,0,0,0,265,885,117,442,411,2401,0,629,0,128,0,283,0,4,0,385,97,0,179,885,0,642,0,18,341,0,0,0,885,0,0,0,0,0,0,0,0,0,0,0,0,0,265,885,34,442,411,1769,0,142,0,19,0,283,0,4,0,385,97,0,181,885,0,642,0,18,177,0,0,0,885,0,0,0,0,0,0,0,0,0,0,0,0,0,14,2,0,1,1,0,0,10,0,0,0,0,0,1,0,0,1,1,0,0,0,0,0,0,0,3,0,0,0,0,0,0,0,0,0,0,0,0,0,0,0,0,373,265,0,177,25,0,0,63,0,0,0,0,0,177,0,0,53,35,0,0,0,0,0,0,0,201,0,0,0,0,0,0,0,0,0,0,0,0,0,0,0,0,222,265,0,177,25,0,0,40,0,0,0,0,0,177,0,0,53,35,0,0,0,0,0,0,0,179,0,0,0,0,0,0,0,0,0,0,0,0,0,0,0,0,0,0,0,0,0,0,0,0,2,0,0,0,0,0,0,0,0,2,0,0,0,0,0,0,0,0,0,0,0,0,0,0,0,0,0,0,0,0,0,0,0,0,0,0,0,0,177,0,0,0,0,0,0,0,0,234,0,0,0,0,0,0,0,0,0,0,0,0,0,0,0,0,0,0,0,0,0,0,0,0,0,0,0,0,177,0,0,0,0,0,0,0,0,234,0,0,0,0,0,0,0,0,0,0,0,0,0,0,0,0,0,0,0,0,0,4,0,0,0,0,1,0,0,0,0,0,0,0,0,0,0,0,0,0,0,0,0,0,1,0,0,0,0,0,0,0,0,0,0,0,9,0,0,0,0,0,0,0,0,0,0,0,0,0,0,0,0,0,0,0,0,0,0,0,0,0,0,0,0,0,9,0,0,0,0,0,0,0,0,0,0,0,0,0,0,0,0,0,0,0,0,0,0,0,0,1,0,0,0,0,0,0,0,0,0,0,0,0,0,0,0,0,0,0,0,,,0,0,0,0,0,0,14,0,0,0,0,0,0,0,0,0,0,0,0,0,0,0,0,0,0,0,,,0,0,0,0,0,0,14,0,0,0,0,0,0,0,0,0,0,0,0,0,0,0,0,0,0,0,,,0,0,0,0,0,0,0,0,0,0,0,0,0,0,0,0,0,0,0,0,0,0,0,0,0,0,0,0,0,0,0,0,0,0,0,0,0,0,0,0,0,0,0,0,0,0,0,0,0,0,0,0,0,0,0,0,0,0,0,0,0,0,0,0,0,0,0,0,0,0,0,0,0,0,0,0,0,0,0,0,0,0,0,0,0,0,0,0,0,0,0,0,0,0,0,0,0,0,0,0,0,0,0,3,0,0,0,0,0,0,0,0,0,0,0,0,0,0,,0,,0,0,,0,,0,0,,0,,0,0,0,0,0,0,0,0,0,0,0,0,0,,0,0,,0,0,,0,0,0,0,0,0,0,0,0,0,0,0,0,0,,0,0,,0,0,,0,0,0,0,0,0,0,0,0,0,0,0,0,0,0,0,0,,,,0,0,0,0,0,0,0,0,0,0,0,0,0,0,0,0,0,0,0,0,0,,0,0,,0,0,,0,0,,,,0,0,0,,,,,,,,,,,,,,,,,,,,,,,,,,,,,,,,,,,,,,,,,,,,,,,,,,,,,,,,,,,,,,,,,,,,,,,,,,,,,,,,,,,,,,,,,,,,,,,,,,,,,,,,,,,,,,,,,,,,,,,,,,,,,,,,,,,,,,,,,,,,,,,,,,,,,,,,,,,,,,,,,,,,,,,,,,,,,,,,,,,,,,,,,,,,,,,,,,,,,,,,,,,,,,,,,,,,,,,,,,,,,,,,,,,,,,,,,,,,,,,,,,,,,,,,,,,,,,,,,,,,,,,,,,,,,,,,,,,,,,,,,,,,,,,,,,,,,,,,,,,,,,,,,,,,,,,,,,,,,,,,,,,,,,,,,,,,,,,,,,,,,,,,,,,,,,,,,,,,,,,,,,,,,,,,,,,,,,,,,,,,,,,,,,,,,,,,,,,,,,,,,,,,,,,,,,,,,,,,,,,,,,,,,,,,,,,,,,,,,,,,,,,,,,,,,,,,,,,,,,,,,,,,,,,,,,,,,,,,,
MI3053600,1999,Litchfield Police Department,Michigan,1404,1,1,4,1,1,1,0,11,0,20,0,1,0,0,0,2,1,3,4,1,2,3,0,3,11,0,0,0,0,0,1,0,0,0,0,0,0,0,0,0,0,0,21951,46,33,915,46,73,0,285,0,426,0,3293,0,0,0,2412,256,16,206,366,0,97,0,46,341,0,0,0,0,0,915,0,0,0,0,0,0,0,0,0,0,0,21951,46,27,915,46,73,0,274,0,91,0,3293,0,0,0,2412,256,13,183,366,0,97,0,27,183,0,0,0,0,0,915,0,0,0,0,0,0,0,0,0,0,0,16,0,1,0,0,0,0,15,0,0,0,0,0,3,0,0,3,1,2,0,1,0,0,0,0,0,0,1,1,1,0,0,0,0,0,0,0,0,0,0,0,0,939,0,91,0,0,0,0,152,0,0,0,0,0,524,0,0,396,183,137,0,549,0,0,0,0,0,0,1280,185,183,0,0,0,0,0,0,0,0,0,0,0,0,412,0,91,0,0,0,0,146,0,0,0,0,0,55,0,0,183,183,137,0,549,0,0,0,0,0,0,1280,185,183,0,0,0,0,0,0,0,0,0,0,0,0,1,0,0,0,1,0,0,0,6,0,0,0,0,0,0,1,2,0,0,0,0,0,0,0,0,0,0,0,0,0,0,0,0,0,0,0,0,0,21951,0,0,0,46,0,0,0,107,0,0,0,0,0,0,274,19,0,0,0,0,0,0,0,0,0,0,0,0,0,0,0,0,0,0,0,0,0,21951,0,0,0,46,0,0,0,10,0,0,0,0,0,0,274,19,0,0,0,0,0,0,0,0,0,0,0,0,0,0,0,0,0,0,0,0,0,0,6,0,0,0,0,1,0,0,0,0,0,0,0,0,0,0,0,0,0,0,0,0,0,0,0,0,0,0,0,0,0,0,0,0,0,4,0,0,0,0,0,0,0,0,0,0,0,0,0,0,0,0,0,0,0,0,0,0,0,0,0,0,0,0,0,4,0,0,0,0,0,0,0,0,0,0,0,0,0,0,0,0,0,0,0,0,0,0,0,0,0,0,0,0,0,0,0,0,1,0,0,,0,0,0,0,0,0,0,0,,0,,0,0,0,,0,0,0,0,0,0,0,0,0,335,0,0,,0,0,0,0,0,0,0,0,,0,,0,0,0,,0,0,0,0,0,0,0,0,0,335,0,0,,0,0,0,0,0,0,0,0,,0,,0,0,0,,0,0,0,0,0,0,0,0,0,0,0,0,0,0,0,0,0,0,0,0,0,0,0,0,0,0,0,0,0,0,,,0,0,0,0,0,0,0,0,0,0,0,0,0,0,0,0,0,0,0,0,0,0,0,0,0,0,0,0,0,0,,,0,0,0,0,0,0,0,0,0,0,0,0,0,0,0,0,0,0,0,0,0,0,0,0,0,0,0,0,0,0,,,0,0,6,0,0,0,0,0,0,1,0,0,0,0,0,0,0,0,0,0,0,0,0,0,0,0,0,0,0,0,0,0,0,0,0,0,0,0,0,0,0,0,,0,0,,0,0,,0,0,0,0,,0,0,0,,0,0,0,,0,0,,0,0,,0,0,,0,0,0,0,0,0,0,0,0,0,0,0,0,0,0,0,0,,,,0,0,0,,0,,0,,0,,,,0,0,0,0,0,0,0,0,0,0,0,0,0,0,0,0,0,0,0,0,0,,,,,,,,,,,,,,,,,,,,,,,,,,,,,,,,,,,,,,,,,,,,,,,,,,,,,,,,,,,,,,,,,,,,,,,,,,,,,,,,,,,,,,,,,,,,,,,,,,,,,,,,,,,,,,,,,,,,,,,,,,,,,,,,,,,,,,,,,,,,,,,,,,,,,,,,,,,,,,,,,,,,,,,,,,,,,,,,,,,,,,,,,,,,,,,,,,,,,,,,,,,,,,,,,,,,,,,,,,,,,,,,,,,,,,,,,,,,,,,,,,,,,,,,,,,,,,,,,,,,,,,,,,,,,,,,,,,,,,,,,,,,,,,,,,,,,,,,,,,,,,,,,,,,,,,,,,,,,,,,,,,,,,,,,,,,,,,,,,,,,,,,,,,,,,,,,,,,,,,,,,,,,,,,,,,,,,,,,,,,,,,,,,,,,,,,,,,,,,,,,,,,,,,,,,,,,,,,,,,,,,,,,,,,,,,,,,,,,,,,,,,,,,,,,,,,,,,,,,,,,,,,,,,,,,,,,,,,,,,,
MI3053600,1998,Litchfield Police Department,Michigan,1397,4,1,9,0,0,0,1,13,0,36,0,5,3,0,1,0,6,3,4,0,0,0,0,3,7,0,0,0,0,0,0,0,0,1,0,0,0,0,0,0,0,0,19160,3365,21,0,0,0,280,792,0,75,0,224,61,0,11,0,983,11,257,0,0,0,0,28,207,0,0,0,0,0,0,0,0,150,0,0,0,0,0,0,0,0,14954,3365,14,0,0,0,280,219,0,21,0,187,60,0,11,0,421,6,280,0,0,0,0,28,93,0,0,0,0,0,0,0,0,150,0,0,0,0,0,0,0,0,16,0,0,0,0,0,0,24,0,0,0,0,1,1,0,0,1,0,0,2,0,0,0,0,0,1,0,0,0,0,0,0,0,0,0,0,0,0,0,0,0,0,895,0,0,0,0,0,0,189,0,0,0,0,5608,374,0,0,93,0,0,187,0,0,0,0,0,37,0,0,0,0,0,0,0,0,0,0,0,0,0,0,0,0,430,0,0,0,0,0,0,93,0,0,0,0,5608,374,0,0,93,0,0,187,0,0,0,0,0,37,0,0,0,0,0,0,0,0,0,0,0,0,0,0,0,0,4,0,2,0,0,0,4,0,6,1,0,1,0,0,2,1,0,3,0,0,0,0,0,0,0,1,0,0,0,0,0,0,0,0,0,0,0,0,19160,0,4,0,0,0,609,0,105,234,0,11,0,0,62,280,0,130,0,0,0,0,0,0,0,19,0,0,0,0,0,0,0,0,0,0,0,0,14954,0,4,0,0,0,240,0,65,234,0,11,0,0,62,280,0,93,0,0,0,0,0,0,0,19,0,0,0,0,0,0,0,0,0,0,0,0,0,5,0,1,0,0,0,0,0,0,0,0,0,0,0,0,0,0,0,0,0,0,0,0,0,0,0,0,0,0,0,0,0,13,0,0,0,0,0,0,0,0,0,0,0,0,0,0,0,0,0,0,0,0,0,0,0,0,0,0,0,0,0,13,0,0,0,0,0,0,0,0,0,0,0,0,0,0,0,0,0,0,0,0,0,0,0,0,0,0,0,0,0,0,0,0,0,0,0,3,0,0,,0,0,0,0,0,0,0,0,,,0,0,0,0,0,0,0,0,0,0,0,0,0,0,186,0,0,,0,0,0,0,0,0,0,0,,,0,0,0,0,0,0,0,0,0,0,0,0,0,0,226,0,0,,0,0,0,0,0,0,0,0,,,0,0,0,0,0,0,0,0,0,0,0,0,1,0,0,0,0,0,0,0,0,0,0,0,0,0,0,0,0,0,0,0,0,0,0,,0,0,0,0,0,0,0,0,0,0,0,0,0,0,0,0,0,0,0,0,0,0,0,0,0,0,0,0,0,0,0,,0,0,0,0,0,0,0,0,0,0,0,0,0,0,0,0,0,0,0,0,0,0,0,0,0,0,0,0,0,0,0,,0,1,0,4,0,0,0,0,0,0,0,0,0,0,1,0,0,0,0,0,,0,0,0,0,,0,0,0,0,,0,0,0,0,0,0,0,0,0,0,0,0,,,0,,,0,,,0,0,0,,0,0,0,,0,0,0,,0,1,0,,,0,,,0,,,0,0,0,0,0,0,0,0,0,0,0,0,0,0,0,,,,0,0,0,0,0,0,0,0,0,0,0,0,0,0,0,,,,0,0,0,,,,,,,,,,,,,,,,,,,,,,,,,,,,,,,,,,,,,,,,,,,,,,,,,,,,,,,,,,,,,,,,,,,,,,,,,,,,,,,,,,,,,,,,,,,,,,,,,,,,,,,,,,,,,,,,,,,,,,,,,,,,,,,,,,,,,,,,,,,,,,,,,,,,,,,,,,,,,,,,,,,,,,,,,,,,,,,,,,,,,,,,,,,,,,,,,,,,,,,,,,,,,,,,,,,,,,,,,,,,,,,,,,,,,,,,,,,,,,,,,,,,,,,,,,,,,,,,,,,,,,,,,,,,,,,,,,,,,,,,,,,,,,,,,,,,,,,,,,,,,,,,,,,,,,,,,,,,,,,,,,,,,,,,,,,,,,,,,,,,,,,,,,,,,,,,,,,,,,,,,,,,,,,,,,,,,,,,,,,,,,,,,,,,,,,,,,,,,,,,,,,,,,,,,,,,,,,,,,,,,,,,,,,,,,,,,,,,,,,,,,,,,,,,,,,,,,,,,,,,,,,,,,,,,,,,,,,,,,,,,,,,,,,,,,,,
MI3053600,1997,Litchfield Police Department,Michigan,,,,,,,,,,,,,,,,,,,,,,,,,,,,,,,,,,,,,,,,,,,,,,,,,,,,,,,,,,,,,,,,,,,,,,,,,,,,,,,,,,,,,,,,,,,,,,,,,,,,,,,,,,,,,,,,,,,,,,,,,,,,,,,,,,,,,,,,,,,,,,,,,,,,,,,,,,,,,,,,,,,,,,,,,,,,,,,,,,,,,,,,,,,,,,,,,,,,,,,,,,,,,,,,,,,,,,,,,,,,,,,,,,,,,,,,,,,,,,,,,,,,,,,,,,,,,,,,,,,,,,,,,,,,,,,,,,,,,,,,,,,,,,,,,,,,,,,,,,,,,,,,,,,,,,,,,,,,,,,,,,,,,,,,,,,,,,,,,,,,,,,,,,,,,,,,,,,,,,,,,,,,,,,,,,,,,,,,,,,,,,,,,,,,,,,,,,,,,,,,,,,,,,,,,,,,,,,,,,,,,,,,,,,,,,,,,,,,,,,,,,,,,,,,,,,,,,,,,,,,,,,,,,,,,,,,,,,,,,,,,,,,,,,,,,,,,,,,,,,,,,,,,,,,,,,,,,,,,,,,,,,,,,,,,,,,,,,,,,,,,,,,,,,,,,,,,,,,,,,,,,,,,,,,,,,,,,,,,,,,,,,,,,,,,,,,,,,,,,,,,,,,,,,,,,,,,,,,,,,,,,,,,,,,,,,,,,,,,,,,,,,,,,,,,,,,,,,,,,,,,,,,,,,,,,,,,,,,,,,,,,,,,,,,,,,,,,,,,,,,,,,,,,,,,,,,,,,,,,,,,,,,,,,,,,,,,,,,,,,,,,,,,,,,,,,,,,,,,,,,,,,,,,,,,,,,,,,,,,,,,,,,,,,,,,,,,,,,,,,,,,,,,,,,,,,,,,,,,,,,,,,,,,,,,,,,,,,,,,,,,,,,,,,,,,,,,,,,,,,,,,,,,,,,,,,,,,,,,,,,,,,,,,,,,,,,,,,,,,,,,,,,,,,,,,,,,,,,,,,,,,,,,,,,,,,,,,,,,,,,,,,,,,,,,,,,,,,,,,,,,,,,,,,,,,,,,,,,,,,,,,,,,,,,,,,,,,,,,,,,,,,,,,,,,,,,,,,,,,,,,,,,,,,,,,,,,,,,,,,,,,,,,,,,,,,,,,,,,,,,,,,,,,,,,,,,,,,,,,,,,,,,,,,,,,,,,,,,,,,,,,,,,,,,,,,,,,,,,,,,,,,,,,,,,,,,,,,,,,,,,,,,,,,,,,,,,,,,,,,,,,,,,,,,,,,,,,,,,,,,,,,,,,,,,,,,,,,,,,,,,,,,,,,,,,,,,,,,,,,,,,,,,,,,,,,,,,,,,,,,,
MI3053600,1996,Litchfield Police Department,Michigan,1372,1,2,8,1,0,2,0,6,1,14,0,6,2,2,0,2,1,7,6,0,5,1,0,3,6,0,1,0,1,0,0,0,0,0,0,0,0,0,0,0,0,0,1554,68,12,1554,0,510,0,448,971,242,0,349,8,4080,0,728,1236,89,215,0,0,0,0,45,180,0,350,0,20398,0,0,0,0,0,0,0,0,0,0,0,0,0,1554,68,12,1554,0,510,0,67,971,97,0,194,8,4080,0,728,1236,37,194,0,0,0,0,39,214,0,350,0,20398,0,0,0,0,0,0,0,0,0,0,0,0,0,14,0,1,1,0,0,0,19,0,0,0,0,0,1,0,0,4,1,3,2,1,0,0,1,1,2,0,0,0,0,1,1,0,0,0,0,0,0,0,0,0,0,742,0,194,19,0,0,0,454,0,0,0,0,0,194,0,0,117,19,324,102,78,0,0,1554,971,117,0,0,0,0,583,291,0,0,0,0,0,0,0,0,0,0,437,0,194,19,0,0,0,194,0,0,0,0,0,194,0,0,117,19,194,102,78,0,0,1554,971,117,0,0,0,0,583,291,0,0,0,0,0,0,0,0,0,0,0,1,1,0,0,0,0,0,2,1,0,0,0,0,0,0,3,0,0,0,0,0,0,0,0,0,0,0,0,0,0,0,0,0,0,0,0,0,0,97,4,0,0,0,0,0,146,41,0,0,0,0,0,0,87,0,0,0,0,0,0,0,0,0,0,0,0,0,0,0,0,0,0,0,0,0,0,97,4,0,0,0,0,0,146,41,0,0,0,0,0,0,12,0,0,0,0,0,0,0,0,0,0,0,0,0,0,0,0,0,0,0,0,0,0,6,0,1,0,0,1,0,0,0,0,0,0,0,0,0,0,0,0,0,0,0,0,0,0,0,0,0,0,0,0,0,0,0,0,0,10,0,0,0,0,0,0,0,0,0,0,0,0,0,0,0,0,0,0,0,0,0,0,0,0,0,0,0,0,0,10,0,0,0,0,0,0,0,0,0,0,0,0,0,0,0,0,0,0,0,0,0,0,0,0,0,0,0,0,0,1,0,0,1,0,0,,0,1,0,0,0,0,0,0,,0,0,0,0,0,0,0,0,0,0,0,0,4476,0,0,19,0,0,,0,39,0,0,0,0,0,0,,0,0,0,0,0,0,0,0,0,0,0,0,4476,0,0,19,0,0,,0,39,0,0,0,0,0,0,,0,0,0,0,0,0,0,0,1,0,0,0,1,0,0,0,0,0,0,0,0,0,0,0,0,0,,0,0,0,0,0,0,0,,,,0,0,0,777,0,0,0,50508,0,0,0,0,0,0,0,0,0,0,0,0,0,,0,0,0,0,0,0,0,,,,0,0,0,777,0,0,0,50508,0,0,0,0,0,0,0,0,0,0,0,0,0,,0,0,0,0,0,0,0,,,,0,0,0,5,0,0,0,0,0,0,0,0,0,0,0,0,0,0,,0,0,0,0,,0,0,0,0,,0,0,0,0,0,0,0,0,0,0,0,0,0,0,,,0,,,0,,,0,0,0,0,0,0,0,0,0,0,0,0,0,0,,0,,,0,,,0,,0,0,0,0,0,0,0,0,0,0,0,0,0,0,0,,,,,,,0,0,0,0,0,0,0,0,0,0,0,0,,,,,,,,,,,,,,,,,,,,,,,,,,,,,,,,,,,,,,,,,,,,,,,,,,,,,,,,,,,,,,,,,,,,,,,,,,,,,,,,,,,,,,,,,,,,,,,,,,,,,,,,,,,,,,,,,,,,,,,,,,,,,,,,,,,,,,,,,,,,,,,,,,,,,,,,,,,,,,,,,,,,,,,,,,,,,,,,,,,,,,,,,,,,,,,,,,,,,,,,,,,,,,,,,,,,,,,,,,,,,,,,,,,,,,,,,,,,,,,,,,,,,,,,,,,,,,,,,,,,,,,,,,,,,,,,,,,,,,,,,,,,,,,,,,,,,,,,,,,,,,,,,,,,,,,,,,,,,,,,,,,,,,,,,,,,,,,,,,,,,,,,,,,,,,,,,,,,,,,,,,,,,,,,,,,,,,,,,,,,,,,,,,,,,,,,,,,,,,,,,,,,,,,,,,,,,,,,,,,,,,,,,,,,,,,,,,,,,,,,,,,,,,,,,,,,,,,,,,,,,,,,,,,,,,,,,,,,,,,,,,,,,,,,,,,,,,,,,,
