ORI,year,agency,state,population,property_stolen_automobile,property_stolen_clothes_furs,property_stolen_consumable_goods,property_stolen_firearms,property_stolen_household_goods,property_stolen_jewelry_precious_metals_gems,property_stolen_livestock,property_stolen_money,property_stolen_office_type_equipment,property_stolen_other,property_stolen_pending_inventory_of_property,property_stolen_radios_tv_vcr_dvd_players,property_stolen_alcohol,property_stolen_farm_equipment,property_stolen_other_motor_vehicles,property_stolen_tools_power_hand,property_stolen_vehicle_parts_accessories,property_stolen_merchandise,property_stolen_bicycles,property_stolen_computer_hardware_software,property_stolen_credit_debit_cards,property_stolen_negotiable_instruments,property_stolen_nonnegotiable_instruments,property_stolen_purses_handbags_wallets,property_stolen_recordings_audio_visual,property_stolen_recreational_vehicles,property_stolen_special_category,property_stolen_structures_single_occupancy_dwellings,property_stolen_trucks,property_stolen_watercraft,property_stolen_heavy_construction_industrial_equipment,property_stolen_structures_other,property_stolen_structures_other_commercial_business,property_stolen_drugs_narcotics,property_stolen_structures_storage,property_stolen_structures_other_dwellings,property_stolen_structures_public_community,property_stolen_drug_narcotic_equipment,property_stolen_gambling_equipment,property_stolen_aircraft,property_stolen_structures_industrial_manufacturing,property_stolen_buses,property_stolen_mean_value_automobile,property_stolen_mean_value_clothes_furs,property_stolen_mean_value_consumable_goods,property_stolen_mean_value_firearms,property_stolen_mean_value_household_goods,property_stolen_mean_value_jewelry_precious_metals_gems,property_stolen_mean_value_livestock,property_stolen_mean_value_money,property_stolen_mean_value_office_type_equipment,property_stolen_mean_value_other,property_stolen_mean_value_pending_inventory_of_property,property_stolen_mean_value_radios_tv_vcr_dvd_players,property_stolen_mean_value_alcohol,property_stolen_mean_value_farm_equipment,property_stolen_mean_value_other_motor_vehicles,property_stolen_mean_value_tools_power_hand,property_stolen_mean_value_vehicle_parts_accessories,property_stolen_mean_value_merchandise,property_stolen_mean_value_bicycles,property_stolen_mean_value_computer_hardware_software,property_stolen_mean_value_credit_debit_cards,property_stolen_mean_value_negotiable_instruments,property_stolen_mean_value_nonnegotiable_instruments,property_stolen_mean_value_purses_handbags_wallets,property_stolen_mean_value_recordings_audio_visual,property_stolen_mean_value_recreational_vehicles,property_stolen_mean_value_special_category,property_stolen_mean_value_structures_single_occupancy_dwellings,property_stolen_mean_value_trucks,property_stolen_mean_value_watercraft,property_stolen_mean_value_heavy_construction_industrial_equipment,property_stolen_mean_value_structures_other,property_stolen_mean_value_structures_other_commercial_business,property_stolen_mean_value_drugs_narcotics,property_stolen_mean_value_structures_storage,property_stolen_mean_value_structures_other_dwellings,property_stolen_mean_value_structures_public_community,property_stolen_mean_value_drug_narcotic_equipment,property_stolen_mean_value_gambling_equipment,property_stolen_mean_value_aircraft,property_stolen_mean_value_structures_industrial_manufacturing,property_stolen_mean_value_buses,property_stolen_median_value_automobile,property_stolen_median_value_clothes_furs,property_stolen_median_value_consumable_goods,property_stolen_median_value_firearms,property_stolen_median_value_household_goods,property_stolen_median_value_jewelry_precious_metals_gems,property_stolen_median_value_livestock,property_stolen_median_value_money,property_stolen_median_value_office_type_equipment,property_stolen_median_value_other,property_stolen_median_value_pending_inventory_of_property,property_stolen_median_value_radios_tv_vcr_dvd_players,property_stolen_median_value_alcohol,property_stolen_median_value_farm_equipment,property_stolen_median_value_other_motor_vehicles,property_stolen_median_value_tools_power_hand,property_stolen_median_value_vehicle_parts_accessories,property_stolen_median_value_merchandise,property_stolen_median_value_bicycles,property_stolen_median_value_computer_hardware_software,property_stolen_median_value_credit_debit_cards,property_stolen_median_value_negotiable_instruments,property_stolen_median_value_nonnegotiable_instruments,property_stolen_median_value_purses_handbags_wallets,property_stolen_median_value_recordings_audio_visual,property_stolen_median_value_recreational_vehicles,property_stolen_median_value_special_category,property_stolen_median_value_structures_single_occupancy_dwellings,property_stolen_median_value_trucks,property_stolen_median_value_watercraft,property_stolen_median_value_heavy_construction_industrial_equipment,property_stolen_median_value_structures_other,property_stolen_median_value_structures_other_commercial_business,property_stolen_median_value_drugs_narcotics,property_stolen_median_value_structures_storage,property_stolen_median_value_structures_other_dwellings,property_stolen_median_value_structures_public_community,property_stolen_median_value_drug_narcotic_equipment,property_stolen_median_value_gambling_equipment,property_stolen_median_value_aircraft,property_stolen_median_value_structures_industrial_manufacturing,property_stolen_median_value_buses,property_destroyed_automobile,property_destroyed_clothes_furs,property_destroyed_consumable_goods,property_destroyed_household_goods,property_destroyed_livestock,property_destroyed_money,property_destroyed_office_type_equipment,property_destroyed_other,property_destroyed_radios_tv_vcr_dvd_players,property_destroyed_firearms,property_destroyed_jewelry_precious_metals_gems,property_destroyed_pending_inventory_of_property,property_destroyed_buses,property_destroyed_structures_single_occupancy_dwellings,property_destroyed_structures_storage,property_destroyed_farm_equipment,property_destroyed_structures_other,property_destroyed_structures_other_dwellings,property_destroyed_structures_public_community,property_destroyed_bicycles,property_destroyed_merchandise,property_destroyed_other_motor_vehicles,property_destroyed_recreational_vehicles,property_destroyed_special_category,property_destroyed_structures_other_commercial_business,property_destroyed_vehicle_parts_accessories,property_destroyed_watercraft,property_destroyed_heavy_construction_industrial_equipment,property_destroyed_computer_hardware_software,property_destroyed_tools_power_hand,property_destroyed_trucks,property_destroyed_alcohol,property_destroyed_recordings_audio_visual,property_destroyed_structures_industrial_manufacturing,property_destroyed_negotiable_instruments,property_destroyed_aircraft,property_destroyed_drugs_narcotics,property_destroyed_nonnegotiable_instruments,property_destroyed_gambling_equipment,property_destroyed_purses_handbags_wallets,property_destroyed_credit_debit_cards,property_destroyed_drug_narcotic_equipment,property_destroyed_mean_value_automobile,property_destroyed_mean_value_clothes_furs,property_destroyed_mean_value_consumable_goods,property_destroyed_mean_value_household_goods,property_destroyed_mean_value_livestock,property_destroyed_mean_value_money,property_destroyed_mean_value_office_type_equipment,property_destroyed_mean_value_other,property_destroyed_mean_value_radios_tv_vcr_dvd_players,property_destroyed_mean_value_firearms,property_destroyed_mean_value_jewelry_precious_metals_gems,property_destroyed_mean_value_pending_inventory_of_property,property_destroyed_mean_value_buses,property_destroyed_mean_value_structures_single_occupancy_dwellings,property_destroyed_mean_value_structures_storage,property_destroyed_mean_value_farm_equipment,property_destroyed_mean_value_structures_other,property_destroyed_mean_value_structures_other_dwellings,property_destroyed_mean_value_structures_public_community,property_destroyed_mean_value_bicycles,property_destroyed_mean_value_merchandise,property_destroyed_mean_value_other_motor_vehicles,property_destroyed_mean_value_recreational_vehicles,property_destroyed_mean_value_special_category,property_destroyed_mean_value_structures_other_commercial_business,property_destroyed_mean_value_vehicle_parts_accessories,property_destroyed_mean_value_watercraft,property_destroyed_mean_value_heavy_construction_industrial_equipment,property_destroyed_mean_value_computer_hardware_software,property_destroyed_mean_value_tools_power_hand,property_destroyed_mean_value_trucks,property_destroyed_mean_value_alcohol,property_destroyed_mean_value_recordings_audio_visual,property_destroyed_mean_value_structures_industrial_manufacturing,property_destroyed_mean_value_negotiable_instruments,property_destroyed_mean_value_aircraft,property_destroyed_mean_value_drugs_narcotics,property_destroyed_mean_value_nonnegotiable_instruments,property_destroyed_mean_value_gambling_equipment,property_destroyed_mean_value_purses_handbags_wallets,property_destroyed_mean_value_credit_debit_cards,property_destroyed_mean_value_drug_narcotic_equipment,property_destroyed_median_value_automobile,property_destroyed_median_value_clothes_furs,property_destroyed_median_value_consumable_goods,property_destroyed_median_value_household_goods,property_destroyed_median_value_livestock,property_destroyed_median_value_money,property_destroyed_median_value_office_type_equipment,property_destroyed_median_value_other,property_destroyed_median_value_radios_tv_vcr_dvd_players,property_destroyed_median_value_firearms,property_destroyed_median_value_jewelry_precious_metals_gems,property_destroyed_median_value_pending_inventory_of_property,property_destroyed_median_value_buses,property_destroyed_median_value_structures_single_occupancy_dwellings,property_destroyed_median_value_structures_storage,property_destroyed_median_value_farm_equipment,property_destroyed_median_value_structures_other,property_destroyed_median_value_structures_other_dwellings,property_destroyed_median_value_structures_public_community,property_destroyed_median_value_bicycles,property_destroyed_median_value_merchandise,property_destroyed_median_value_other_motor_vehicles,property_destroyed_median_value_recreational_vehicles,property_destroyed_median_value_special_category,property_destroyed_median_value_structures_other_commercial_business,property_destroyed_median_value_vehicle_parts_accessories,property_destroyed_median_value_watercraft,property_destroyed_median_value_heavy_construction_industrial_equipment,property_destroyed_median_value_computer_hardware_software,property_destroyed_median_value_tools_power_hand,property_destroyed_median_value_trucks,property_destroyed_median_value_alcohol,property_destroyed_median_value_recordings_audio_visual,property_destroyed_median_value_structures_industrial_manufacturing,property_destroyed_median_value_negotiable_instruments,property_destroyed_median_value_aircraft,property_destroyed_median_value_drugs_narcotics,property_destroyed_median_value_nonnegotiable_instruments,property_destroyed_median_value_gambling_equipment,property_destroyed_median_value_purses_handbags_wallets,property_destroyed_median_value_credit_debit_cards,property_destroyed_median_value_drug_narcotic_equipment,property_recovered_automobile,property_recovered_clothes_furs,property_recovered_consumable_goods,property_recovered_firearms,property_recovered_household_goods,property_recovered_jewelry_precious_metals_gems,property_recovered_money,property_recovered_office_type_equipment,property_recovered_other,property_recovered_radios_tv_vcr_dvd_players,property_recovered_livestock,property_recovered_other_motor_vehicles,property_recovered_vehicle_parts_accessories,property_recovered_tools_power_hand,property_recovered_alcohol,property_recovered_bicycles,property_recovered_merchandise,property_recovered_recordings_audio_visual,property_recovered_recreational_vehicles,property_recovered_watercraft,property_recovered_credit_debit_cards,property_recovered_computer_hardware_software,property_recovered_heavy_construction_industrial_equipment,property_recovered_negotiable_instruments,property_recovered_nonnegotiable_instruments,property_recovered_purses_handbags_wallets,property_recovered_special_category,property_recovered_structures_storage,property_recovered_trucks,property_recovered_farm_equipment,property_recovered_structures_other_dwellings,property_recovered_drug_narcotic_equipment,property_recovered_drugs_narcotics,property_recovered_gambling_equipment,property_recovered_buses,property_recovered_aircraft,property_recovered_pending_inventory_of_property,property_recovered_structures_other,property_recovered_mean_value_automobile,property_recovered_mean_value_clothes_furs,property_recovered_mean_value_consumable_goods,property_recovered_mean_value_firearms,property_recovered_mean_value_household_goods,property_recovered_mean_value_jewelry_precious_metals_gems,property_recovered_mean_value_money,property_recovered_mean_value_office_type_equipment,property_recovered_mean_value_other,property_recovered_mean_value_radios_tv_vcr_dvd_players,property_recovered_mean_value_livestock,property_recovered_mean_value_other_motor_vehicles,property_recovered_mean_value_vehicle_parts_accessories,property_recovered_mean_value_tools_power_hand,property_recovered_mean_value_alcohol,property_recovered_mean_value_bicycles,property_recovered_mean_value_merchandise,property_recovered_mean_value_recordings_audio_visual,property_recovered_mean_value_recreational_vehicles,property_recovered_mean_value_watercraft,property_recovered_mean_value_credit_debit_cards,property_recovered_mean_value_computer_hardware_software,property_recovered_mean_value_heavy_construction_industrial_equipment,property_recovered_mean_value_negotiable_instruments,property_recovered_mean_value_nonnegotiable_instruments,property_recovered_mean_value_purses_handbags_wallets,property_recovered_mean_value_special_category,property_recovered_mean_value_structures_storage,property_recovered_mean_value_trucks,property_recovered_mean_value_farm_equipment,property_recovered_mean_value_structures_other_dwellings,property_recovered_mean_value_drug_narcotic_equipment,property_recovered_mean_value_drugs_narcotics,property_recovered_mean_value_gambling_equipment,property_recovered_mean_value_buses,property_recovered_mean_value_aircraft,property_recovered_mean_value_pending_inventory_of_property,property_recovered_mean_value_structures_other,property_recovered_median_value_automobile,property_recovered_median_value_clothes_furs,property_recovered_median_value_consumable_goods,property_recovered_median_value_firearms,property_recovered_median_value_household_goods,property_recovered_median_value_jewelry_precious_metals_gems,property_recovered_median_value_money,property_recovered_median_value_office_type_equipment,property_recovered_median_value_other,property_recovered_median_value_radios_tv_vcr_dvd_players,property_recovered_median_value_livestock,property_recovered_median_value_other_motor_vehicles,property_recovered_median_value_vehicle_parts_accessories,property_recovered_median_value_tools_power_hand,property_recovered_median_value_alcohol,property_recovered_median_value_bicycles,property_recovered_median_value_merchandise,property_recovered_median_value_recordings_audio_visual,property_recovered_median_value_recreational_vehicles,property_recovered_median_value_watercraft,property_recovered_median_value_credit_debit_cards,property_recovered_median_value_computer_hardware_software,property_recovered_median_value_heavy_construction_industrial_equipment,property_recovered_median_value_negotiable_instruments,property_recovered_median_value_nonnegotiable_instruments,property_recovered_median_value_purses_handbags_wallets,property_recovered_median_value_special_category,property_recovered_median_value_structures_storage,property_recovered_median_value_trucks,property_recovered_median_value_farm_equipment,property_recovered_median_value_structures_other_dwellings,property_recovered_median_value_drug_narcotic_equipment,property_recovered_median_value_drugs_narcotics,property_recovered_median_value_gambling_equipment,property_recovered_median_value_buses,property_recovered_median_value_aircraft,property_recovered_median_value_pending_inventory_of_property,property_recovered_median_value_structures_other,property_seized_consumable_goods,property_seized_drugs_narcotics,property_seized_firearms,property_seized_other,property_seized_radios_tv_vcr_dvd_players,property_seized_pending_inventory_of_property,property_seized_drug_narcotic_equipment,property_seized_gambling_equipment,property_seized_money,property_seized_negotiable_instruments,property_seized_alcohol,property_seized_vehicle_parts_accessories,property_seized_special_category,property_seized_nonnegotiable_instruments,property_seized_purses_handbags_wallets,property_seized_automobile,property_seized_jewelry_precious_metals_gems,property_seized_aircraft,property_seized_trucks,property_seized_clothes_furs,property_seized_farm_equipment,property_seized_office_type_equipment,property_seized_computer_hardware_software,property_seized_bicycles,property_seized_credit_debit_cards,property_seized_household_goods,property_seized_other_motor_vehicles,property_seized_tools_power_hand,property_seized_recordings_audio_visual,property_seized_structures_single_occupancy_dwellings,property_seized_mean_value_consumable_goods,property_seized_mean_value_drugs_narcotics,property_seized_mean_value_firearms,property_seized_mean_value_other,property_seized_mean_value_radios_tv_vcr_dvd_players,property_seized_mean_value_pending_inventory_of_property,property_seized_mean_value_drug_narcotic_equipment,property_seized_mean_value_gambling_equipment,property_seized_mean_value_money,property_seized_mean_value_negotiable_instruments,property_seized_mean_value_alcohol,property_seized_mean_value_vehicle_parts_accessories,property_seized_mean_value_special_category,property_seized_mean_value_nonnegotiable_instruments,property_seized_mean_value_purses_handbags_wallets,property_seized_mean_value_automobile,property_seized_mean_value_jewelry_precious_metals_gems,property_seized_mean_value_aircraft,property_seized_mean_value_trucks,property_seized_mean_value_clothes_furs,property_seized_mean_value_farm_equipment,property_seized_mean_value_office_type_equipment,property_seized_mean_value_computer_hardware_software,property_seized_mean_value_bicycles,property_seized_mean_value_credit_debit_cards,property_seized_mean_value_household_goods,property_seized_mean_value_other_motor_vehicles,property_seized_mean_value_tools_power_hand,property_seized_mean_value_recordings_audio_visual,property_seized_mean_value_structures_single_occupancy_dwellings,property_seized_median_value_consumable_goods,property_seized_median_value_drugs_narcotics,property_seized_median_value_firearms,property_seized_median_value_other,property_seized_median_value_radios_tv_vcr_dvd_players,property_seized_median_value_pending_inventory_of_property,property_seized_median_value_drug_narcotic_equipment,property_seized_median_value_gambling_equipment,property_seized_median_value_money,property_seized_median_value_negotiable_instruments,property_seized_median_value_alcohol,property_seized_median_value_vehicle_parts_accessories,property_seized_median_value_special_category,property_seized_median_value_nonnegotiable_instruments,property_seized_median_value_purses_handbags_wallets,property_seized_median_value_automobile,property_seized_median_value_jewelry_precious_metals_gems,property_seized_median_value_aircraft,property_seized_median_value_trucks,property_seized_median_value_clothes_furs,property_seized_median_value_farm_equipment,property_seized_median_value_office_type_equipment,property_seized_median_value_computer_hardware_software,property_seized_median_value_bicycles,property_seized_median_value_credit_debit_cards,property_seized_median_value_household_goods,property_seized_median_value_other_motor_vehicles,property_seized_median_value_tools_power_hand,property_seized_median_value_recordings_audio_visual,property_seized_median_value_structures_single_occupancy_dwellings,property_counterfeited_automobile,property_counterfeited_money,property_counterfeited_other,property_counterfeited_pending_inventory_of_property,property_counterfeited_clothes_furs,property_counterfeited_consumable_goods,property_counterfeited_jewelry_precious_metals_gems,property_counterfeited_office_type_equipment,property_counterfeited_radios_tv_vcr_dvd_players,property_counterfeited_negotiable_instruments,property_counterfeited_credit_debit_cards,property_counterfeited_nonnegotiable_instruments,property_counterfeited_structures_public_community,property_counterfeited_special_category,property_counterfeited_drugs_narcotics,property_counterfeited_farm_equipment,property_counterfeited_vehicle_parts_accessories,property_counterfeited_household_goods,property_counterfeited_recordings_audio_visual,property_counterfeited_tools_power_hand,property_counterfeited_alcohol,property_counterfeited_recreational_vehicles,property_counterfeited_structures_industrial_manufacturing,property_counterfeited_structures_single_occupancy_dwellings,property_counterfeited_drug_narcotic_equipment,property_counterfeited_merchandise,property_counterfeited_computer_hardware_software,property_counterfeited_firearms,property_counterfeited_mean_value_automobile,property_counterfeited_mean_value_money,property_counterfeited_mean_value_other,property_counterfeited_mean_value_pending_inventory_of_property,property_counterfeited_mean_value_clothes_furs,property_counterfeited_mean_value_consumable_goods,property_counterfeited_mean_value_jewelry_precious_metals_gems,property_counterfeited_mean_value_office_type_equipment,property_counterfeited_mean_value_radios_tv_vcr_dvd_players,property_counterfeited_mean_value_negotiable_instruments,property_counterfeited_mean_value_credit_debit_cards,property_counterfeited_mean_value_nonnegotiable_instruments,property_counterfeited_mean_value_structures_public_community,property_counterfeited_mean_value_special_category,property_counterfeited_mean_value_drugs_narcotics,property_counterfeited_mean_value_farm_equipment,property_counterfeited_mean_value_vehicle_parts_accessories,property_counterfeited_mean_value_household_goods,property_counterfeited_mean_value_recordings_audio_visual,property_counterfeited_mean_value_tools_power_hand,property_counterfeited_mean_value_alcohol,property_counterfeited_mean_value_recreational_vehicles,property_counterfeited_mean_value_structures_industrial_manufacturing,property_counterfeited_mean_value_structures_single_occupancy_dwellings,property_counterfeited_mean_value_drug_narcotic_equipment,property_counterfeited_mean_value_merchandise,property_counterfeited_mean_value_computer_hardware_software,property_counterfeited_mean_value_firearms,property_counterfeited_median_value_automobile,property_counterfeited_median_value_money,property_counterfeited_median_value_other,property_counterfeited_median_value_pending_inventory_of_property,property_counterfeited_median_value_clothes_furs,property_counterfeited_median_value_consumable_goods,property_counterfeited_median_value_jewelry_precious_metals_gems,property_counterfeited_median_value_office_type_equipment,property_counterfeited_median_value_radios_tv_vcr_dvd_players,property_counterfeited_median_value_negotiable_instruments,property_counterfeited_median_value_credit_debit_cards,property_counterfeited_median_value_nonnegotiable_instruments,property_counterfeited_median_value_structures_public_community,property_counterfeited_median_value_special_category,property_counterfeited_median_value_drugs_narcotics,property_counterfeited_median_value_farm_equipment,property_counterfeited_median_value_vehicle_parts_accessories,property_counterfeited_median_value_household_goods,property_counterfeited_median_value_recordings_audio_visual,property_counterfeited_median_value_tools_power_hand,property_counterfeited_median_value_alcohol,property_counterfeited_median_value_recreational_vehicles,property_counterfeited_median_value_structures_industrial_manufacturing,property_counterfeited_median_value_structures_single_occupancy_dwellings,property_counterfeited_median_value_drug_narcotic_equipment,property_counterfeited_median_value_merchandise,property_counterfeited_median_value_computer_hardware_software,property_counterfeited_median_value_firearms,property_burned_pending_inventory_of_property,property_burned_automobile,property_burned_other,property_burned_structures_single_occupancy_dwellings,property_burned_household_goods,property_burned_special_category,property_burned_structures_other,property_burned_structures_other_dwellings,property_burned_structures_storage,property_burned_vehicle_parts_accessories,property_burned_structures_public_community,property_burned_bicycles,property_burned_structures_other_commercial_business,property_burned_clothes_furs,property_burned_farm_equipment,property_burned_buses,property_burned_trucks,property_burned_heavy_construction_industrial_equipment,property_burned_money,property_burned_watercraft,property_burned_computer_hardware_software,property_burned_consumable_goods,property_burned_other_motor_vehicles,property_burned_recreational_vehicles,property_burned_radios_tv_vcr_dvd_players,property_burned_structures_industrial_manufacturing,property_burned_tools_power_hand,property_burned_purses_handbags_wallets,property_burned_jewelry_precious_metals_gems,property_burned_recordings_audio_visual,property_burned_credit_debit_cards,property_burned_firearms,property_burned_mean_value_pending_inventory_of_property,property_burned_mean_value_automobile,property_burned_mean_value_other,property_burned_mean_value_structures_single_occupancy_dwellings,property_burned_mean_value_household_goods,property_burned_mean_value_special_category,property_burned_mean_value_structures_other,property_burned_mean_value_structures_other_dwellings,property_burned_mean_value_structures_storage,property_burned_mean_value_vehicle_parts_accessories,property_burned_mean_value_structures_public_community,property_burned_mean_value_bicycles,property_burned_mean_value_structures_other_commercial_business,property_burned_mean_value_clothes_furs,property_burned_mean_value_farm_equipment,property_burned_mean_value_buses,property_burned_mean_value_trucks,property_burned_mean_value_heavy_construction_industrial_equipment,property_burned_mean_value_money,property_burned_mean_value_watercraft,property_burned_mean_value_computer_hardware_software,property_burned_mean_value_consumable_goods,property_burned_mean_value_other_motor_vehicles,property_burned_mean_value_recreational_vehicles,property_burned_mean_value_radios_tv_vcr_dvd_players,property_burned_mean_value_structures_industrial_manufacturing,property_burned_mean_value_tools_power_hand,property_burned_mean_value_purses_handbags_wallets,property_burned_mean_value_jewelry_precious_metals_gems,property_burned_mean_value_recordings_audio_visual,property_burned_mean_value_credit_debit_cards,property_burned_mean_value_firearms,property_burned_median_value_pending_inventory_of_property,property_burned_median_value_automobile,property_burned_median_value_other,property_burned_median_value_structures_single_occupancy_dwellings,property_burned_median_value_household_goods,property_burned_median_value_special_category,property_burned_median_value_structures_other,property_burned_median_value_structures_other_dwellings,property_burned_median_value_structures_storage,property_burned_median_value_vehicle_parts_accessories,property_burned_median_value_structures_public_community,property_burned_median_value_bicycles,property_burned_median_value_structures_other_commercial_business,property_burned_median_value_clothes_furs,property_burned_median_value_farm_equipment,property_burned_median_value_buses,property_burned_median_value_trucks,property_burned_median_value_heavy_construction_industrial_equipment,property_burned_median_value_money,property_burned_median_value_watercraft,property_burned_median_value_computer_hardware_software,property_burned_median_value_consumable_goods,property_burned_median_value_other_motor_vehicles,property_burned_median_value_recreational_vehicles,property_burned_median_value_radios_tv_vcr_dvd_players,property_burned_median_value_structures_industrial_manufacturing,property_burned_median_value_tools_power_hand,property_burned_median_value_purses_handbags_wallets,property_burned_median_value_jewelry_precious_metals_gems,property_burned_median_value_recordings_audio_visual,property_burned_median_value_credit_debit_cards,property_burned_median_value_firearms,drugs_unknown_type_drug,drugs_cocaine,drugs_marijuana,drugs_hashish,drugs_amphetamines_methamphetamines,drugs_other_hallucinogens,drugs_other_stimulants,drugs_crack_cocaine,drugs_lsd,drugs_other_narcotics,drugs_barbiturates,drugs_heroin,drugs_morphine,drugs_other_depressants,drugs_pcp,property_seized_merchandise,property_seized_watercraft,property_seized_structures_other_dwellings,property_seized_recreational_vehicles,property_seized_structures_other,property_seized_mean_value_merchandise,property_seized_mean_value_watercraft,property_seized_mean_value_structures_other_dwellings,property_seized_mean_value_recreational_vehicles,property_seized_mean_value_structures_other,property_seized_median_value_merchandise,property_seized_median_value_watercraft,property_seized_median_value_structures_other_dwellings,property_seized_median_value_recreational_vehicles,property_seized_median_value_structures_other,property_recovered_structures_other_commercial_business,property_recovered_structures_industrial_manufacturing,property_recovered_structures_single_occupancy_dwellings,property_recovered_structures_public_community,property_recovered_mean_value_structures_other_commercial_business,property_recovered_mean_value_structures_industrial_manufacturing,property_recovered_mean_value_structures_single_occupancy_dwellings,property_recovered_mean_value_structures_public_community,property_recovered_median_value_structures_other_commercial_business,property_recovered_median_value_structures_industrial_manufacturing,property_recovered_median_value_structures_single_occupancy_dwellings,property_recovered_median_value_structures_public_community,property_counterfeited_livestock,property_counterfeited_gambling_equipment,property_counterfeited_purses_handbags_wallets,property_counterfeited_mean_value_livestock,property_counterfeited_mean_value_gambling_equipment,property_counterfeited_mean_value_purses_handbags_wallets,property_counterfeited_median_value_livestock,property_counterfeited_median_value_gambling_equipment,property_counterfeited_median_value_purses_handbags_wallets,property_burned_livestock,property_burned_office_type_equipment,property_burned_gambling_equipment,property_burned_drugs_narcotics,property_burned_mean_value_livestock,property_burned_mean_value_office_type_equipment,property_burned_mean_value_gambling_equipment,property_burned_mean_value_drugs_narcotics,property_burned_median_value_livestock,property_burned_median_value_office_type_equipment,property_burned_median_value_gambling_equipment,property_burned_median_value_drugs_narcotics,drugs_opium,property_counterfeited_trucks,property_counterfeited_heavy_construction_industrial_equipment,property_counterfeited_other_motor_vehicles,property_counterfeited_mean_value_trucks,property_counterfeited_mean_value_heavy_construction_industrial_equipment,property_counterfeited_mean_value_other_motor_vehicles,property_counterfeited_median_value_trucks,property_counterfeited_median_value_heavy_construction_industrial_equipment,property_counterfeited_median_value_other_motor_vehicles,property_burned_alcohol,property_burned_merchandise,property_burned_nonnegotiable_instruments,property_burned_aircraft,property_burned_mean_value_alcohol,property_burned_mean_value_merchandise,property_burned_mean_value_nonnegotiable_instruments,property_burned_mean_value_aircraft,property_burned_median_value_alcohol,property_burned_median_value_merchandise,property_burned_median_value_nonnegotiable_instruments,property_burned_median_value_aircraft,property_seized_heavy_construction_industrial_equipment,property_seized_mean_value_heavy_construction_industrial_equipment,property_seized_median_value_heavy_construction_industrial_equipment,property_burned_drug_narcotic_equipment,property_burned_mean_value_drug_narcotic_equipment,property_burned_median_value_drug_narcotic_equipment,property_seized_buses,property_seized_mean_value_buses,property_seized_median_value_buses,property_counterfeited_structures_other_commercial_business,property_counterfeited_aircraft,property_counterfeited_mean_value_structures_other_commercial_business,property_counterfeited_mean_value_aircraft,property_counterfeited_median_value_structures_other_commercial_business,property_counterfeited_median_value_aircraft,property_burned_negotiable_instruments,property_burned_mean_value_negotiable_instruments,property_burned_median_value_negotiable_instruments,property_counterfeited_structures_other_dwellings,property_counterfeited_mean_value_structures_other_dwellings,property_counterfeited_median_value_structures_other_dwellings,property_seized_livestock,property_seized_mean_value_livestock,property_seized_median_value_livestock,property_counterfeited_bicycles,property_counterfeited_mean_value_bicycles,property_counterfeited_median_value_bicycles,property_counterfeited_buses,property_counterfeited_watercraft,property_counterfeited_structures_other,property_counterfeited_mean_value_buses,property_counterfeited_mean_value_watercraft,property_counterfeited_mean_value_structures_other,property_counterfeited_median_value_buses,property_counterfeited_median_value_watercraft,property_counterfeited_median_value_structures_other,property_seized_structures_industrial_manufacturing,property_seized_mean_value_structures_industrial_manufacturing,property_seized_median_value_structures_industrial_manufacturing,property_seized_structures_public_community,property_seized_mean_value_structures_public_community,property_seized_median_value_structures_public_community,property_seized_structures_other_commercial_business,property_seized_structures_storage,property_seized_mean_value_structures_other_commercial_business,property_seized_mean_value_structures_storage,property_seized_median_value_structures_other_commercial_business,property_seized_median_value_structures_storage,property_counterfeited_structures_storage,property_counterfeited_mean_value_structures_storage,property_counterfeited_median_value_structures_storage,property_stolen_recreational_sports_equipment,property_stolen_portible_electronic_communications,property_stolen_lawn_yard_garden_equipment,property_stolen_musical_instruments,property_stolen_building_materials,property_stolen_logging_equipment,property_stolen_pets,property_stolen_photographic_optical_equipment,property_stolen_weapons_other,property_stolen_chemicals,property_stolen_documents_personal_or_business,property_stolen_fuel,property_stolen_identity_intangible,property_stolen_identity_documents,property_stolen_metals_non_precious,property_stolen_trailers,property_stolen_aircraft_parts_accessories,property_stolen_camping_hunting_fishing_equipment_supplies,property_stolen_law_enforcement_equipment,property_stolen_firearm_accessories,property_stolen_watercraft_equipment_parts_accessories,property_stolen_medical_medical_lab_equipment,property_stolen_collections_collectibles,property_stolen_artistic_supplies_accessories,property_stolen_mean_value_recreational_sports_equipment,property_stolen_mean_value_portible_electronic_communications,property_stolen_mean_value_lawn_yard_garden_equipment,property_stolen_mean_value_musical_instruments,property_stolen_mean_value_building_materials,property_stolen_mean_value_logging_equipment,property_stolen_mean_value_pets,property_stolen_mean_value_photographic_optical_equipment,property_stolen_mean_value_weapons_other,property_stolen_mean_value_chemicals,property_stolen_mean_value_documents_personal_or_business,property_stolen_mean_value_fuel,property_stolen_mean_value_identity_intangible,property_stolen_mean_value_identity_documents,property_stolen_mean_value_metals_non_precious,property_stolen_mean_value_trailers,property_stolen_mean_value_aircraft_parts_accessories,property_stolen_mean_value_camping_hunting_fishing_equipment_supplies,property_stolen_mean_value_law_enforcement_equipment,property_stolen_mean_value_firearm_accessories,property_stolen_mean_value_watercraft_equipment_parts_accessories,property_stolen_mean_value_medical_medical_lab_equipment,property_stolen_mean_value_collections_collectibles,property_stolen_mean_value_artistic_supplies_accessories,property_stolen_median_value_recreational_sports_equipment,property_stolen_median_value_portible_electronic_communications,property_stolen_median_value_lawn_yard_garden_equipment,property_stolen_median_value_musical_instruments,property_stolen_median_value_building_materials,property_stolen_median_value_logging_equipment,property_stolen_median_value_pets,property_stolen_median_value_photographic_optical_equipment,property_stolen_median_value_weapons_other,property_stolen_median_value_chemicals,property_stolen_median_value_documents_personal_or_business,property_stolen_median_value_fuel,property_stolen_median_value_identity_intangible,property_stolen_median_value_identity_documents,property_stolen_median_value_metals_non_precious,property_stolen_median_value_trailers,property_stolen_median_value_aircraft_parts_accessories,property_stolen_median_value_camping_hunting_fishing_equipment_supplies,property_stolen_median_value_law_enforcement_equipment,property_stolen_median_value_firearm_accessories,property_stolen_median_value_watercraft_equipment_parts_accessories,property_stolen_median_value_medical_medical_lab_equipment,property_stolen_median_value_collections_collectibles,property_stolen_median_value_artistic_supplies_accessories,property_counterfeited_identity_intangible,property_counterfeited_identity_documents,property_counterfeited_documents_personal_or_business,property_counterfeited_mean_value_identity_intangible,property_counterfeited_mean_value_identity_documents,property_counterfeited_mean_value_documents_personal_or_business,property_counterfeited_median_value_identity_intangible,property_counterfeited_median_value_identity_documents,property_counterfeited_median_value_documents_personal_or_business,property_destroyed_building_materials,property_destroyed_metals_non_precious,property_destroyed_photographic_optical_equipment,property_destroyed_mean_value_building_materials,property_destroyed_mean_value_metals_non_precious,property_destroyed_mean_value_photographic_optical_equipment,property_destroyed_median_value_building_materials,property_destroyed_median_value_metals_non_precious,property_destroyed_median_value_photographic_optical_equipment,property_seized_identity_intangible,property_seized_photographic_optical_equipment,property_seized_weapons_other,property_seized_mean_value_identity_intangible,property_seized_mean_value_photographic_optical_equipment,property_seized_mean_value_weapons_other,property_seized_median_value_identity_intangible,property_seized_median_value_photographic_optical_equipment,property_seized_median_value_weapons_other,property_recovered_recreational_sports_equipment,property_recovered_documents_personal_or_business,property_recovered_identity_documents,property_recovered_logging_equipment,property_recovered_metals_non_precious,property_recovered_pets,property_recovered_photographic_optical_equipment,property_recovered_building_materials,property_recovered_musical_instruments,property_recovered_camping_hunting_fishing_equipment_supplies,property_recovered_fuel,property_recovered_identity_intangible,property_recovered_weapons_other,property_recovered_trailers,property_recovered_collections_collectibles,property_recovered_mean_value_recreational_sports_equipment,property_recovered_mean_value_documents_personal_or_business,property_recovered_mean_value_identity_documents,property_recovered_mean_value_logging_equipment,property_recovered_mean_value_metals_non_precious,property_recovered_mean_value_pets,property_recovered_mean_value_photographic_optical_equipment,property_recovered_mean_value_building_materials,property_recovered_mean_value_musical_instruments,property_recovered_mean_value_camping_hunting_fishing_equipment_supplies,property_recovered_mean_value_fuel,property_recovered_mean_value_identity_intangible,property_recovered_mean_value_weapons_other,property_recovered_mean_value_trailers,property_recovered_mean_value_collections_collectibles,property_recovered_median_value_recreational_sports_equipment,property_recovered_median_value_documents_personal_or_business,property_recovered_median_value_identity_documents,property_recovered_median_value_logging_equipment,property_recovered_median_value_metals_non_precious,property_recovered_median_value_pets,property_recovered_median_value_photographic_optical_equipment,property_recovered_median_value_building_materials,property_recovered_median_value_musical_instruments,property_recovered_median_value_camping_hunting_fishing_equipment_supplies,property_recovered_median_value_fuel,property_recovered_median_value_identity_intangible,property_recovered_median_value_weapons_other,property_recovered_median_value_trailers,property_recovered_median_value_collections_collectibles,property_burned_recreational_sports_equipment,property_burned_mean_value_recreational_sports_equipment,property_burned_median_value_recreational_sports_equipment,property_stolen_crops,property_stolen_explosives,property_stolen_mean_value_crops,property_stolen_mean_value_explosives,property_stolen_median_value_crops,property_stolen_median_value_explosives,property_destroyed_lawn_yard_garden_equipment,property_destroyed_medical_medical_lab_equipment,property_destroyed_portible_electronic_communications,property_destroyed_trailers,property_destroyed_law_enforcement_equipment,property_destroyed_recreational_sports_equipment,property_destroyed_artistic_supplies_accessories,property_destroyed_collections_collectibles,property_destroyed_watercraft_equipment_parts_accessories,property_destroyed_crops,property_destroyed_camping_hunting_fishing_equipment_supplies,property_destroyed_musical_instruments,property_destroyed_identity_documents,property_destroyed_pets,property_destroyed_weapons_other,property_destroyed_chemicals,property_destroyed_firearm_accessories,property_destroyed_fuel,property_destroyed_aircraft_parts_accessories,property_destroyed_logging_equipment,property_destroyed_documents_personal_or_business,property_destroyed_mean_value_lawn_yard_garden_equipment,property_destroyed_mean_value_medical_medical_lab_equipment,property_destroyed_mean_value_portible_electronic_communications,property_destroyed_mean_value_trailers,property_destroyed_mean_value_law_enforcement_equipment,property_destroyed_mean_value_recreational_sports_equipment,property_destroyed_mean_value_artistic_supplies_accessories,property_destroyed_mean_value_collections_collectibles,property_destroyed_mean_value_watercraft_equipment_parts_accessories,property_destroyed_mean_value_crops,property_destroyed_mean_value_camping_hunting_fishing_equipment_supplies,property_destroyed_mean_value_musical_instruments,property_destroyed_mean_value_identity_documents,property_destroyed_mean_value_pets,property_destroyed_mean_value_weapons_other,property_destroyed_mean_value_chemicals,property_destroyed_mean_value_firearm_accessories,property_destroyed_mean_value_fuel,property_destroyed_mean_value_aircraft_parts_accessories,property_destroyed_mean_value_logging_equipment,property_destroyed_mean_value_documents_personal_or_business,property_destroyed_median_value_lawn_yard_garden_equipment,property_destroyed_median_value_medical_medical_lab_equipment,property_destroyed_median_value_portible_electronic_communications,property_destroyed_median_value_trailers,property_destroyed_median_value_law_enforcement_equipment,property_destroyed_median_value_recreational_sports_equipment,property_destroyed_median_value_artistic_supplies_accessories,property_destroyed_median_value_collections_collectibles,property_destroyed_median_value_watercraft_equipment_parts_accessories,property_destroyed_median_value_crops,property_destroyed_median_value_camping_hunting_fishing_equipment_supplies,property_destroyed_median_value_musical_instruments,property_destroyed_median_value_identity_documents,property_destroyed_median_value_pets,property_destroyed_median_value_weapons_other,property_destroyed_median_value_chemicals,property_destroyed_median_value_firearm_accessories,property_destroyed_median_value_fuel,property_destroyed_median_value_aircraft_parts_accessories,property_destroyed_median_value_logging_equipment,property_destroyed_median_value_documents_personal_or_business,property_seized_chemicals,property_seized_documents_personal_or_business,property_seized_identity_documents,property_seized_recreational_sports_equipment,property_seized_portible_electronic_communications,property_seized_explosives,property_seized_firearm_accessories,property_seized_law_enforcement_equipment,property_seized_collections_collectibles,property_seized_trailers,property_seized_mean_value_chemicals,property_seized_mean_value_documents_personal_or_business,property_seized_mean_value_identity_documents,property_seized_mean_value_recreational_sports_equipment,property_seized_mean_value_portible_electronic_communications,property_seized_mean_value_explosives,property_seized_mean_value_firearm_accessories,property_seized_mean_value_law_enforcement_equipment,property_seized_mean_value_collections_collectibles,property_seized_mean_value_trailers,property_seized_median_value_chemicals,property_seized_median_value_documents_personal_or_business,property_seized_median_value_identity_documents,property_seized_median_value_recreational_sports_equipment,property_seized_median_value_portible_electronic_communications,property_seized_median_value_explosives,property_seized_median_value_firearm_accessories,property_seized_median_value_law_enforcement_equipment,property_seized_median_value_collections_collectibles,property_seized_median_value_trailers,property_counterfeited_collections_collectibles,property_counterfeited_medical_medical_lab_equipment,property_counterfeited_fuel,property_counterfeited_mean_value_collections_collectibles,property_counterfeited_mean_value_medical_medical_lab_equipment,property_counterfeited_mean_value_fuel,property_counterfeited_median_value_collections_collectibles,property_counterfeited_median_value_medical_medical_lab_equipment,property_counterfeited_median_value_fuel,property_recovered_chemicals,property_recovered_crops,property_recovered_portible_electronic_communications,property_recovered_explosives,property_recovered_lawn_yard_garden_equipment,property_recovered_firearm_accessories,property_recovered_law_enforcement_equipment,property_recovered_medical_medical_lab_equipment,property_recovered_artistic_supplies_accessories,property_recovered_watercraft_equipment_parts_accessories,property_recovered_aircraft_parts_accessories,property_recovered_mean_value_chemicals,property_recovered_mean_value_crops,property_recovered_mean_value_portible_electronic_communications,property_recovered_mean_value_explosives,property_recovered_mean_value_lawn_yard_garden_equipment,property_recovered_mean_value_firearm_accessories,property_recovered_mean_value_law_enforcement_equipment,property_recovered_mean_value_medical_medical_lab_equipment,property_recovered_mean_value_artistic_supplies_accessories,property_recovered_mean_value_watercraft_equipment_parts_accessories,property_recovered_mean_value_aircraft_parts_accessories,property_recovered_median_value_chemicals,property_recovered_median_value_crops,property_recovered_median_value_portible_electronic_communications,property_recovered_median_value_explosives,property_recovered_median_value_lawn_yard_garden_equipment,property_recovered_median_value_firearm_accessories,property_recovered_median_value_law_enforcement_equipment,property_recovered_median_value_medical_medical_lab_equipment,property_recovered_median_value_artistic_supplies_accessories,property_recovered_median_value_watercraft_equipment_parts_accessories,property_recovered_median_value_aircraft_parts_accessories,property_burned_building_materials,property_burned_crops,property_burned_lawn_yard_garden_equipment,property_burned_metals_non_precious,property_burned_camping_hunting_fishing_equipment_supplies,property_burned_photographic_optical_equipment,property_burned_trailers,property_burned_pets,property_burned_mean_value_building_materials,property_burned_mean_value_crops,property_burned_mean_value_lawn_yard_garden_equipment,property_burned_mean_value_metals_non_precious,property_burned_mean_value_camping_hunting_fishing_equipment_supplies,property_burned_mean_value_photographic_optical_equipment,property_burned_mean_value_trailers,property_burned_mean_value_pets,property_burned_median_value_building_materials,property_burned_median_value_crops,property_burned_median_value_lawn_yard_garden_equipment,property_burned_median_value_metals_non_precious,property_burned_median_value_camping_hunting_fishing_equipment_supplies,property_burned_median_value_photographic_optical_equipment,property_burned_median_value_trailers,property_burned_median_value_pets,property_counterfeited_crops,property_counterfeited_metals_non_precious,property_counterfeited_logging_equipment,property_counterfeited_photographic_optical_equipment,property_counterfeited_recreational_sports_equipment,property_counterfeited_trailers,property_counterfeited_musical_instruments,property_counterfeited_portible_electronic_communications,property_counterfeited_artistic_supplies_accessories,property_counterfeited_mean_value_crops,property_counterfeited_mean_value_metals_non_precious,property_counterfeited_mean_value_logging_equipment,property_counterfeited_mean_value_photographic_optical_equipment,property_counterfeited_mean_value_recreational_sports_equipment,property_counterfeited_mean_value_trailers,property_counterfeited_mean_value_musical_instruments,property_counterfeited_mean_value_portible_electronic_communications,property_counterfeited_mean_value_artistic_supplies_accessories,property_counterfeited_median_value_crops,property_counterfeited_median_value_metals_non_precious,property_counterfeited_median_value_logging_equipment,property_counterfeited_median_value_photographic_optical_equipment,property_counterfeited_median_value_recreational_sports_equipment,property_counterfeited_median_value_trailers,property_counterfeited_median_value_musical_instruments,property_counterfeited_median_value_portible_electronic_communications,property_counterfeited_median_value_artistic_supplies_accessories,property_destroyed_identity_intangible,property_destroyed_explosives,property_destroyed_mean_value_identity_intangible,property_destroyed_mean_value_explosives,property_destroyed_median_value_identity_intangible,property_destroyed_median_value_explosives,property_seized_camping_hunting_fishing_equipment_supplies,property_seized_lawn_yard_garden_equipment,property_seized_fuel,property_seized_medical_medical_lab_equipment,property_seized_artistic_supplies_accessories,property_seized_metals_non_precious,property_seized_musical_instruments,property_seized_watercraft_equipment_parts_accessories,property_seized_mean_value_camping_hunting_fishing_equipment_supplies,property_seized_mean_value_lawn_yard_garden_equipment,property_seized_mean_value_fuel,property_seized_mean_value_medical_medical_lab_equipment,property_seized_mean_value_artistic_supplies_accessories,property_seized_mean_value_metals_non_precious,property_seized_mean_value_musical_instruments,property_seized_mean_value_watercraft_equipment_parts_accessories,property_seized_median_value_camping_hunting_fishing_equipment_supplies,property_seized_median_value_lawn_yard_garden_equipment,property_seized_median_value_fuel,property_seized_median_value_medical_medical_lab_equipment,property_seized_median_value_artistic_supplies_accessories,property_seized_median_value_metals_non_precious,property_seized_median_value_musical_instruments,property_seized_median_value_watercraft_equipment_parts_accessories,property_burned_fuel,property_burned_explosives,property_burned_collections_collectibles,property_burned_logging_equipment,property_burned_medical_medical_lab_equipment,property_burned_identity_documents,property_burned_musical_instruments,property_burned_firearm_accessories,property_burned_weapons_other,property_burned_documents_personal_or_business,property_burned_artistic_supplies_accessories,property_burned_mean_value_fuel,property_burned_mean_value_explosives,property_burned_mean_value_collections_collectibles,property_burned_mean_value_logging_equipment,property_burned_mean_value_medical_medical_lab_equipment,property_burned_mean_value_identity_documents,property_burned_mean_value_musical_instruments,property_burned_mean_value_firearm_accessories,property_burned_mean_value_weapons_other,property_burned_mean_value_documents_personal_or_business,property_burned_mean_value_artistic_supplies_accessories,property_burned_median_value_fuel,property_burned_median_value_explosives,property_burned_median_value_collections_collectibles,property_burned_median_value_logging_equipment,property_burned_median_value_medical_medical_lab_equipment,property_burned_median_value_identity_documents,property_burned_median_value_musical_instruments,property_burned_median_value_firearm_accessories,property_burned_median_value_weapons_other,property_burned_median_value_documents_personal_or_business,property_burned_median_value_artistic_supplies_accessories,property_seized_pets,property_seized_crops,property_seized_building_materials,property_seized_mean_value_pets,property_seized_mean_value_crops,property_seized_mean_value_building_materials,property_seized_median_value_pets,property_seized_median_value_crops,property_seized_median_value_building_materials,property_counterfeited_aircraft_parts_accessories,property_counterfeited_lawn_yard_garden_equipment,property_counterfeited_chemicals,property_counterfeited_mean_value_aircraft_parts_accessories,property_counterfeited_mean_value_lawn_yard_garden_equipment,property_counterfeited_mean_value_chemicals,property_counterfeited_median_value_aircraft_parts_accessories,property_counterfeited_median_value_lawn_yard_garden_equipment,property_counterfeited_median_value_chemicals,property_burned_portible_electronic_communications,property_burned_chemicals,property_burned_watercraft_equipment_parts_accessories,property_burned_mean_value_portible_electronic_communications,property_burned_mean_value_chemicals,property_burned_mean_value_watercraft_equipment_parts_accessories,property_burned_median_value_portible_electronic_communications,property_burned_median_value_chemicals,property_burned_median_value_watercraft_equipment_parts_accessories,property_seized_aircraft_parts_accessories,property_seized_logging_equipment,property_seized_mean_value_aircraft_parts_accessories,property_seized_mean_value_logging_equipment,property_seized_median_value_aircraft_parts_accessories,property_seized_median_value_logging_equipment,property_counterfeited_building_materials,property_counterfeited_explosives,property_counterfeited_weapons_other,property_counterfeited_camping_hunting_fishing_equipment_supplies,property_counterfeited_law_enforcement_equipment,property_counterfeited_mean_value_building_materials,property_counterfeited_mean_value_explosives,property_counterfeited_mean_value_weapons_other,property_counterfeited_mean_value_camping_hunting_fishing_equipment_supplies,property_counterfeited_mean_value_law_enforcement_equipment,property_counterfeited_median_value_building_materials,property_counterfeited_median_value_explosives,property_counterfeited_median_value_weapons_other,property_counterfeited_median_value_camping_hunting_fishing_equipment_supplies,property_counterfeited_median_value_law_enforcement_equipment,property_counterfeited_firearm_accessories,property_counterfeited_mean_value_firearm_accessories,property_counterfeited_median_value_firearm_accessories,property_burned_law_enforcement_equipment,property_burned_mean_value_law_enforcement_equipment,property_burned_median_value_law_enforcement_equipment,property_counterfeited_watercraft_equipment_parts_accessories,property_counterfeited_mean_value_watercraft_equipment_parts_accessories,property_counterfeited_median_value_watercraft_equipment_parts_accessories,property_burned_identity_intangible,property_burned_mean_value_identity_intangible,property_burned_median_value_identity_intangible,property_counterfeited_pets,property_counterfeited_mean_value_pets,property_counterfeited_median_value_pets,property_burned_aircraft_parts_accessories,property_burned_mean_value_aircraft_parts_accessories,property_burned_median_value_aircraft_parts_accessories
MI8065100,1995,Paw Paw Police Department,Michigan,3283,12,5,11,3,5,7,0,21,1,61,0,19,2,1,2,11,17,48,11,2,1,6,1,13,10,0,3,0,0,0,1,0,0,1,1,0,1,2,0,0,1,0,17036,90,150,1190,621,28264,0,4621,1000,234,0,790,58,2000,800,1166,310,160,344,850,0,537,0,135,380,0,620,0,0,0,800,0,0,0,140,0,200,6,0,0,0,0,13997,100,10,800,224,400,0,280,1000,45,0,600,58,2000,800,792,230,28,280,850,0,245,0,100,308,0,700,0,0,0,800,0,0,0,140,0,200,6,0,0,0,0,44,0,0,3,0,0,0,32,1,0,0,0,1,4,0,0,3,1,0,2,1,0,0,3,7,7,0,1,0,0,0,1,0,3,1,0,0,0,0,0,0,0,1817,0,0,43,0,0,0,127,1000,0,0,0,19996,40,0,0,60,200,0,400,1400,0,0,233,373,575,0,2999,0,0,0,2000,0,1000,150,0,0,0,0,0,0,0,300,0,0,20,0,0,0,110,1000,0,0,0,19996,40,0,0,60,200,0,400,1400,0,0,100,100,250,0,2999,0,0,0,2000,0,1000,150,0,0,0,0,0,0,0,8,1,2,0,0,0,1,1,3,2,0,2,1,0,0,2,13,0,0,0,0,1,0,0,0,0,0,0,0,0,0,0,0,0,0,0,0,0,16054,120,7,0,0,0,0,1000,100,400,0,10398,0,0,0,240,15,0,0,0,0,1600,0,0,0,0,0,0,0,0,0,0,0,0,0,0,0,0,9998,120,7,0,0,0,0,1000,100,400,0,10398,0,0,0,240,8,0,0,0,0,1600,0,0,0,0,0,0,0,0,0,0,0,0,0,0,0,0,0,8,0,0,0,0,4,0,0,0,0,0,0,0,0,0,0,0,0,0,0,0,0,0,0,0,0,0,0,0,0,0,0,0,0,0,10,0,0,0,0,0,0,0,0,0,0,0,0,0,0,0,0,0,0,0,0,0,0,0,0,0,0,0,0,0,10,0,0,0,0,0,0,0,0,0,0,0,0,0,0,0,0,0,0,0,0,0,0,0,0,0,0,0,0,0,0,0,0,4,0,1,,0,1,0,0,0,0,0,0,,0,,0,0,0,,0,0,0,0,0,0,0,0,0,1505,0,0,,0,20,0,0,0,0,0,0,,0,,0,0,0,,0,0,0,0,0,0,0,0,0,500,0,0,,0,20,0,0,0,0,0,0,,0,,0,0,0,,0,0,2,0,0,0,0,0,1,0,1,0,0,0,0,0,0,0,0,0,0,0,0,0,0,0,0,0,,0,0,0,0,0,700,0,0,0,0,0,600,0,2000,0,0,0,0,0,0,0,0,0,0,0,0,0,0,0,0,0,,0,0,0,0,0,700,0,0,0,0,0,600,0,2000,0,0,0,0,0,0,0,0,0,0,0,0,0,0,0,0,0,,0,0,0,1,0,6,0,1,0,0,0,0,0,0,0,0,0,0,0,0,,,0,0,0,,,0,0,0,,,0,0,0,0,1,0,0,0,200,0,0,0,200,0,,0,0,,0,0,,0,,0,,,,0,,,,0,,,0,0,,,0,,,0,,,0,0,0,,0,0,0,,0,0,0,,,,,,,,0,0,0,0,0,0,0,0,0,0,0,0,,,,,,,,,,,,,,,,,,,,,,,,,,,,,,,,,,,,,,,,,,,,,,,,,,,,,,,,,,,,,,,,,,,,,,,,,,,,,,,,,,,,,,,,,,,,,,,,,,,,,,,,,,,,,,,,,,,,,,,,,,,,,,,,,,,,,,,,,,,,,,,,,,,,,,,,,,,,,,,,,,,,,,,,,,,,,,,,,,,,,,,,,,,,,,,,,,,,,,,,,,,,,,,,,,,,,,,,,,,,,,,,,,,,,,,,,,,,,,,,,,,,,,,,,,,,,,,,,,,,,,,,,,,,,,,,,,,,,,,,,,,,,,,,,,,,,,,,,,,,,,,,,,,,,,,,,,,,,,,,,,,,,,,,,,,,,,,,,,,,,,,,,,,,,,,,,,,,,,,,,,,,,,,,,,,,,,,,,,,,,,,,,,,,,,,,,,,,,,,,,,,,,,,,,,,,,,,,,,,,,,,,,,,,,,,,,,,,,,,,,,,,,,,,,,,,,,,,,,,,,,,,,,,,,,,,,,,,,,,,,,,,,,,,,,,,,,,,,,,,,
MI8065100,1996,Paw Paw Police Department,Michigan,3298,4,3,6,1,6,1,1,27,2,72,1,13,2,0,1,9,13,59,4,1,2,4,1,6,26,0,3,0,0,0,1,0,0,0,1,0,2,0,0,0,1,0,29285,416,63,486,233,243,0,2649,32,322,0,564,19,0,971,731,486,73,1059,3876,0,162,0,364,241,0,67,0,0,0,1554,0,0,0,971,0,34,0,0,0,0,0,29285,583,29,486,136,243,0,290,32,49,0,486,19,0,971,525,146,26,680,3876,0,135,0,97,143,0,67,0,0,0,1554,0,0,0,971,0,34,0,0,0,0,0,64,0,0,0,0,0,0,31,0,0,0,0,0,3,1,0,8,1,9,1,1,1,0,2,7,7,0,0,0,0,0,0,0,1,0,0,0,0,0,0,0,0,1570,0,0,0,0,0,0,149,0,0,0,0,0,58,0,0,185,0,561,194,9713,359,0,583,299,202,0,0,0,0,0,0,0,971,0,0,0,0,0,0,0,0,194,0,0,0,0,0,0,97,0,0,0,0,0,58,0,0,194,0,291,194,9713,359,0,583,136,146,0,0,0,0,0,0,0,971,0,0,0,0,0,0,0,0,3,0,2,0,0,0,0,0,1,0,0,0,0,0,0,0,10,0,0,0,0,0,1,0,0,1,0,0,0,0,0,0,0,0,0,0,0,0,0,0,155,0,0,0,0,0,19,0,0,0,0,0,0,0,26,0,0,0,0,0,1651,0,0,0,0,0,0,0,0,0,0,0,0,0,0,0,0,0,155,0,0,0,0,0,19,0,0,0,0,0,0,0,19,0,0,0,0,0,1651,0,0,0,0,0,0,0,0,0,0,0,0,0,0,0,0,24,0,0,0,0,6,0,0,0,0,0,0,0,0,0,0,0,0,0,0,0,0,0,0,0,0,0,0,0,0,0,0,0,0,0,0,0,0,0,0,0,0,0,0,0,0,0,0,0,0,0,0,0,0,0,0,0,0,0,0,0,0,0,0,0,0,0,0,0,0,0,0,0,0,0,0,0,0,0,0,0,0,0,0,0,0,0,0,0,0,0,0,0,0,0,0,0,0,22,0,1,,0,3,0,0,0,0,0,0,,0,0,0,0,0,0,0,0,0,0,0,0,0,0,0,894,0,0,,0,68,0,0,0,0,0,0,,0,0,0,0,0,0,0,0,0,0,0,0,0,0,0,330,0,0,,0,68,0,0,0,0,0,0,,0,0,0,0,0,0,0,0,3,0,0,0,0,1,0,0,0,0,0,0,0,0,0,0,0,0,,0,0,0,0,0,0,0,,,,0,0,0,265,0,0,0,0,19623,0,0,0,0,0,0,0,0,0,0,0,0,,0,0,0,0,0,0,0,,,,0,0,0,389,0,0,0,0,19623,0,0,0,0,0,0,0,0,0,0,0,0,,0,0,0,0,0,0,0,,,,0,0,0,24,0,0,0,0,0,0,0,0,0,0,0,0,0,0,,0,0,0,0,,0,0,0,0,,0,0,0,0,0,0,0,0,0,0,0,0,0,0,,,0,,,0,,,0,0,0,0,0,0,0,0,0,0,0,0,0,0,,0,,,0,,,0,,0,0,0,0,0,0,0,0,0,0,0,0,0,0,0,,,,,,,0,0,0,0,0,0,0,0,0,0,0,0,,,,,,,,,,,,,,,,,,,,,,,,,,,,,,,,,,,,,,,,,,,,,,,,,,,,,,,,,,,,,,,,,,,,,,,,,,,,,,,,,,,,,,,,,,,,,,,,,,,,,,,,,,,,,,,,,,,,,,,,,,,,,,,,,,,,,,,,,,,,,,,,,,,,,,,,,,,,,,,,,,,,,,,,,,,,,,,,,,,,,,,,,,,,,,,,,,,,,,,,,,,,,,,,,,,,,,,,,,,,,,,,,,,,,,,,,,,,,,,,,,,,,,,,,,,,,,,,,,,,,,,,,,,,,,,,,,,,,,,,,,,,,,,,,,,,,,,,,,,,,,,,,,,,,,,,,,,,,,,,,,,,,,,,,,,,,,,,,,,,,,,,,,,,,,,,,,,,,,,,,,,,,,,,,,,,,,,,,,,,,,,,,,,,,,,,,,,,,,,,,,,,,,,,,,,,,,,,,,,,,,,,,,,,,,,,,,,,,,,,,,,,,,,,,,,,,,,,,,,,,,,,,,,,,,,,,,,,,,,,,,,,,,,,,,,,,,,,,,
MI8065100,1997,Paw Paw Police Department,Michigan,3359,7,7,7,0,6,6,0,39,1,71,0,22,2,0,0,11,14,59,2,4,3,6,3,8,14,0,1,0,0,1,0,0,1,2,0,0,0,1,0,0,0,0,12054,147,38,0,441,1769,0,526,190,506,0,549,4,0,0,1150,503,75,371,664,0,569,0,132,291,0,0,0,0,2847,0,0,190,142,0,0,0,190,0,0,0,0,15186,152,29,0,114,522,0,190,190,95,0,380,4,0,0,852,190,28,371,285,0,332,0,130,228,0,0,0,0,2847,0,0,190,142,0,0,0,190,0,0,0,0,42,0,0,1,0,0,0,19,0,0,0,0,0,5,0,0,6,2,6,2,0,1,0,0,6,5,0,0,0,0,0,0,0,4,0,0,0,0,0,0,0,0,635,0,0,95,0,0,0,256,0,0,0,0,0,155,0,0,121,57,438,228,0,1898,0,0,150,585,0,0,0,0,0,0,0,273,0,0,0,0,0,0,0,0,332,0,0,95,0,0,0,209,0,0,0,0,0,155,0,0,100,57,85,228,0,1898,0,0,47,380,0,0,0,0,0,0,0,190,0,0,0,0,0,0,0,0,2,0,0,0,0,1,1,1,7,0,0,1,1,0,1,0,12,0,0,1,0,0,0,3,0,1,0,0,0,0,0,0,0,0,0,0,0,0,12339,0,0,0,0,190,19,190,459,0,0,9491,9,0,4,0,35,0,0,2847,0,0,0,88,0,0,0,0,0,0,0,0,0,0,0,0,0,0,12339,0,0,0,0,190,19,190,34,0,0,9491,9,0,4,0,11,0,0,2847,0,0,0,55,0,0,0,0,0,0,0,0,0,0,0,0,0,0,0,19,0,0,0,0,0,0,1,0,0,0,0,0,0,0,0,0,0,0,0,0,0,0,0,0,0,0,0,0,0,0,0,0,0,0,0,0,159,0,0,0,0,0,0,0,0,0,0,0,0,0,0,0,0,0,0,0,0,0,0,0,0,0,0,0,0,0,159,0,0,0,0,0,0,0,0,0,0,0,0,0,0,0,0,0,0,0,0,0,0,0,1,0,0,0,0,0,0,8,0,0,,0,1,0,0,0,0,0,0,,,0,1,0,0,0,0,0,0,0,0,0,0,0,0,1313,0,0,,0,19,0,0,0,0,0,0,,,0,19,0,0,0,0,0,0,0,0,0,0,0,0,828,0,0,,0,19,0,0,0,0,0,0,,,0,19,0,0,0,0,0,3,0,1,1,0,0,0,0,1,0,0,0,0,0,0,0,0,0,0,0,0,0,0,0,0,0,0,0,0,,0,0,522,0,192,949,0,0,0,0,190,0,0,0,0,0,0,0,0,0,0,0,0,0,0,0,0,0,0,0,0,,0,0,522,0,192,949,0,0,0,0,190,0,0,0,0,0,0,0,0,0,0,0,0,0,0,0,0,0,0,0,0,,1,0,17,0,0,0,0,0,1,0,0,0,0,0,0,0,0,,0,,0,0,,0,,0,0,,0,,0,0,0,0,0,0,0,0,0,0,0,0,,,0,,,0,,,0,0,0,,0,0,0,,0,0,0,,0,0,,0,,,0,,,0,,0,0,0,0,0,0,0,0,0,0,0,0,0,0,0,0,0,0,,,,0,0,0,0,0,0,0,0,0,0,0,0,0,0,0,,,,,,,,,,,,,,,,,,,,,,,,,,,,,,,,,,,,,,,,,,,,,,,,,,,,,,,,,,,,,,,,,,,,,,,,,,,,,,,,,,,,,,,,,,,,,,,,,,,,,,,,,,,,,,,,,,,,,,,,,,,,,,,,,,,,,,,,,,,,,,,,,,,,,,,,,,,,,,,,,,,,,,,,,,,,,,,,,,,,,,,,,,,,,,,,,,,,,,,,,,,,,,,,,,,,,,,,,,,,,,,,,,,,,,,,,,,,,,,,,,,,,,,,,,,,,,,,,,,,,,,,,,,,,,,,,,,,,,,,,,,,,,,,,,,,,,,,,,,,,,,,,,,,,,,,,,,,,,,,,,,,,,,,,,,,,,,,,,,,,,,,,,,,,,,,,,,,,,,,,,,,,,,,,,,,,,,,,,,,,,,,,,,,,,,,,,,,,,,,,,,,,,,,,,,,,,,,,,,,,,,,,,,,,,,,,,,,,,,,,,,,,,,,,,,,,,,,,,,,,,,,,,,,,,,,,,,,,,,,,,,,,,,,,,,,,,,
MI8065100,1998,Paw Paw Police Department,Michigan,3315,4,3,4,3,2,1,1,22,1,52,0,15,1,0,0,2,10,35,1,3,2,4,0,3,10,0,4,0,0,1,2,1,0,1,0,0,0,0,0,0,0,0,13022,93,11,2743,285,1122,0,3111,561,352,0,2250,4,0,0,299,353,95,280,859,0,598,0,48,491,0,273,0,0,0,26824,47,0,19,0,0,0,0,0,0,0,0,5250,75,6,1682,285,1122,0,675,561,39,0,374,4,0,0,299,327,21,280,636,0,299,0,41,408,0,210,0,0,0,26824,47,0,19,0,0,0,0,0,0,0,0,49,0,2,2,0,0,0,23,0,0,0,0,0,2,1,0,4,5,3,2,0,2,0,1,9,6,0,1,0,0,0,0,0,1,0,0,0,0,0,0,0,0,1571,0,22,187,0,0,0,154,0,0,0,0,0,93,93,0,664,180,249,56,0,89,0,0,758,288,0,187,0,0,0,0,0,0,0,0,0,0,0,0,0,0,374,0,22,187,0,0,0,93,0,0,0,0,0,93,93,0,374,164,280,56,0,89,0,0,561,280,0,187,0,0,0,0,0,0,0,0,0,0,0,0,0,0,4,0,2,1,0,1,1,0,8,0,0,0,1,0,1,1,10,1,0,0,0,1,1,0,0,0,0,0,0,0,0,0,0,0,0,0,0,0,14369,0,6,935,0,1122,677,0,61,0,0,0,0,0,4,280,16,374,0,0,0,125,52339,0,0,0,0,0,0,0,0,0,0,0,0,0,0,0,7944,0,6,935,0,1122,677,0,21,0,0,0,0,0,4,280,16,374,0,0,0,125,52339,0,0,0,0,0,0,0,0,0,0,0,0,0,0,0,0,16,0,0,0,0,1,0,0,0,0,1,0,0,0,0,0,0,0,0,0,0,0,0,0,0,0,0,0,0,0,0,0,0,0,0,0,0,0,0,0,0,0,0,0,0,0,0,0,0,0,0,0,0,0,0,0,0,0,0,0,0,0,0,0,0,0,0,0,0,0,0,0,0,0,0,0,0,0,0,0,0,0,0,0,0,0,0,0,0,0,1,0,0,0,0,0,0,0,0,0,0,,0,0,0,0,0,0,0,0,,,0,0,0,0,0,0,37,0,0,0,0,0,0,0,0,0,0,,0,0,0,0,0,0,0,0,,,0,0,0,0,0,0,37,0,0,0,0,0,0,0,0,0,0,,0,0,0,0,0,0,0,0,,,0,0,0,0,0,0,0,0,0,0,0,1,0,0,0,0,1,0,0,0,0,0,0,0,0,0,0,0,0,0,0,0,0,0,0,,0,0,0,0,0,0,0,186924,0,0,0,0,0,0,0,0,0,0,0,0,0,0,0,0,0,0,0,0,0,0,0,,0,0,0,0,0,0,0,186924,0,0,0,0,0,0,0,0,0,0,0,0,0,0,0,0,0,0,0,0,0,0,0,,0,0,0,15,0,0,0,0,0,0,1,0,0,0,0,0,0,0,0,0,,0,0,0,0,,0,0,0,0,,0,0,0,0,0,0,0,0,0,0,0,0,,,0,,,0,,,0,0,0,,0,0,0,,0,0,0,,0,0,0,,,0,,,0,,,0,0,0,0,0,0,0,0,0,0,0,0,0,0,0,,,,0,0,0,0,0,0,0,0,0,0,0,0,0,0,0,,,,0,0,0,,,,,,,,,,,,,,,,,,,,,,,,,,,,,,,,,,,,,,,,,,,,,,,,,,,,,,,,,,,,,,,,,,,,,,,,,,,,,,,,,,,,,,,,,,,,,,,,,,,,,,,,,,,,,,,,,,,,,,,,,,,,,,,,,,,,,,,,,,,,,,,,,,,,,,,,,,,,,,,,,,,,,,,,,,,,,,,,,,,,,,,,,,,,,,,,,,,,,,,,,,,,,,,,,,,,,,,,,,,,,,,,,,,,,,,,,,,,,,,,,,,,,,,,,,,,,,,,,,,,,,,,,,,,,,,,,,,,,,,,,,,,,,,,,,,,,,,,,,,,,,,,,,,,,,,,,,,,,,,,,,,,,,,,,,,,,,,,,,,,,,,,,,,,,,,,,,,,,,,,,,,,,,,,,,,,,,,,,,,,,,,,,,,,,,,,,,,,,,,,,,,,,,,,,,,,,,,,,,,,,,,,,,,,,,,,,,,,,,,,,,,,,,,,,,,,,,,,,,,,,,,,,,,,,,,,,,,,,,,,,,,,,,,,,,,,
MI8065100,1999,Paw Paw Police Department,Michigan,3217,9,9,10,5,1,6,0,33,0,75,0,14,1,0,1,6,12,24,3,4,2,6,0,3,9,0,1,0,0,0,1,0,0,3,0,0,0,1,1,0,0,0,21402,340,33,677,0,31564,0,1047,0,261,0,354,969,0,0,666,3990,69,158,726,0,388,0,43,238,0,46,0,0,0,3146,0,0,87,0,0,0,0,0,0,0,0,18292,238,27,366,0,1372,0,183,0,46,0,183,969,0,0,407,474,29,183,492,0,252,0,37,183,0,46,0,0,0,3146,0,0,87,0,0,0,0,0,0,0,0,34,0,0,3,0,0,0,27,0,0,0,0,0,1,1,0,5,3,8,0,0,0,0,0,4,9,0,0,0,0,0,0,0,0,0,1,0,0,0,0,0,0,546,0,0,229,0,0,0,217,0,0,0,0,0,0,91,0,79,549,190,0,0,0,0,0,256,199,0,0,0,0,0,0,0,0,0,91,0,0,0,0,0,0,366,0,0,229,0,0,0,91,0,0,0,0,0,0,91,0,37,549,183,0,0,0,0,0,229,128,0,0,0,0,0,0,0,0,0,91,0,0,0,0,0,0,3,0,0,0,0,1,1,1,8,0,0,0,1,1,1,3,8,0,0,0,0,0,0,0,0,0,0,0,0,0,0,0,0,0,0,0,0,0,29877,0,0,0,0,59,40,183,50,0,0,0,920,18,969,158,33,0,0,0,0,0,0,0,0,0,0,0,0,0,0,0,0,0,0,0,0,0,27438,0,0,0,0,59,40,183,0,0,0,0,920,18,969,183,11,0,0,0,0,0,0,0,0,0,0,0,0,0,0,0,0,0,0,0,0,0,0,11,0,1,0,0,3,0,1,0,0,0,0,0,0,0,0,0,0,0,0,0,0,0,0,0,0,0,0,0,0,0,0,64,0,0,52,0,37,0,0,0,0,0,0,0,0,0,0,0,0,0,0,0,0,0,0,0,0,0,0,0,0,64,0,0,52,0,37,0,0,0,0,0,0,0,0,0,0,0,0,0,0,0,0,0,0,0,0,0,0,2,0,0,0,0,0,0,0,1,0,0,,0,0,0,0,0,0,0,0,,0,,0,0,0,,0,183837,0,0,0,0,0,0,0,896,0,0,,0,0,0,0,0,0,0,0,,0,,0,0,0,,0,183837,0,0,0,0,0,0,0,896,0,0,,0,0,0,0,0,0,0,0,,0,,0,0,0,,0,0,0,0,0,0,0,0,0,0,0,0,0,0,0,0,0,0,0,0,0,0,0,0,0,0,0,0,0,0,,,0,0,0,0,0,0,0,0,0,0,0,0,0,0,0,0,0,0,0,0,0,0,0,0,0,0,0,0,0,0,,,0,0,0,0,0,0,0,0,0,0,0,0,0,0,0,0,0,0,0,0,0,0,0,0,0,0,0,0,0,0,,,0,2,9,0,0,1,1,0,0,0,0,0,0,0,0,0,0,0,0,0,0,0,0,0,0,0,0,0,0,0,0,0,0,0,0,0,0,0,0,0,0,0,,0,0,,0,0,,0,0,0,0,,0,0,0,,0,0,0,,0,0,,0,0,,0,0,,0,0,0,0,0,0,0,0,0,0,0,0,0,0,0,0,0,,,,0,0,0,,0,,0,,0,,,,0,0,0,0,0,0,0,0,0,0,0,0,0,0,0,0,0,0,0,0,0,,,,,,,,,,,,,,,,,,,,,,,,,,,,,,,,,,,,,,,,,,,,,,,,,,,,,,,,,,,,,,,,,,,,,,,,,,,,,,,,,,,,,,,,,,,,,,,,,,,,,,,,,,,,,,,,,,,,,,,,,,,,,,,,,,,,,,,,,,,,,,,,,,,,,,,,,,,,,,,,,,,,,,,,,,,,,,,,,,,,,,,,,,,,,,,,,,,,,,,,,,,,,,,,,,,,,,,,,,,,,,,,,,,,,,,,,,,,,,,,,,,,,,,,,,,,,,,,,,,,,,,,,,,,,,,,,,,,,,,,,,,,,,,,,,,,,,,,,,,,,,,,,,,,,,,,,,,,,,,,,,,,,,,,,,,,,,,,,,,,,,,,,,,,,,,,,,,,,,,,,,,,,,,,,,,,,,,,,,,,,,,,,,,,,,,,,,,,,,,,,,,,,,,,,,,,,,,,,,,,,,,,,,,,,,,,,,,,,,,,,,,,,,,,,,,,,,,,,,,,,,,,,,,,,,,,,,,,,,,,
MI8065100,2000,Paw Paw Police Department,Michigan,0,10,5,8,0,1,2,0,27,2,75,0,26,2,1,0,4,16,24,2,2,1,5,2,14,17,0,0,0,0,0,1,0,0,1,0,0,0,1,0,0,0,0,9732,558,33,0,1062,1646,0,6468,88,376,0,939,44,476,0,936,895,352,354,1371,0,129,0,319,393,0,0,0,0,0,885,0,0,0,0,0,0,88,0,0,0,0,5308,503,14,0,1062,1646,0,230,88,44,0,265,44,476,0,588,265,22,354,1371,0,137,0,133,345,0,0,0,0,0,885,0,0,0,0,0,0,88,0,0,0,0,51,0,0,2,0,0,0,37,1,0,0,0,0,1,1,0,2,6,2,3,0,0,0,0,11,2,0,0,0,0,0,0,0,0,0,0,0,0,0,0,0,0,629,0,0,35,0,0,0,156,0,0,0,0,0,0,0,0,35,188,725,100,0,0,0,0,272,27,0,0,0,0,0,0,0,0,0,0,0,0,0,0,0,0,212,0,0,35,0,0,0,80,0,0,0,0,0,0,0,0,35,177,725,71,0,0,0,0,177,27,0,0,0,0,0,0,0,0,0,0,0,0,0,0,0,0,5,0,1,0,1,0,0,0,5,1,0,0,0,1,1,0,7,0,0,0,1,0,0,1,0,0,0,0,0,0,0,0,0,0,0,0,0,0,7432,0,5,0,1062,0,0,0,272,88,0,0,0,230,44,0,868,0,0,0,0,0,0,3383,0,0,0,0,0,0,0,0,0,0,0,0,0,0,5308,0,5,0,1062,0,0,0,35,88,0,0,0,230,44,0,25,0,0,0,0,0,0,3383,0,0,0,0,0,0,0,0,0,0,0,0,0,0,0,26,0,0,0,0,1,0,1,0,0,0,0,0,0,0,0,0,0,0,0,0,0,0,0,0,0,0,0,0,0,0,0,0,0,0,0,0,35,0,0,0,0,0,0,0,0,0,0,0,0,0,0,0,0,0,0,0,0,0,0,0,0,0,0,0,0,0,35,0,0,0,0,0,0,0,0,0,0,0,0,0,0,0,0,0,0,0,0,0,0,1,3,0,0,0,0,0,0,5,0,0,0,0,0,0,0,0,0,0,0,,,0,0,0,0,0,0,708,66,0,0,0,0,0,0,1238,0,0,0,0,0,0,0,0,0,0,0,,,0,0,0,0,0,0,708,66,0,0,0,0,0,0,392,0,0,0,0,0,0,0,0,0,0,0,,,0,0,0,0,0,0,0,1,0,0,0,0,0,0,0,0,0,1,0,0,0,0,0,0,0,0,0,0,0,0,1,0,0,0,0,0,0,0,0,97320,0,0,0,0,0,0,0,0,0,353893,0,0,0,0,0,0,0,0,0,0,0,0,176946,0,0,0,0,0,0,0,0,97320,0,0,0,0,0,0,0,0,0,353893,0,0,0,0,0,0,0,0,0,0,0,0,176946,0,0,0,0,0,0,0,0,24,0,1,0,0,0,0,0,0,0,0,0,0,0,0,,0,,0,0,,0,,0,0,,0,,0,0,0,0,0,0,0,0,0,0,0,0,0,,0,0,,0,0,,0,0,0,0,0,0,0,0,0,0,0,0,0,0,,0,0,,0,0,,0,0,0,0,0,0,0,0,0,0,0,0,0,0,0,0,0,,,,0,0,0,0,0,0,0,0,0,0,0,0,0,0,0,0,0,0,0,0,0,,0,0,,0,0,,0,0,,,,0,0,0,,,,,,,,,,,,,,,,,,,,,,,,,,,,,,,,,,,,,,,,,,,,,,,,,,,,,,,,,,,,,,,,,,,,,,,,,,,,,,,,,,,,,,,,,,,,,,,,,,,,,,,,,,,,,,,,,,,,,,,,,,,,,,,,,,,,,,,,,,,,,,,,,,,,,,,,,,,,,,,,,,,,,,,,,,,,,,,,,,,,,,,,,,,,,,,,,,,,,,,,,,,,,,,,,,,,,,,,,,,,,,,,,,,,,,,,,,,,,,,,,,,,,,,,,,,,,,,,,,,,,,,,,,,,,,,,,,,,,,,,,,,,,,,,,,,,,,,,,,,,,,,,,,,,,,,,,,,,,,,,,,,,,,,,,,,,,,,,,,,,,,,,,,,,,,,,,,,,,,,,,,,,,,,,,,,,,,,,,,,,,,,,,,,,,,,,,,,,,,,,,,,,,,,,,,,,,,,,,,,,,,,,,,,,,,,,,,,,,,,,,,,,,,,,,,,,,,,,,,,,,,,,,,,,,,,,,,,,,
MI8065100,2001,Paw Paw Police Department,Michigan,3381,16,3,6,4,3,3,1,28,0,87,0,17,1,0,0,12,18,16,2,0,2,3,2,12,12,0,6,0,0,1,2,0,0,1,0,0,0,0,0,0,0,0,16111,645,24,572,197,1560,1721,261,0,623,0,724,21,0,0,924,424,56,516,0,0,0,0,667,634,0,2512,0,0,344,430,0,0,33,0,0,0,0,0,0,0,0,9465,645,22,602,146,1067,1721,99,0,86,0,386,21,0,0,310,86,15,516,0,0,0,0,69,344,0,645,0,0,344,430,0,0,33,0,0,0,0,0,0,0,0,31,0,0,0,0,0,1,38,1,0,0,0,0,0,0,0,6,7,5,2,0,0,0,0,6,15,0,0,0,0,0,0,1,0,0,0,0,0,0,0,0,0,1049,0,0,0,0,0,172,243,172,0,0,0,0,0,0,0,171,127,365,176,0,0,0,0,99,504,0,0,0,0,0,0,172,0,0,0,0,0,0,0,0,0,344,0,0,0,0,0,172,86,172,0,0,0,0,0,0,0,108,172,344,176,0,0,0,0,90,241,0,0,0,0,0,0,172,0,0,0,0,0,0,0,0,0,4,0,3,0,0,1,1,0,10,1,0,0,0,0,1,0,5,2,0,0,0,1,1,0,0,0,0,0,0,0,0,0,0,0,0,0,0,0,4345,0,23,0,0,43,86,0,175,206,0,0,0,0,21,0,34,654,0,0,0,344,344,0,0,0,0,0,0,0,0,0,0,0,0,0,0,0,4302,0,9,0,0,43,86,0,98,206,0,0,0,0,21,0,15,654,0,0,0,344,344,0,0,0,0,0,0,0,0,0,0,0,0,0,0,0,0,17,0,0,0,0,4,0,0,0,0,0,0,0,0,0,0,0,0,0,0,0,0,0,0,0,0,0,0,0,0,0,0,0,0,0,176,0,0,0,0,0,0,0,0,0,0,0,0,0,0,0,0,0,0,0,0,0,0,0,0,0,0,0,0,0,176,0,0,0,0,0,0,0,0,0,0,0,0,0,0,0,0,0,0,0,0,0,0,0,0,0,0,0,0,0,0,0,0,2,0,0,,0,0,0,0,0,0,0,0,0,,0,0,0,0,0,0,0,0,0,0,0,0,0,0,679,0,0,,0,0,0,0,0,0,0,0,0,,0,0,0,0,0,0,0,0,0,0,0,0,0,0,679,0,0,,0,0,0,0,0,0,0,0,0,,0,0,0,0,0,0,0,0,0,0,0,0,0,1,0,0,0,0,0,0,0,0,0,0,0,0,0,0,0,0,0,0,0,0,0,0,0,0,0,0,0,0,0,0,0,1032,0,0,0,0,0,0,0,0,0,0,0,0,0,0,0,0,0,0,0,0,0,0,0,0,0,0,0,0,0,0,0,1032,0,0,0,0,0,0,0,0,0,0,0,0,0,0,0,0,0,0,0,0,0,0,0,0,1,15,0,0,0,0,0,0,0,0,0,0,1,0,0,0,0,0,0,0,0,0,0,0,0,0,0,0,0,0,0,0,0,0,0,0,0,0,0,0,0,0,0,0,0,0,0,0,0,0,0,0,,0,0,0,,0,0,0,,0,0,0,0,0,0,0,0,0,0,0,0,0,0,0,0,0,0,0,0,0,0,0,0,0,0,,,,0,0,0,0,0,0,0,0,0,0,0,0,0,0,0,0,0,0,0,0,0,,0,0,,0,0,,0,0,,,,,,,0,0,0,0,0,0,,,,,,,,,,,,,,,,,,,,,,,,,,,,,,,,,,,,,,,,,,,,,,,,,,,,,,,,,,,,,,,,,,,,,,,,,,,,,,,,,,,,,,,,,,,,,,,,,,,,,,,,,,,,,,,,,,,,,,,,,,,,,,,,,,,,,,,,,,,,,,,,,,,,,,,,,,,,,,,,,,,,,,,,,,,,,,,,,,,,,,,,,,,,,,,,,,,,,,,,,,,,,,,,,,,,,,,,,,,,,,,,,,,,,,,,,,,,,,,,,,,,,,,,,,,,,,,,,,,,,,,,,,,,,,,,,,,,,,,,,,,,,,,,,,,,,,,,,,,,,,,,,,,,,,,,,,,,,,,,,,,,,,,,,,,,,,,,,,,,,,,,,,,,,,,,,,,,,,,,,,,,,,,,,,,,,,,,,,,,,,,,,,,,,,,,,,,,,,,,,,,,,,,,,,,,,,,,,,,,,,,,,,,,,,,,,,,,,,,,,,,,,,,,,,,,,,,,,,,,,,,,,,,,,,,
MI8065100,2002,Paw Paw Police Department,Michigan,3401,10,5,4,0,3,2,0,30,2,87,0,17,2,0,1,9,13,9,0,0,3,2,0,15,10,1,1,0,0,0,0,1,0,2,0,0,0,0,0,0,0,0,16770,281,129,0,409,626,0,1366,38,267,0,352,76,0,12981,1311,204,27,0,0,0,0,0,60,901,1694,1762,0,0,0,0,85,0,169,0,0,0,0,0,0,0,0,13214,263,8,0,169,626,0,273,38,71,0,339,76,0,12981,254,85,20,0,0,0,0,0,51,932,1694,1762,0,0,0,0,85,0,169,0,0,0,0,0,0,0,0,28,0,0,2,0,0,0,23,1,0,0,0,0,5,0,0,6,3,1,0,0,1,0,0,4,4,0,0,1,0,0,0,0,1,0,0,0,0,0,0,0,0,486,0,0,356,0,0,0,328,762,0,0,0,0,205,0,0,196,12,169,0,0,136,0,0,699,169,0,0,34,0,0,0,0,339,0,0,0,0,0,0,0,0,254,0,0,356,0,0,0,68,762,0,0,0,0,169,0,0,169,17,169,0,0,136,0,0,508,169,0,0,34,0,0,0,0,339,0,0,0,0,0,0,0,0,6,0,3,0,0,0,0,0,11,3,0,0,1,2,1,0,5,2,1,0,0,0,0,0,0,1,1,0,0,0,0,0,0,0,0,0,0,1,26087,0,6,0,0,0,0,0,208,90,0,0,85,127,51,0,30,446,1694,0,0,0,0,0,0,25,1762,0,0,0,0,0,0,0,0,0,0,85,25918,0,7,0,0,0,0,0,8,51,0,0,85,127,51,0,24,446,1694,0,0,0,0,0,0,25,1762,0,0,0,0,0,0,0,0,0,0,85,0,58,2,2,0,0,5,0,1,0,0,0,0,0,0,0,0,0,0,0,0,0,0,0,0,0,0,0,0,0,0,0,0,17,0,0,5,0,922,0,0,0,0,0,0,0,0,0,0,0,0,0,0,0,0,0,0,0,0,0,0,0,0,17,0,0,5,0,922,0,0,0,0,0,0,0,0,0,0,0,0,0,0,0,0,0,0,0,0,0,0,0,0,0,0,0,0,0,0,1,0,0,0,0,0,0,0,0,0,0,0,0,,0,0,0,0,0,0,0,0,0,0,0,0,0,0,38446,0,0,0,0,0,0,0,0,0,0,0,0,,0,0,0,0,0,0,0,0,0,0,0,0,0,0,38446,0,0,0,0,0,0,0,0,0,0,0,0,,0,0,0,0,0,0,1,0,1,0,0,0,0,0,0,0,0,0,0,0,0,0,0,0,0,0,0,0,0,0,0,0,0,,0,0,0,0,85,0,1694,0,0,0,0,0,0,0,0,0,0,0,0,0,0,0,0,0,0,0,0,0,0,0,0,,0,0,0,0,85,0,1694,0,0,0,0,0,0,0,0,0,0,0,0,0,0,0,0,0,0,0,0,0,0,0,0,,0,0,0,1,1,30,0,15,0,6,1,0,4,0,0,0,0,0,0,0,0,0,0,0,0,0,0,0,0,0,0,0,0,0,0,0,0,0,0,0,0,0,0,0,0,0,0,0,0,0,0,0,0,0,0,0,,0,0,0,,0,0,0,,0,0,0,0,0,0,0,0,0,0,0,0,0,0,0,0,0,0,0,0,0,0,0,0,0,0,,,,0,0,0,0,0,0,0,0,0,0,0,0,0,0,0,0,0,0,0,0,0,,,0,,,0,,,0,0,0,0,,,,0,0,0,0,0,0,0,0,0,,,,,,,,,,,,,,,,,,,,,,,,,,,,,,,,,,,,,,,,,,,,,,,,,,,,,,,,,,,,,,,,,,,,,,,,,,,,,,,,,,,,,,,,,,,,,,,,,,,,,,,,,,,,,,,,,,,,,,,,,,,,,,,,,,,,,,,,,,,,,,,,,,,,,,,,,,,,,,,,,,,,,,,,,,,,,,,,,,,,,,,,,,,,,,,,,,,,,,,,,,,,,,,,,,,,,,,,,,,,,,,,,,,,,,,,,,,,,,,,,,,,,,,,,,,,,,,,,,,,,,,,,,,,,,,,,,,,,,,,,,,,,,,,,,,,,,,,,,,,,,,,,,,,,,,,,,,,,,,,,,,,,,,,,,,,,,,,,,,,,,,,,,,,,,,,,,,,,,,,,,,,,,,,,,,,,,,,,,,,,,,,,,,,,,,,,,,,,,,,,,,,,,,,,,,,,,,,,,,,,,,,,,,,,,,,,,,,,,,,,,,,,,,,,,,,,,,,,,,,,,,,,,,,
MI8065100,2003,Paw Paw Police Department,Michigan,3387,8,3,3,2,1,5,0,25,0,69,0,20,0,0,2,6,13,6,1,3,7,5,1,17,8,1,0,0,0,0,1,0,0,4,0,0,0,1,0,0,0,0,16978,1093,68,497,99,4307,0,837,0,332,0,422,0,0,331,437,505,379,166,1684,0,970,0,188,442,4141,0,0,0,0,2816,0,0,209,0,0,0,166,0,0,0,0,10766,182,83,497,99,2485,0,182,0,66,0,298,0,0,331,104,50,28,166,663,0,970,0,108,497,4141,0,0,0,0,2816,0,0,113,0,0,0,166,0,0,0,0,37,0,0,1,0,0,0,25,0,0,0,0,0,1,0,0,5,7,1,0,0,0,0,0,3,9,1,0,0,0,0,0,0,0,0,0,0,0,0,0,0,0,435,0,0,0,0,0,0,445,0,0,0,0,0,248,0,0,262,129,414,0,0,0,0,0,679,235,166,0,0,0,0,0,0,0,0,0,0,0,0,0,0,0,331,0,0,0,0,0,0,83,0,0,0,0,0,248,0,0,83,133,414,0,0,0,0,0,679,96,166,0,0,0,0,0,0,0,0,0,0,0,0,0,0,0,4,0,0,0,0,1,3,0,10,1,0,1,0,0,0,1,4,1,0,0,1,0,0,1,1,1,0,0,0,0,0,0,0,0,0,0,0,0,1380,0,0,0,0,0,205,0,68,199,0,1574,0,0,0,166,28,928,0,0,0,0,0,691,0,497,0,0,0,0,0,0,0,0,0,0,0,0,1656,0,0,0,0,0,61,0,52,199,0,1574,0,0,0,166,28,928,0,0,0,0,0,691,0,497,0,0,0,0,0,0,0,0,0,0,0,0,0,42,0,1,0,0,9,0,2,0,0,2,0,0,0,0,0,0,0,0,0,0,0,0,0,0,0,0,0,0,0,0,0,0,0,0,10,0,248,0,0,17,0,0,0,0,0,0,0,0,0,0,0,0,0,0,0,0,0,0,0,0,0,0,0,0,10,0,248,0,0,17,0,0,0,0,0,0,0,0,0,0,0,0,0,0,0,0,0,0,0,0,0,0,0,0,0,0,0,1,0,1,0,0,0,0,1,0,0,0,0,0,0,0,0,0,0,0,0,0,0,0,0,0,0,0,0,1280,0,0,0,0,0,0,83,0,0,0,0,0,0,0,0,0,0,0,0,0,0,0,0,0,0,0,0,1280,0,0,0,0,0,0,83,0,0,0,0,0,0,0,0,0,0,0,0,0,0,0,1,0,0,1,0,0,0,0,0,0,0,0,0,0,0,0,0,0,0,0,0,0,0,0,0,0,,0,0,0,0,0,83,0,0,16564,0,0,0,0,0,0,0,0,0,0,0,0,0,0,0,0,0,0,0,0,0,0,,0,0,0,0,0,83,0,0,16564,0,0,0,0,0,0,0,0,0,0,0,0,0,0,0,0,0,0,0,0,0,0,,0,1,0,28,0,8,0,3,0,0,0,0,0,0,1,0,0,0,0,0,0,0,0,0,0,0,0,0,0,0,0,0,0,0,0,0,0,0,0,0,0,0,0,0,0,0,0,0,0,0,0,0,0,0,0,0,0,0,0,0,0,0,0,0,0,,0,0,,0,0,,0,0,0,0,0,0,0,0,0,0,0,0,0,0,0,0,0,,,,0,0,0,0,0,0,0,0,0,0,0,0,0,0,0,0,0,0,0,0,0,0,0,0,0,0,0,0,0,0,0,0,0,,,,0,0,0,0,0,0,,,,,,,,,,,,,,,,,,,,,,,,,,,,,,,,,,,,,,,,,,,,,,,,,,,,,,,,,,,,,,,,,,,,,,,,,,,,,,,,,,,,,,,,,,,,,,,,,,,,,,,,,,,,,,,,,,,,,,,,,,,,,,,,,,,,,,,,,,,,,,,,,,,,,,,,,,,,,,,,,,,,,,,,,,,,,,,,,,,,,,,,,,,,,,,,,,,,,,,,,,,,,,,,,,,,,,,,,,,,,,,,,,,,,,,,,,,,,,,,,,,,,,,,,,,,,,,,,,,,,,,,,,,,,,,,,,,,,,,,,,,,,,,,,,,,,,,,,,,,,,,,,,,,,,,,,,,,,,,,,,,,,,,,,,,,,,,,,,,,,,,,,,,,,,,,,,,,,,,,,,,,,,,,,,,,,,,,,,,,,,,,,,,,,,,,,,,,,,,,,,,,,,,,,,,,,,,,,,,,,,,,,,,,,,,,,,,,,,,,,,,,,,,,,,,,,,,,,,,,,,,,,,,,,,,
MI8065100,2004,Paw Paw Police Department,Michigan,3391,12,2,4,0,6,2,0,15,0,79,0,9,2,0,1,7,3,10,1,2,4,1,0,4,4,1,0,0,0,0,2,0,0,1,0,0,0,0,0,0,0,0,6892,258,50,0,215,597,0,389,0,564,0,439,12,0,6937,3095,274,49,323,323,0,16,0,113,480,689,0,0,0,0,1094,0,0,40,0,0,0,0,0,0,0,0,3226,258,56,0,145,597,0,242,0,161,0,339,12,0,6937,968,226,35,323,323,0,16,0,105,242,689,0,0,0,0,1094,0,0,40,0,0,0,0,0,0,0,0,14,0,0,3,0,0,0,30,0,0,0,0,0,3,0,0,2,1,3,2,0,0,0,0,13,4,0,0,0,0,0,0,0,1,0,0,0,0,0,0,0,0,945,0,0,368,0,0,0,325,0,0,0,0,0,215,0,0,2541,81,484,262,0,0,0,0,602,323,0,0,0,0,0,0,0,161,0,0,0,0,0,0,0,0,323,0,0,282,0,0,0,242,0,0,0,0,0,161,0,0,2541,81,484,262,0,0,0,0,403,242,0,0,0,0,0,0,0,161,0,0,0,0,0,0,0,0,6,1,0,0,1,0,0,0,12,2,0,0,1,1,2,0,7,1,1,0,0,2,0,1,0,0,0,0,0,0,0,0,0,0,0,0,0,0,4302,484,0,0,32,0,0,0,297,113,0,0,194,807,12,0,49,145,0,0,0,323,0,16,0,0,0,0,0,0,0,0,0,0,0,0,0,0,4033,484,0,0,32,0,0,0,56,113,0,0,194,807,12,0,39,145,0,0,0,323,0,16,0,0,0,0,0,0,0,0,0,0,0,0,0,0,0,47,0,6,0,0,7,0,1,1,0,0,0,0,0,0,0,0,0,0,0,0,0,0,0,0,0,0,1,0,0,0,0,16,0,0,84,0,32,176,0,0,0,0,0,0,0,0,0,0,0,0,0,0,0,0,0,0,161,0,0,0,0,8,0,0,40,0,32,176,0,0,0,0,0,0,0,0,0,0,0,0,0,0,0,0,0,0,161,0,0,6,3,0,0,0,0,0,0,6,0,0,0,0,0,0,0,0,0,0,0,0,0,0,0,0,0,0,0,54,0,0,0,0,0,0,0,8995,0,0,0,0,0,0,0,0,0,0,0,0,0,0,0,0,0,0,0,32,0,0,0,0,0,0,0,149,0,0,0,0,0,0,0,0,0,0,0,0,0,0,0,0,0,0,0,0,0,0,0,0,0,0,0,0,0,0,0,0,0,0,0,0,0,0,0,0,0,0,0,0,0,0,0,0,,0,0,0,0,0,0,0,0,0,0,0,0,0,0,0,0,0,0,0,0,0,0,0,0,0,0,0,0,0,0,0,,0,0,0,0,0,0,0,0,0,0,0,0,0,0,0,0,0,0,0,0,0,0,0,0,0,0,0,0,0,0,0,,0,3,2,22,0,15,0,0,2,0,2,0,0,0,0,0,0,0,0,0,0,0,0,0,0,0,0,0,0,0,0,0,0,0,0,0,0,0,0,0,0,0,0,0,0,0,0,0,0,0,0,0,0,0,,0,0,0,,0,0,0,,0,0,0,0,0,0,0,0,0,0,0,0,0,0,0,0,0,0,0,0,0,0,0,0,0,0,0,0,0,0,0,0,,0,,0,,0,0,0,0,0,0,0,0,0,0,0,0,0,,0,0,,0,0,,0,0,0,0,0,,,,,0,,0,,0,,,,,,,,,,,,,,,,,,,,,,,,,,,,,,,,,,,,,,,,,,,,,,,,,,,,,,,,,,,,,,,,,,,,,,,,,,,,,,,,,,,,,,,,,,,,,,,,,,,,,,,,,,,,,,,,,,,,,,,,,,,,,,,,,,,,,,,,,,,,,,,,,,,,,,,,,,,,,,,,,,,,,,,,,,,,,,,,,,,,,,,,,,,,,,,,,,,,,,,,,,,,,,,,,,,,,,,,,,,,,,,,,,,,,,,,,,,,,,,,,,,,,,,,,,,,,,,,,,,,,,,,,,,,,,,,,,,,,,,,,,,,,,,,,,,,,,,,,,,,,,,,,,,,,,,,,,,,,,,,,,,,,,,,,,,,,,,,,,,,,,,,,,,,,,,,,,,,,,,,,,,,,,,,,,,,,,,,,,,,,,,,,,,,,,,,,,,,,,,,,,,,,,,,,,,,,,,,,,,,,,,,,,,,,,,,,,,,,,,,,,,,,,,,,,,,,,,,,,,,,,,,,,,,,,,
MI8065100,2005,Paw Paw Police Department,Michigan,3353,7,2,4,0,4,4,0,15,3,40,0,6,5,0,0,11,8,4,2,6,0,2,1,9,0,1,0,0,0,1,3,1,0,2,0,0,0,0,0,0,0,0,9183,392,32,0,62,743,0,362,0,261,0,334,340,0,0,2281,1393,1697,780,939,0,78,0,315,0,156,0,0,0,468,5721,16,0,2135,0,0,0,0,0,0,0,0,7801,392,34,0,62,811,0,147,0,101,0,218,117,0,0,1560,195,167,780,624,0,78,0,156,0,156,0,0,0,468,4681,16,0,2135,0,0,0,0,0,0,0,0,14,0,0,1,0,0,1,14,1,0,0,0,0,5,0,0,3,2,0,0,0,0,0,0,4,2,0,1,0,2,0,0,0,0,0,0,0,0,0,0,0,0,928,0,0,8,0,0,156,344,312,0,0,0,0,195,0,0,1230,195,0,0,0,0,0,0,312,156,0,1248,0,784,0,0,0,0,0,0,0,0,0,0,0,0,273,0,0,8,0,0,156,117,312,0,0,0,0,78,0,0,546,195,0,0,0,0,0,0,156,156,0,1248,0,784,0,0,0,0,0,0,0,0,0,0,0,0,6,1,1,0,0,1,0,0,5,0,0,0,2,2,3,2,3,0,1,0,0,1,0,0,1,0,0,0,0,0,0,0,1,0,0,0,0,0,8113,780,16,0,0,14,0,0,768,0,0,0,234,462,459,702,2159,0,156,0,0,3511,0,0,0,0,0,0,0,0,0,0,156,0,0,0,0,0,7411,780,16,0,0,14,0,0,105,0,0,0,234,462,117,702,22,0,156,0,0,3511,0,0,0,0,0,0,0,0,0,0,156,0,0,0,0,0,0,30,0,1,0,0,5,0,0,0,0,0,0,0,0,0,0,0,0,0,0,0,0,0,0,1,0,0,0,0,0,0,0,0,0,0,156,0,0,0,0,0,0,0,0,0,0,0,0,0,0,0,0,0,0,0,0,0,0,0,0,0,0,0,0,0,156,0,0,0,0,0,0,0,0,0,0,0,0,0,0,0,0,0,0,0,0,0,0,0,0,1,5,0,0,0,0,0,0,7,0,1,,0,0,0,0,0,0,0,0,0,,0,0,0,0,0,0,0,0,0,0,0,0,0,0,3635,0,0,,0,0,0,0,0,0,0,0,0,,0,0,0,0,0,0,0,0,0,0,0,0,0,0,749,0,0,,0,0,0,0,0,0,0,0,0,,0,0,0,0,0,0,0,0,0,0,0,0,0,0,0,0,0,0,0,0,0,0,0,0,0,0,0,0,0,0,0,0,0,0,0,,0,0,0,0,0,0,0,0,0,0,0,0,0,0,0,0,0,0,0,0,0,0,0,0,0,0,0,0,0,0,0,,0,0,0,0,0,0,0,0,0,0,0,0,0,0,0,0,0,0,0,0,0,0,0,0,0,0,0,0,0,0,0,,0,0,2,19,0,7,0,1,0,0,2,0,0,1,0,0,0,0,0,0,0,0,0,0,0,0,0,0,0,0,0,0,0,0,0,0,0,0,0,0,0,0,0,0,0,0,0,0,0,0,0,0,0,0,,0,0,0,,0,0,0,,0,0,0,0,0,0,0,0,0,0,0,0,0,0,0,0,0,0,0,0,0,0,0,0,0,0,0,0,0,0,0,0,0,0,0,0,0,0,0,0,0,0,0,0,0,0,0,0,0,0,0,0,0,0,0,0,0,0,0,0,0,0,0,0,0,0,0,0,0,0,0,,,,,,,,,,,,,,,,,,,,,,,,,,,,,,,,,,,,,,,,,,,,,,,,,,,,,,,,,,,,,,,,,,,,,,,,,,,,,,,,,,,,,,,,,,,,,,,,,,,,,,,,,,,,,,,,,,,,,,,,,,,,,,,,,,,,,,,,,,,,,,,,,,,,,,,,,,,,,,,,,,,,,,,,,,,,,,,,,,,,,,,,,,,,,,,,,,,,,,,,,,,,,,,,,,,,,,,,,,,,,,,,,,,,,,,,,,,,,,,,,,,,,,,,,,,,,,,,,,,,,,,,,,,,,,,,,,,,,,,,,,,,,,,,,,,,,,,,,,,,,,,,,,,,,,,,,,,,,,,,,,,,,,,,,,,,,,,,,,,,,,,,,,,,,,,,,,,,,,,,,,,,,,,,,,,,,,,,,,,,,,,,,,,,,,,,,,,,,,,,,,,,,,,,,,,,,,,,,,,,,,,,,,,,,,,,,,,,,,,,,,,,,,,,,,,,,,,,,,,,,,,,,,,,,,,
MI8065100,2006,Paw Paw Police Department,Michigan,3320,0,2,8,2,5,2,0,16,0,63,0,13,5,0,1,1,8,16,4,3,2,3,1,7,4,1,0,0,0,0,1,0,0,1,0,0,0,0,0,0,0,0,0,459,3524,302,623,754,0,3207,0,573,0,463,2101,0,45344,423,916,1436,276,1705,0,642,0,266,623,3023,0,0,0,0,113361,0,0,30,0,0,0,0,0,0,0,0,0,459,1722,302,121,754,0,340,0,106,0,302,1649,0,45344,423,151,170,174,1867,0,642,0,60,680,3023,0,0,0,0,113361,0,0,30,0,0,0,0,0,0,0,0,23,0,0,1,0,0,0,14,0,0,0,0,0,3,2,0,4,3,5,2,0,0,0,0,5,6,0,0,0,0,0,0,0,1,0,0,0,0,0,0,0,0,591,0,0,7557,0,0,0,663,0,0,0,0,0,207,227,0,238,378,333,91,0,0,0,0,529,142,0,0,0,0,0,0,0,151,0,0,0,0,0,0,0,0,453,0,0,7557,0,0,0,151,0,0,0,0,0,151,227,0,265,378,302,91,0,0,0,0,302,125,0,0,0,0,0,0,0,151,0,0,0,0,0,0,0,0,0,0,5,0,0,2,1,0,11,0,0,1,1,0,5,3,6,0,0,0,1,0,0,0,0,0,0,0,0,0,0,0,0,0,0,0,0,0,0,0,1416,0,0,754,30,0,642,0,0,45344,98,0,2101,141,687,0,0,0,0,0,0,0,0,0,0,0,0,0,0,0,0,0,0,0,0,0,0,0,899,0,0,754,30,0,151,0,0,45344,98,0,1649,151,170,0,0,0,0,0,0,0,0,0,0,0,0,0,0,0,0,0,0,0,0,0,0,23,0,1,0,0,0,0,0,0,0,0,0,0,0,0,0,0,0,0,0,0,0,0,0,0,0,0,0,0,0,0,0,0,0,0,0,0,0,0,0,0,0,0,0,0,0,0,0,0,0,0,0,0,0,0,0,0,0,0,0,0,0,0,0,0,0,0,0,0,0,0,0,0,0,0,0,0,0,0,0,0,0,0,0,0,0,0,0,0,0,1,0,0,0,0,0,0,0,3,0,1,,0,0,0,0,0,0,0,0,0,,0,0,0,0,0,0,30,0,0,0,0,0,0,0,2353,0,0,,0,0,0,0,0,0,0,0,0,,0,0,0,0,0,0,30,0,0,0,0,0,0,0,1118,0,0,,0,0,0,0,0,0,0,0,0,,0,0,0,0,0,0,0,0,0,0,0,0,0,0,0,1,0,0,0,0,0,0,0,0,0,0,0,0,0,0,0,0,0,0,0,,0,0,0,0,0,0,0,0,0,0,0,453,0,0,0,0,0,0,0,0,0,0,0,0,0,0,0,0,0,0,0,,0,0,0,0,0,0,0,0,0,0,0,453,0,0,0,0,0,0,0,0,0,0,0,0,0,0,0,0,0,0,0,,0,0,1,16,0,3,0,0,2,0,1,0,0,0,0,0,0,0,0,0,0,0,0,0,0,0,0,0,0,0,0,0,0,0,0,0,0,0,0,0,0,0,0,0,0,0,0,0,0,0,0,0,0,0,0,0,0,0,0,0,0,0,0,0,0,0,0,0,0,0,0,0,0,0,0,0,0,0,0,0,0,0,0,0,0,0,0,0,0,,,,0,0,0,0,0,0,0,0,0,0,0,0,0,0,0,0,0,0,,,,0,0,0,0,0,0,0,0,0,0,0,0,,,,0,0,0,0,0,0,,,,,,,,,,,,,,,,,,,,,,,,,,,,,,,,,,,,,,,,,,,,,,,,,,,,,,,,,,,,,,,,,,,,,,,,,,,,,,,,,,,,,,,,,,,,,,,,,,,,,,,,,,,,,,,,,,,,,,,,,,,,,,,,,,,,,,,,,,,,,,,,,,,,,,,,,,,,,,,,,,,,,,,,,,,,,,,,,,,,,,,,,,,,,,,,,,,,,,,,,,,,,,,,,,,,,,,,,,,,,,,,,,,,,,,,,,,,,,,,,,,,,,,,,,,,,,,,,,,,,,,,,,,,,,,,,,,,,,,,,,,,,,,,,,,,,,,,,,,,,,,,,,,,,,,,,,,,,,,,,,,,,,,,,,,,,,,,,,,,,,,,,,,,,,,,,,,,,,,,,,,,,,,,,,,,,,,,,,,,,,,,,,,,,,,,,,,,,,,,,,,,,,,,,,,,,,,,,,,,,,,,,,,,,,,,,,,,,,,,,,,,,,,,,,,,,,,,,,,,,,,,,,,,,,,
MI8065100,2007,Paw Paw Police Department,Michigan,3294,8,1,18,0,2,7,0,19,1,56,0,18,1,0,1,9,14,14,12,6,5,0,0,12,6,0,0,0,0,2,0,0,0,5,0,0,0,0,0,0,0,0,11114,294,738,0,32,2117,0,220,176,808,0,203,15,0,1470,915,3497,43,2411,1303,0,0,0,61,169,0,0,0,0,73,0,0,0,109,0,0,0,0,0,0,0,0,8450,294,51,0,32,588,0,116,176,59,0,147,15,0,1470,558,441,29,220,1249,0,0,0,37,147,0,0,0,0,73,0,0,0,135,0,0,0,0,0,0,0,0,23,1,0,1,0,0,1,11,1,0,0,0,0,9,0,0,5,4,9,0,0,0,1,0,6,2,0,0,0,0,0,0,0,0,0,0,0,0,0,0,0,0,2785,3,0,739,0,0,147,14,0,0,0,0,0,491,0,0,272,246,13009,0,0,0,147,0,1482,6595,0,0,0,0,0,0,0,0,0,0,0,0,0,0,0,0,294,3,0,739,0,0,147,0,0,0,0,0,0,294,0,0,147,110,147,0,0,0,147,0,367,6595,0,0,0,0,0,0,0,0,0,0,0,0,0,0,0,0,4,0,3,0,0,1,1,0,6,0,0,0,0,1,0,3,5,0,0,1,0,2,0,0,0,2,0,0,0,0,0,0,0,0,0,0,0,0,7715,0,107,0,0,7,382,0,44,0,0,0,0,294,0,262,29,0,0,29,0,891,0,0,0,154,0,0,0,0,0,0,0,0,0,0,0,0,6613,0,21,0,0,7,382,0,30,0,0,0,0,294,0,147,29,0,0,29,0,891,0,0,0,154,0,0,0,0,0,0,0,0,0,0,0,0,0,24,0,1,0,0,2,0,2,0,0,0,0,0,1,0,0,0,0,0,0,0,0,0,0,0,0,0,0,0,0,0,0,0,0,0,0,0,1168,0,0,0,0,0,37,0,0,0,0,0,0,0,0,0,0,0,0,0,0,0,0,0,0,0,0,0,0,0,1168,0,0,0,0,0,37,0,0,0,0,0,0,0,0,0,0,0,0,0,0,0,0,2,1,0,0,0,0,0,0,2,0,0,,0,0,0,0,0,0,0,0,0,,0,0,0,0,0,0,4853,0,0,0,0,0,0,0,3821,0,0,,0,0,0,0,0,0,0,0,0,,0,0,0,0,0,0,4853,0,0,0,0,0,0,0,3821,0,0,,0,0,0,0,0,0,0,0,0,,0,0,0,0,0,0,0,0,0,0,0,0,0,0,0,0,0,0,0,0,0,0,0,0,0,0,0,0,0,0,0,0,0,0,0,0,0,0,0,0,0,0,0,0,0,0,0,0,0,0,0,0,0,0,0,0,0,0,0,0,0,0,0,0,0,0,0,0,0,0,0,0,0,0,0,0,0,0,0,0,0,0,0,0,0,0,0,0,0,0,0,0,0,0,0,0,0,0,0,0,0,2,1,19,0,5,0,0,0,0,0,0,0,0,0,0,0,0,0,0,0,0,0,0,0,0,0,0,0,0,0,0,0,0,0,0,0,0,0,0,0,0,0,,0,0,,0,0,,0,0,0,0,,0,0,0,,0,0,0,,0,0,0,0,0,0,0,0,0,0,0,0,0,0,0,0,0,0,0,0,0,0,0,0,0,0,0,0,0,0,0,0,0,0,0,0,0,0,0,0,0,0,0,0,0,0,0,,,,0,0,0,0,0,0,0,0,0,,,,0,0,0,0,0,0,0,0,0,,,,,,,,,,,,,,,,,,,,,,,,,,,,,,,,,,,,,,,,,,,,,,,,,,,,,,,,,,,,,,,,,,,,,,,,,,,,,,,,,,,,,,,,,,,,,,,,,,,,,,,,,,,,,,,,,,,,,,,,,,,,,,,,,,,,,,,,,,,,,,,,,,,,,,,,,,,,,,,,,,,,,,,,,,,,,,,,,,,,,,,,,,,,,,,,,,,,,,,,,,,,,,,,,,,,,,,,,,,,,,,,,,,,,,,,,,,,,,,,,,,,,,,,,,,,,,,,,,,,,,,,,,,,,,,,,,,,,,,,,,,,,,,,,,,,,,,,,,,,,,,,,,,,,,,,,,,,,,,,,,,,,,,,,,,,,,,,,,,,,,,,,,,,,,,,,,,,,,,,,,,,,,,,,,,,,,,,,,,,,,,,,,,,,,,,,,,,,,,,,,,,,,,,,,,,,,,,,,,,,,,,,,,,,,,,,,,,,,,,,,,,,,,,,,,,,,,,,,,,,,,,,,,,,,,
MI8065100,2008,Paw Paw Police Department,Michigan,3223,3,3,15,2,3,0,0,26,1,30,0,8,6,1,1,4,12,9,5,3,5,5,0,8,12,1,0,0,0,0,1,0,0,5,0,0,0,0,0,0,1,0,15096,92,446,761,279,0,0,748,35,580,0,1739,38,5730,2830,443,339,153,235,519,0,46,0,88,371,6652,0,0,0,0,821,0,0,1405,0,0,0,0,0,0,1274,0,16983,85,48,761,283,0,0,127,35,0,0,601,17,5730,2830,212,283,76,212,425,0,14,0,85,283,6652,0,0,0,0,821,0,0,99,0,0,0,0,0,0,1274,0,17,0,0,0,0,0,0,3,0,0,0,0,0,1,0,1,7,6,1,0,0,0,0,0,6,7,0,0,0,0,0,0,0,0,0,0,0,0,0,0,0,0,583,0,0,0,0,0,0,142,0,0,0,0,0,425,0,425,237,182,71,0,0,0,0,0,271,319,0,0,0,0,0,0,0,0,0,0,0,0,0,0,0,0,425,0,0,0,0,0,0,142,0,0,0,0,0,425,0,425,142,78,71,0,0,0,0,0,142,268,0,0,0,0,0,0,0,0,0,0,0,0,0,0,0,0,2,1,6,0,0,0,0,0,6,1,0,0,0,0,4,0,8,3,1,0,2,0,0,0,0,0,0,0,0,0,0,0,0,0,0,0,0,0,14152,85,52,0,0,0,0,0,146,50,0,0,0,0,14,0,101,57,6652,0,0,0,0,0,0,0,0,0,0,0,0,0,0,0,0,0,0,0,14152,85,45,0,0,0,0,0,0,50,0,0,0,0,14,0,70,83,6652,0,0,0,0,0,0,0,0,0,0,0,0,0,0,0,0,0,0,0,0,20,1,4,0,0,0,0,0,0,0,0,0,0,0,0,0,0,0,0,0,0,0,0,0,0,0,0,0,0,0,0,4,17,0,0,0,0,0,0,0,0,0,0,0,0,0,0,0,0,0,0,0,0,0,0,0,0,0,0,0,0,4,0,0,0,0,0,0,0,0,0,0,0,0,0,0,0,0,0,0,0,0,0,0,0,0,0,0,0,0,0,0,0,0,0,0,0,0,1,0,1,,0,0,,0,0,0,0,0,,,0,0,0,0,0,0,0,0,0,0,0,0,0,0,108,0,0,,0,0,,0,0,0,0,0,,,0,0,0,0,0,0,0,0,0,0,0,0,0,0,108,0,0,,0,0,,0,0,0,0,0,,,0,0,0,0,0,0,0,0,0,1,0,0,0,0,0,0,0,0,0,0,0,0,0,0,0,0,0,0,0,0,0,0,0,0,0,0,0,0,0,0,0,3,0,0,0,0,0,0,0,0,0,0,0,0,0,0,0,0,0,0,0,0,0,0,0,0,0,0,0,0,0,0,0,3,0,0,0,0,0,0,0,0,0,0,0,0,0,0,0,0,0,0,0,0,0,0,0,0,0,0,0,1,1,14,0,6,0,0,0,0,0,0,0,0,0,0,0,0,0,0,0,0,0,0,0,0,0,0,0,0,0,0,0,0,0,0,0,0,0,0,0,0,0,0,0,0,0,0,0,0,0,0,0,0,0,,0,0,0,,0,0,0,,0,0,0,0,0,0,0,0,0,0,0,0,0,0,0,0,0,0,0,0,0,0,0,0,0,,,,0,0,0,0,0,0,0,0,0,0,0,0,0,0,0,0,0,0,0,0,0,0,0,0,0,0,0,0,0,0,0,0,0,0,0,0,0,0,0,0,0,0,,,,,,,,,,,,,,,,,,,,,,,,,,,,,,,,,,,,,,,,,,,,,,,,,,,,,,,,,,,,,,,,,,,,,,,,,,,,,,,,,,,,,,,,,,,,,,,,,,,,,,,,,,,,,,,,,,,,,,,,,,,,,,,,,,,,,,,,,,,,,,,,,,,,,,,,,,,,,,,,,,,,,,,,,,,,,,,,,,,,,,,,,,,,,,,,,,,,,,,,,,,,,,,,,,,,,,,,,,,,,,,,,,,,,,,,,,,,,,,,,,,,,,,,,,,,,,,,,,,,,,,,,,,,,,,,,,,,,,,,,,,,,,,,,,,,,,,,,,,,,,,,,,,,,,,,,,,,,,,,,,,,,,,,,,,,,,,,,,,,,,,,,,,,,,,,,,,,,,,,,,,,,,,,,,,,,,,,,,,,,,,,,,,,,,,,,,,,,,,,,,,,,,,,,,,,,,,,,,,,,,,,,,,,,,,,,,,,,,,,,,,,,,,,,,,,,,,,,,,,,,,,,,,,,,,
MI8065100,2009,Paw Paw Police Department,Michigan,3206,3,3,11,1,4,3,0,18,0,52,0,21,5,0,0,7,10,5,4,9,6,1,1,12,7,0,0,0,0,1,0,0,0,7,0,0,0,1,0,0,0,0,12309,78,106,213,282,530,0,2225,0,764,0,362,298,0,0,668,1284,331,169,898,0,7,0,167,299,0,0,0,0,7,0,0,0,273,0,0,0,71,0,0,0,0,12782,78,30,213,249,312,0,92,0,17,0,231,58,0,0,426,160,213,160,568,0,7,0,71,199,0,0,0,0,7,0,0,0,50,0,0,0,71,0,0,0,0,25,0,0,1,0,0,0,12,0,0,0,0,0,4,0,0,3,5,5,1,0,0,0,0,6,19,0,1,0,0,0,0,1,1,0,0,0,0,0,0,0,0,549,0,0,355,0,0,0,25,0,0,0,0,0,202,0,0,249,3618,229,71,0,0,0,0,151,356,0,284,0,0,0,0,213,284,0,0,0,0,0,0,0,0,284,0,0,355,0,0,0,0,0,0,0,0,0,249,0,0,249,107,284,71,0,0,0,0,142,213,0,284,0,0,0,0,213,284,0,0,0,0,0,0,0,0,0,0,4,0,1,0,2,0,11,1,0,0,1,1,2,1,2,4,0,0,1,0,0,0,0,1,0,0,0,0,0,0,0,0,0,0,0,0,0,0,45,0,355,0,425,0,48,85,0,0,36,142,670,142,479,161,0,0,0,0,0,0,0,0,0,0,0,0,0,0,0,0,0,0,0,0,0,0,21,0,355,0,425,0,3,85,0,0,36,142,670,142,479,114,0,0,0,0,0,0,0,0,0,0,0,0,0,0,0,0,0,0,0,0,0,9,0,0,0,0,0,0,3,0,0,0,0,0,0,0,0,0,0,0,0,0,0,0,0,0,0,0,0,0,0,0,0,0,0,0,0,0,57,0,0,0,0,0,0,0,0,0,0,0,0,0,0,0,0,0,0,0,0,0,0,0,0,0,0,0,0,0,57,0,0,0,0,0,0,0,0,0,0,0,0,0,0,0,0,0,0,0,0,0,0,4,2,0,0,0,0,0,0,0,0,0,,0,0,0,0,0,0,0,0,0,0,0,0,0,0,0,0,57,0,0,0,0,0,0,0,0,0,0,,0,0,0,0,0,0,0,0,0,0,0,0,0,0,0,0,28,0,0,0,0,0,0,0,0,0,0,,0,0,0,0,0,0,0,0,0,0,0,0,0,0,0,0,0,0,2,0,0,0,0,0,0,0,0,0,0,0,0,0,0,0,0,0,0,0,0,0,0,0,0,0,0,0,0,0,0,0,142028,0,0,0,0,0,0,0,0,0,0,0,0,0,0,0,0,0,0,0,0,0,0,0,0,0,0,0,0,0,0,0,142028,0,0,0,0,0,0,0,0,0,0,0,0,0,0,0,0,0,0,0,0,0,0,0,0,0,0,0,0,0,0,8,0,1,0,0,0,0,0,0,0,0,0,0,0,0,0,0,0,0,0,0,0,0,0,0,0,0,0,0,0,0,0,0,0,0,0,0,0,0,0,,,0,,,0,,,0,,0,0,0,,0,0,0,,0,0,0,0,0,0,0,0,0,0,0,0,0,0,0,0,,0,0,0,,0,0,0,,0,0,0,,,,0,0,0,0,0,0,0,0,0,0,0,0,0,0,0,0,0,0,0,0,0,,0,0,,0,0,,0,0,0,0,0,0,0,0,0,0,0,0,0,0,,,,0,0,0,0,0,0,0,0,0,0,0,0,0,0,0,0,0,0,0,0,0,0,0,0,0,0,0,0,0,0,0,0,0,0,0,0,0,0,0,0,0,0,0,0,0,0,0,0,0,0,0,0,0,0,0,0,0,0,0,0,0,0,0,0,0,0,0,0,0,0,0,0,0,0,0,0,0,0,0,0,0,0,0,0,0,0,0,0,0,0,0,0,0,0,0,0,0,0,0,0,0,0,0,0,0,0,0,0,0,0,0,0,0,0,0,0,0,0,0,0,0,0,0,0,0,0,0,0,0,0,0,0,0,0,0,0,0,0,0,0,0,0,0,0,0,0,0,,,,,,,,,,,,,,,,,,,,,,,,,,,,,,,,,,,,,,,,,,,,,,,,,,,,,,,,,,,,,,,,,,,,,,,,,,,,,,,,,,,,,,,,,,,,,,,,,,,,,,,,,,,,,,,,,,,,,,,,,,,,,,,,,,,,,,,,,,,,,,,,,,,,,,,,,,,,,,,,,,,,,,,,,,,,,,,,,,,,,,,,,,,,,,,,,,,,,,,,,,,,,,,,,,,,,,,,,,,,,,,,,,,,,,,,,,,,,,,,,,,,,,,,,,,,,,,,,,,,,,,,,,,,,,,,,,,,,,,,,,,,,,,,,,,,,,,,,,,,,,,,,,,,,,,,,,,,,,,,,
MI8065100,2010,Paw Paw Police Department,Michigan,3179,2,5,9,2,6,3,0,20,0,41,1,16,3,0,0,2,10,10,3,4,6,3,1,8,9,0,0,0,0,1,1,0,0,1,0,0,0,0,0,0,0,0,3493,238,660,398,381,1258,0,2075,0,1443,0,1131,24,0,0,393,356,540,142,14459,0,56,0,116,255,0,0,0,0,419,210,0,0,70,0,0,0,0,0,0,0,0,3493,140,70,398,210,1258,0,314,0,140,0,419,20,0,0,393,293,68,168,901,0,56,0,70,210,0,0,0,0,419,210,0,0,70,0,0,0,0,0,0,0,0,22,0,0,1,0,0,0,11,2,0,0,0,0,6,1,0,3,3,21,0,0,0,0,0,11,3,0,1,0,0,0,0,1,2,0,0,0,0,0,0,0,0,429,0,0,70,0,0,0,33,328,0,0,0,0,206,28,0,582,116,252,0,0,0,0,0,417,582,0,279,0,0,0,0,0,175,0,0,0,0,0,0,0,0,256,0,0,70,0,0,0,0,328,0,0,0,0,182,28,0,279,105,140,0,0,0,0,0,210,279,0,279,0,0,0,0,0,175,0,0,0,0,0,0,0,0,1,0,3,0,1,0,0,0,7,1,0,0,1,0,3,0,6,4,0,1,1,1,0,0,0,0,0,0,0,0,0,0,0,0,0,0,0,0,5589,0,65,0,14,0,0,0,104,21,0,0,279,0,24,0,835,173,0,419,0,140,0,0,0,0,0,0,0,0,0,0,0,0,0,0,0,0,5589,0,70,0,14,0,0,0,8,21,0,0,279,0,20,0,279,182,0,419,0,140,0,0,0,0,0,0,0,0,0,0,0,0,0,0,0,0,0,18,0,5,0,0,3,0,0,0,0,0,0,0,0,0,0,0,0,0,0,0,0,0,0,1,0,0,0,0,0,0,0,0,0,0,3,0,0,0,0,0,0,0,0,0,0,0,0,0,0,0,0,0,0,3,0,0,0,0,0,0,0,0,0,0,3,0,0,0,0,0,0,0,0,0,0,0,0,0,0,0,0,0,0,3,0,0,0,0,0,1,0,0,0,0,0,0,0,1,0,0,0,0,0,,0,0,0,0,0,,,0,0,0,0,0,0,140,0,0,0,0,0,0,0,5282,0,0,0,0,0,,0,0,0,0,0,,,0,0,0,0,0,0,140,0,0,0,0,0,0,0,5282,0,0,0,0,0,,0,0,0,0,0,,,0,0,0,0,0,0,0,0,0,0,0,0,0,0,0,0,0,0,0,0,0,0,0,0,0,0,0,0,0,0,0,0,0,0,0,0,0,0,0,0,0,0,0,0,0,0,0,0,0,0,0,0,0,0,0,0,0,0,0,0,0,0,0,0,0,0,0,0,0,0,0,0,0,0,0,0,0,0,0,0,0,0,0,0,0,0,0,0,0,0,0,0,0,0,0,0,0,0,0,0,0,1,0,10,0,7,0,0,1,0,0,0,1,0,0,0,0,0,0,0,0,0,0,0,0,0,0,0,0,0,0,0,0,0,0,0,0,0,0,0,0,0,0,0,0,0,0,0,0,0,0,0,0,0,0,0,0,0,0,0,0,0,0,0,0,0,0,0,0,0,0,0,0,0,0,0,0,0,0,0,0,0,0,0,0,0,0,0,0,,,,0,0,0,0,0,0,0,0,0,0,0,0,0,0,0,0,0,0,0,0,0,,0,0,,0,0,,0,0,0,0,0,0,0,0,0,0,0,0,0,0,,,,0,0,0,0,0,0,0,0,0,0,0,0,0,0,0,0,0,0,0,0,0,0,0,0,0,0,0,0,0,0,0,0,0,0,0,0,0,0,0,0,0,0,0,0,0,0,0,0,0,0,0,0,0,0,0,0,0,0,0,0,0,0,0,0,0,0,0,0,0,0,0,0,0,0,0,0,0,0,0,0,0,0,0,0,0,0,0,0,0,0,0,0,0,0,0,0,0,0,0,0,0,0,0,0,0,0,0,0,0,0,0,0,0,0,0,0,0,0,0,0,0,0,0,0,0,0,0,0,0,0,0,0,0,0,0,0,0,0,0,0,0,0,0,0,0,0,0,0,0,0,0,0,0,0,0,0,0,0,0,0,0,0,0,0,0,0,0,0,0,0,0,0,0,0,0,0,0,0,0,0,0,0,0,0,0,0,0,0,0,0,0,0,0,0,0,0,0,0,0,0,0,0,0,0,0,0,0,0,0,0,0,0,0,0,0,0,0,0,0,0,0,0,0,0,0,0,0,0,0,0,0,0,0,0,0,0,0,0,0,0,0,0,0,0,0,0,0,0,0,0,0,0,0,0,0,0,0,0,0,0,0,0,0,0,0,0,0,0,0,0,0,0,0,0,0,0,0,0,0,0,0,0,0,0,0,0,0,0,0,0,0,0,0,0,0,0,0,0,0,0,0,0,0,0,0,0,0,0,0,0,0,0,,,,,,,,,,,,,,,,,,,,,,,,,,,,,,,,,,,,,,,,,,,,,,,,,,,,,,,,,,,,,,,,,,,,,,,,,,,,,,,,,,,,,,,,,,,,,,,,,,,,,,,,,,,,,,,,,,,,,,,,,,,,,,,,,,,,,,,,,,,,,,,,,,,,,,,,,,,,
MI8065100,2011,Paw Paw Police Department,Michigan,3531,2,4,16,2,0,3,0,26,0,37,0,18,1,0,1,4,6,12,6,8,7,6,1,11,3,1,0,0,0,1,1,0,0,8,0,0,0,0,0,0,0,0,1084,159,57,542,0,1527,0,6154,0,157,0,1245,7,0,2709,212,6944,55,370,468,0,6057,0,114,0,278,0,0,0,339,82346,0,0,227,0,0,0,0,0,0,0,0,1084,94,20,542,0,474,0,129,0,47,0,507,7,0,2709,203,135,35,210,305,0,1490,0,68,0,278,0,0,0,339,82346,0,0,44,0,0,0,0,0,0,0,0,19,0,0,1,0,0,0,19,1,0,0,0,0,5,5,0,5,6,12,0,0,0,0,0,12,5,0,0,1,0,0,0,1,3,0,0,0,0,0,0,0,0,8378,0,0,68,0,0,0,395,135,0,0,0,0,63,125,0,151,389,164,0,0,0,0,0,376,217,0,0,135,0,0,0,81,498,0,0,0,0,0,0,0,0,677,0,0,68,0,0,0,0,135,0,0,0,0,51,102,0,119,373,135,0,0,0,0,0,135,135,0,0,135,0,0,0,81,135,0,0,0,0,0,0,0,0,1,2,6,0,0,0,4,0,4,1,0,0,1,0,1,3,7,1,0,0,0,1,0,1,0,2,0,0,0,0,0,0,1,0,0,0,0,0,0,74,68,0,0,0,3682,0,87,513,0,0,27,0,7,135,26,0,0,0,0,1017,0,0,0,183,0,0,0,0,0,0,135,0,0,0,0,0,0,74,17,0,0,0,582,0,39,513,0,0,27,0,7,135,15,0,0,0,0,1017,0,0,0,183,0,0,0,0,0,0,135,0,0,0,0,0,1,30,0,13,0,0,0,0,2,0,0,0,0,0,0,0,0,0,0,0,0,0,0,0,0,0,0,0,0,0,0,0,0,0,0,0,0,0,7,0,0,0,0,0,0,0,0,0,0,0,0,0,0,0,0,0,0,0,0,0,0,0,0,0,0,0,0,0,7,0,0,0,0,0,0,0,0,0,0,0,0,0,0,0,0,0,0,0,0,0,1,3,1,0,0,0,0,0,0,0,0,0,,0,0,0,0,0,0,0,0,,,0,0,0,0,0,0,135,0,0,0,0,0,0,0,0,0,0,,0,0,0,0,0,0,0,0,,,0,0,0,0,0,0,54,0,0,0,0,0,0,0,0,0,0,,0,0,0,0,0,0,0,0,,,0,0,0,0,0,0,0,0,0,0,0,0,0,0,0,0,0,0,0,0,0,0,0,0,0,0,0,0,0,0,0,0,0,0,0,0,0,0,0,0,0,0,0,0,0,0,0,0,0,0,0,0,0,0,0,0,0,0,0,0,0,0,0,0,0,0,0,0,0,0,0,0,0,0,0,0,0,0,0,0,0,0,0,0,0,0,0,0,0,0,0,0,0,0,0,0,0,0,0,0,0,4,0,24,0,5,0,0,0,0,1,0,1,0,0,0,0,0,0,0,0,0,0,0,0,0,0,0,0,0,0,0,0,0,0,0,0,0,0,0,0,0,0,0,0,0,0,0,0,0,0,0,0,0,0,0,0,0,0,0,0,0,0,0,0,0,0,0,0,0,0,0,0,0,0,0,0,0,0,0,0,0,0,0,0,0,0,0,0,0,0,0,0,0,0,0,0,0,0,0,0,0,0,0,0,0,0,0,0,0,0,0,0,,0,0,,0,0,,0,0,0,0,0,0,0,0,0,0,0,0,0,0,0,0,0,2,5,2,0,0,0,0,1,1,0,0,0,0,0,1,0,0,4,0,1,0,1,0,0,230,467,494,0,0,0,0,2167,1016,0,0,0,0,0,406,0,0,261,0,406,0,68,0,0,230,339,494,0,0,0,0,2167,1016,0,0,0,0,0,406,0,0,284,0,406,0,68,0,0,0,0,0,0,0,0,0,0,0,1,0,0,0,0,0,0,0,0,,0,0,,0,0,,0,0,0,1,0,0,0,0,0,0,0,0,0,0,0,0,0,0,0,0,0,0,0,0,0,0,0,0,0,0,0,0,0,0,0,0,0,0,0,0,0,0,0,0,0,0,0,0,0,0,0,0,0,0,0,0,0,0,0,0,0,2,0,0,0,0,0,0,0,0,0,0,0,0,0,0,0,0,0,0,0,0,0,0,0,0,0,0,0,0,0,0,0,0,0,0,0,0,0,0,0,0,0,0,0,0,0,0,0,0,0,0,0,0,0,0,0,0,0,0,0,0,0,0,0,0,0,0,0,0,0,0,0,0,0,0,0,0,0,0,0,0,0,0,0,0,0,0,0,0,0,0,0,0,0,0,0,0,0,0,0,0,0,0,0,1,0,0,0,0,0,0,0,0,0,0,68,0,0,0,0,0,0,0,0,0,0,68,0,0,0,0,0,0,,0,0,0,,0,0,0,,0,0,0,,0,0,0,,0,0,0,,0,0,0,0,0,0,0,0,0,0,0,0,0,0,0,0,0,0,0,0,0,0,0,0,0,0,0,0,0,0,0,0,0,0,0,0,0,0,0,0,0,0,0,0,0,0,0,0,0,0,0,0,0,0,0,0,0,0,0,0,0,0,0,0,0,0,0,0,0,0,0,0,0,0,0,0,0,0,0,0,0,0,0,0,0,0,0,0,0,0,,,,,,,,,,,,,,,,,,,,,,,,,,,,,,,,,,,,,,,,,,,,,,,,,,,,,,,,,,,,,,,,,,
MI8065100,2012,Paw Paw Police Department,Michigan,3532,2,9,16,0,2,2,0,18,2,28,0,14,4,0,1,6,8,12,5,6,3,3,2,11,2,0,0,0,0,0,2,0,0,9,0,0,0,2,0,0,0,0,8545,202,52,0,23,2305,0,1804,470,902,0,1688,27,0,1991,172,319,68,374,284,0,794,0,93,2853,0,0,0,0,0,3119,0,0,54,0,0,0,17,0,0,0,0,8545,60,23,0,23,2305,0,166,470,66,0,152,29,0,1991,133,166,21,199,199,0,794,0,46,2853,0,0,0,0,0,3119,0,0,53,0,0,0,17,0,0,0,0,14,0,0,0,0,0,0,6,1,0,0,0,0,1,1,0,2,2,2,0,0,1,0,0,0,1,0,0,0,1,0,0,0,1,0,0,0,0,0,0,0,0,786,0,0,0,0,0,0,83,622,0,0,0,0,265,27,0,73,299,133,0,0,2654,0,0,0,66,0,0,0,66,0,0,0,133,0,0,0,0,0,0,0,0,398,0,0,0,0,0,0,30,622,0,0,0,0,265,27,0,73,299,133,0,0,2654,0,0,0,66,0,0,0,66,0,0,0,133,0,0,0,0,0,0,0,0,1,1,9,0,1,1,3,1,2,1,0,1,0,1,3,1,7,1,0,0,0,2,0,1,0,3,0,0,0,0,0,1,1,0,0,0,0,0,1194,28,71,0,27,13,148,52,33,317,0,1991,0,232,30,133,85,5309,0,0,0,664,0,0,0,22,0,0,0,0,0,8,0,0,0,0,0,0,1194,28,23,0,27,13,133,52,33,317,0,1991,0,232,30,133,23,5309,0,0,0,664,0,0,0,27,0,0,0,0,0,8,0,0,0,0,0,0,0,36,0,9,0,0,2,0,2,0,0,0,0,0,0,0,0,0,0,0,0,0,1,0,0,0,0,1,0,0,0,0,0,0,0,0,15,0,265,0,0,0,0,0,0,0,0,0,0,0,0,0,199,0,0,0,0,0,0,0,0,0,0,0,0,0,15,0,265,0,0,0,0,0,0,0,0,0,0,0,0,0,199,0,0,0,0,0,0,0,0,0,1,0,0,0,0,0,0,2,0,1,0,0,0,0,0,0,0,0,0,,0,0,0,0,0,0,0,0,0,0,0,0,0,0,0,269,0,0,0,0,0,0,0,0,0,0,0,,0,0,0,0,0,0,0,0,0,0,0,0,0,0,0,269,0,0,0,0,0,0,0,0,0,0,0,,0,0,0,0,0,0,0,0,0,0,0,0,0,0,0,0,0,0,0,0,0,0,0,0,0,0,0,0,0,0,0,0,0,0,0,0,0,0,0,0,0,0,0,0,0,0,0,0,0,0,0,0,0,0,0,0,0,0,0,0,0,0,0,0,0,0,0,0,0,0,0,0,0,0,0,0,0,0,0,0,0,0,0,0,0,0,0,0,0,0,0,0,0,0,0,0,0,0,0,0,0,0,4,0,26,0,5,0,0,0,0,2,0,0,0,1,0,0,0,0,0,0,0,0,0,0,0,0,0,0,0,0,0,0,0,0,0,0,0,0,0,0,0,0,0,0,0,0,0,0,0,0,0,0,0,,0,0,0,,0,0,0,,0,0,0,0,0,0,0,0,0,0,0,0,0,0,0,0,0,0,0,0,0,0,0,0,0,0,0,0,0,0,0,0,0,0,0,0,0,0,0,0,0,0,0,0,0,0,0,0,0,0,0,0,0,0,0,0,0,0,0,0,0,0,0,0,0,0,0,0,0,0,0,,,,0,8,1,0,0,0,0,1,0,0,2,4,0,1,0,1,0,0,0,0,0,3,1,0,0,384,6768,0,0,0,0,531,0,0,0,87,0,0,0,3981,0,0,0,0,0,26,133,0,0,232,6768,0,0,0,0,531,0,0,0,71,0,0,0,3981,0,0,0,0,0,27,133,0,0,0,0,0,0,0,0,0,0,0,0,0,0,0,0,0,0,0,0,0,0,0,0,0,0,0,0,0,0,0,0,0,0,0,0,0,0,0,0,0,0,0,0,0,0,0,0,0,0,0,0,0,0,0,0,0,0,0,0,0,0,0,0,0,0,0,0,0,0,0,0,0,0,0,0,0,0,0,0,0,0,0,0,0,0,0,1,0,0,0,0,0,0,0,0,0,0,0,0,0,0,0,0,0,0,0,0,464,0,0,0,0,0,0,0,0,0,0,0,0,0,0,0,0,0,0,0,0,464,0,0,0,0,0,0,0,0,0,0,0,0,0,0,0,0,0,0,0,0,0,0,0,0,0,0,0,0,0,0,0,0,0,0,0,0,0,0,0,0,0,0,0,0,0,0,0,0,0,0,0,0,0,0,0,0,1,0,0,0,0,2,0,0,0,0,0,0,0,0,0,0,25,0,0,0,0,0,0,0,0,0,0,25,0,0,0,0,0,0,0,0,0,0,,0,0,0,0,0,0,0,,0,0,0,0,0,0,0,,0,0,,0,0,0,0,0,0,0,0,,0,0,0,0,0,0,0,0,,0,0,0,0,0,0,0,0,0,0,0,0,0,0,0,0,0,0,0,,0,0,0,0,0,0,0,,0,0,0,0,0,0,0,,0,0,0,,0,0,,,,0,0,0,0,0,,0,0,,,,0,0,0,0,0,,0,0,,,,0,0,0,0,0,0,0,0,0,0,0,0,0,0,0,0,0,0,0,0,0,0,0,0,0,0,0,0,0,,,,,,,,,,,,,,,,,,,,,,,,,,,,,,,,,,,,,,,
MI8065100,2013,Paw Paw Police Department,Michigan,3470,0,8,15,4,4,2,0,14,0,24,0,11,3,1,1,8,6,6,9,8,6,3,3,7,2,0,0,0,0,0,0,0,0,12,0,0,0,7,0,0,0,0,0,63,38,240,212,289,0,5783,0,764,0,259,13,13,1308,123,165,51,226,839,0,5827,0,23,78,0,0,0,0,0,0,0,0,1677,0,0,0,52,0,0,0,0,0,18,14,262,29,289,0,301,0,65,0,248,9,13,1308,58,105,52,131,302,0,327,0,26,78,0,0,0,0,0,0,0,0,56,0,0,0,38,0,0,0,0,6,0,0,1,0,0,0,16,0,0,0,0,0,0,1,0,3,1,0,0,0,0,0,0,2,4,0,0,0,0,10,0,0,0,0,0,0,0,0,0,0,0,229,0,0,4,0,0,0,169,0,0,0,0,0,0,0,0,65,65,0,0,0,0,0,0,65,83,0,0,0,0,307,0,0,0,0,0,0,0,0,0,0,0,131,0,0,4,0,0,0,65,0,0,0,0,0,0,0,0,65,65,0,0,0,0,0,0,65,98,0,0,0,0,131,0,0,0,0,0,0,0,0,0,0,0,0,6,6,0,1,0,1,0,4,3,0,1,0,1,3,2,3,1,0,0,0,4,0,0,0,1,0,0,0,0,0,1,1,0,0,0,0,0,0,63,12,0,5,0,92,0,489,134,0,1308,0,59,13,360,54,92,0,0,0,1199,0,0,0,0,0,0,0,0,0,21,0,0,0,0,0,0,0,18,10,0,5,0,92,0,347,134,0,1308,0,59,9,360,59,92,0,0,0,262,0,0,0,0,0,0,0,0,0,21,0,0,0,0,0,0,0,39,0,0,0,0,0,0,1,0,0,0,0,0,0,0,0,0,0,0,0,0,0,0,0,0,0,0,0,0,0,0,0,0,0,0,0,0,785,0,0,0,0,0,0,0,0,0,0,0,0,0,0,0,0,0,0,0,0,0,0,0,0,0,0,0,0,0,785,0,0,0,0,0,0,0,0,0,0,0,0,0,0,0,0,0,0,0,0,0,0,2,1,0,0,0,0,0,0,0,0,0,0,0,0,0,0,0,0,0,0,0,,0,0,0,0,0,0,14,0,0,0,0,0,0,0,0,0,0,0,0,0,0,0,0,0,0,0,0,,0,0,0,0,0,0,14,0,0,0,0,0,0,0,0,0,0,0,0,0,0,0,0,0,0,0,0,,0,0,0,0,0,0,0,0,0,0,0,0,0,0,0,0,0,0,0,0,0,0,0,0,0,0,0,0,0,0,0,0,0,0,0,0,0,0,0,0,0,0,0,0,0,0,0,0,0,0,0,0,0,0,0,0,0,0,0,0,0,0,0,0,0,0,0,0,0,0,0,0,0,0,0,0,0,0,0,0,0,0,0,0,0,0,0,0,0,0,0,0,0,0,0,0,0,0,0,0,0,4,0,32,0,6,1,0,0,0,2,0,0,0,0,0,0,0,0,0,0,0,0,0,0,0,0,0,0,0,0,0,0,0,0,0,0,0,0,0,0,0,0,0,0,0,0,0,0,0,0,0,0,0,,0,0,0,,0,0,0,,0,0,0,0,0,0,0,0,0,0,0,0,0,0,0,0,0,0,0,0,0,0,0,0,0,0,0,0,0,0,0,0,0,0,0,0,0,0,0,0,0,0,0,0,0,0,0,,,,0,0,0,0,0,0,0,0,0,0,0,0,0,0,0,0,0,0,0,0,0,,,,0,6,1,0,1,0,0,1,1,0,1,6,0,0,1,0,0,0,0,0,0,0,0,0,0,229,260,0,1308,0,0,262,587,0,0,69,0,0,2354,0,0,0,0,0,0,0,0,0,0,262,260,0,1308,0,0,262,587,0,0,67,0,0,2354,0,0,0,0,0,0,0,0,0,0,0,0,0,0,0,0,0,0,0,0,0,0,0,0,0,0,0,0,0,0,0,0,0,0,0,0,0,0,0,0,0,0,0,0,0,0,0,0,0,0,0,0,0,0,0,0,0,0,0,0,0,0,0,0,0,0,0,0,0,0,0,0,0,0,0,0,0,0,0,0,0,0,0,0,0,0,0,0,0,0,0,0,0,0,0,0,0,0,0,0,0,0,0,0,0,0,0,0,0,0,0,0,0,0,0,0,0,0,0,0,0,0,0,0,0,0,0,0,0,0,0,0,0,0,0,0,0,0,0,0,0,0,0,0,0,0,0,0,0,0,0,0,0,0,0,0,0,0,0,0,0,0,0,0,0,0,0,0,0,0,0,0,0,0,0,0,0,0,0,0,0,0,0,0,0,0,0,0,0,0,0,0,0,0,1,0,0,0,0,0,0,0,0,0,0,65,0,0,0,0,0,0,0,0,0,0,65,0,0,0,0,0,0,0,0,0,0,0,0,0,0,0,0,0,0,0,0,0,0,0,0,0,0,0,0,0,0,0,0,,0,,0,0,0,0,0,0,,0,,0,0,0,0,0,0,,0,,0,0,0,0,0,0,0,0,0,0,0,0,0,0,0,0,0,0,0,0,0,0,0,0,0,0,0,0,0,0,0,0,0,0,0,0,0,0,0,0,0,0,,,0,0,0,0,0,0,0,0,0,,,0,0,0,0,0,0,0,0,0,,,0,0,0,0,0,0,0,0,0,0,0,0,,0,0,,0,0,,0,0,0,,0,0,,0,0,,0,0,0,0,0,0,0,0,0,0,0,0,0,0,0,0,0,0,0,0,0,0,,,,,,,,,,,,,,,,,,
MI8065100,2014,Paw Paw Police Department,Michigan,3474,1,13,14,1,4,5,0,25,0,24,0,17,3,0,1,3,4,9,4,7,7,1,1,10,4,0,0,0,1,0,0,0,0,7,0,0,0,2,0,0,0,0,16732,178,45,579,360,1214,0,683,0,179,0,232,86,0,322,203,51,299,86,549,0,1043,0,123,198,0,0,0,0,0,0,0,0,87,0,0,0,48,0,0,0,0,16732,64,25,579,192,129,0,257,0,48,0,129,86,0,322,193,23,97,64,449,0,1043,0,32,129,0,0,0,0,0,0,0,0,29,0,0,0,48,0,0,0,0,9,0,0,3,0,0,0,12,2,0,0,0,0,0,1,0,1,0,2,1,0,3,0,0,0,3,0,0,0,0,8,0,0,0,0,0,0,0,0,0,0,0,1560,0,0,302,0,0,0,208,515,0,0,0,0,0,0,0,97,0,257,64,0,354,0,0,0,236,0,0,0,0,494,0,0,0,0,0,0,0,0,0,0,0,129,0,0,193,0,0,0,129,515,0,0,0,0,0,0,0,97,0,257,64,0,354,0,0,0,257,0,0,0,0,257,0,0,0,0,0,0,0,0,0,0,0,1,7,13,1,3,2,1,0,5,10,0,0,1,1,0,2,8,1,0,0,1,4,0,0,0,3,0,0,0,0,0,1,0,0,0,0,0,0,16732,221,47,579,133,10,32,0,182,176,0,0,140,57,0,64,333,0,0,0,0,405,0,0,0,27,0,0,0,0,0,26,0,0,0,0,0,0,16732,21,31,579,54,10,32,0,42,146,0,0,140,57,0,64,157,0,0,0,0,449,0,0,0,26,0,0,0,0,0,26,0,0,0,0,0,0,0,46,0,0,0,0,2,0,1,0,0,1,0,1,0,0,0,0,0,0,0,0,0,0,0,0,0,0,0,0,0,0,0,0,0,0,0,0,129,0,0,0,0,0,0,0,0,0,0,0,0,0,0,0,0,0,0,0,0,0,0,0,0,0,0,0,0,0,129,0,0,0,0,0,0,0,0,0,0,0,0,0,0,0,0,0,0,0,0,0,0,0,1,0,0,0,0,0,0,1,0,0,,0,0,0,0,0,0,0,0,0,,0,0,0,0,0,0,0,506,0,0,0,0,0,0,644,0,0,,0,0,0,0,0,0,0,0,0,,0,0,0,0,0,0,0,506,0,0,0,0,0,0,644,0,0,,0,0,0,0,0,0,0,0,0,,0,0,0,0,0,0,0,0,0,0,0,0,0,0,0,0,0,0,0,0,0,0,0,0,0,0,0,0,0,0,0,0,0,0,0,,0,0,0,0,0,0,0,0,0,0,0,0,0,0,0,0,0,0,0,0,0,0,0,0,0,0,0,0,0,0,0,,0,0,0,0,0,0,0,0,0,0,0,0,0,0,0,0,0,0,0,0,0,0,0,0,0,0,0,0,0,0,0,,0,3,0,38,0,5,0,0,0,0,3,0,0,0,0,0,0,0,0,0,0,0,0,0,0,0,0,0,0,0,0,0,0,0,0,0,0,0,0,0,0,0,0,0,0,0,0,0,0,0,0,0,0,0,0,0,0,0,0,0,0,0,0,0,0,0,0,0,0,0,0,0,0,0,0,0,0,0,0,0,0,0,0,0,0,0,0,0,0,0,0,0,0,0,0,0,0,0,0,0,0,0,0,0,0,0,0,0,0,0,0,0,0,,,0,,,0,,,0,0,0,0,0,0,0,0,0,0,0,0,0,,,,1,9,1,0,1,0,1,1,0,0,0,0,0,4,0,0,0,0,0,0,0,0,0,0,64,385,4504,0,1551,0,129,257,0,0,0,0,0,0,0,0,0,0,0,0,0,0,0,0,64,386,4504,0,1551,0,129,257,0,0,0,0,0,0,0,0,0,0,0,0,0,0,0,0,0,0,0,0,0,0,0,0,0,1,0,0,129,0,0,129,0,0,0,0,0,0,0,0,0,0,0,0,0,0,0,0,1,0,0,0,0,0,0,0,0,0,0,0,0,0,0,129,0,0,0,0,0,0,0,0,0,0,0,0,0,0,129,0,0,0,0,0,0,0,0,0,0,0,0,0,0,0,0,0,0,0,0,0,0,0,4,0,0,0,0,0,0,0,0,0,0,0,0,0,0,0,0,0,0,0,0,71,0,0,0,0,0,0,0,0,0,0,0,0,0,0,0,0,0,0,0,0,71,0,0,0,0,0,0,0,0,0,0,0,0,0,0,0,0,0,0,0,0,0,0,0,0,0,0,0,0,0,0,0,0,0,0,0,0,0,0,0,0,0,0,0,0,0,0,0,0,0,0,0,0,0,0,0,0,2,0,0,0,0,0,0,0,0,0,0,515,0,0,0,0,0,0,0,0,0,0,515,0,0,0,0,0,0,0,0,0,0,0,0,0,0,0,0,0,0,0,0,0,0,0,0,0,0,0,0,0,0,0,0,,0,,,,0,0,0,0,,0,,,,0,0,0,0,,0,,,,0,0,0,0,0,0,0,0,0,0,0,0,0,0,0,0,0,0,0,0,0,0,0,0,0,0,0,0,0,0,0,0,0,0,0,0,0,,0,0,0,,0,0,0,0,0,0,,0,0,0,,0,0,0,0,0,0,,0,0,0,,0,0,0,0,0,0,0,0,0,0,0,0,0,,0,0,,0,0,,0,0,0,0,0,0,0,0,0,0,0,,0,,0,,0,,0,0,0,0,,0,0,0,0,,0,0,0,,,,,,,,,,,,,,,,,,
MI8065100,2015,Paw Paw Police Department,Michigan,3454,4,14,12,0,6,1,0,21,0,19,0,17,4,0,0,9,8,31,2,6,7,3,1,16,3,0,0,0,1,0,0,0,0,4,0,0,0,2,0,0,0,0,1950,79,39,0,37,643,0,721,0,135,0,351,26,0,0,412,905,137,147,544,0,1543,0,112,224,0,0,0,0,0,0,0,0,11,0,0,0,109,0,0,0,0,1928,28,19,0,31,643,0,265,0,62,0,257,27,0,0,366,64,106,147,386,0,1543,0,64,224,0,0,0,0,0,0,0,0,5,0,0,0,109,0,0,0,0,7,1,0,3,0,0,0,16,1,0,0,0,0,0,0,0,0,1,0,1,0,3,0,0,4,1,0,0,0,0,4,0,0,0,0,0,0,0,0,0,0,0,386,257,0,90,0,0,0,175,0,0,0,0,0,0,0,0,0,0,0,26,0,257,0,0,225,321,0,0,0,0,188,0,0,0,0,0,0,0,0,0,0,0,321,257,0,90,0,0,0,64,0,0,0,0,0,0,0,0,0,0,0,26,0,257,0,0,225,321,0,0,0,0,45,0,0,0,0,0,0,0,0,0,0,0,3,12,5,0,5,0,0,0,3,8,0,0,1,2,2,0,26,3,0,0,0,3,0,0,0,6,0,0,0,0,0,0,1,0,0,0,0,0,996,63,42,0,37,0,0,0,204,109,0,0,8,273,11,0,137,91,0,0,0,649,0,0,0,147,0,0,0,0,0,0,0,0,0,0,0,0,996,28,44,0,24,0,0,0,59,37,0,0,8,273,11,0,68,91,0,0,0,410,0,0,0,141,0,0,0,0,0,0,0,0,0,0,0,0,0,21,0,1,0,0,2,0,0,0,0,0,0,0,0,0,0,0,0,0,0,0,0,0,0,0,0,0,0,0,0,0,0,0,0,0,4,0,0,0,0,0,0,0,0,0,0,0,0,0,0,0,0,0,0,0,0,0,0,0,0,0,0,0,0,0,4,0,0,0,0,0,0,0,0,0,0,0,0,0,0,0,0,0,0,0,0,0,0,0,0,7,1,0,0,0,0,0,0,0,1,0,0,0,0,0,0,0,0,0,0,0,0,0,0,0,0,0,0,61,116,0,0,0,0,0,0,0,0,0,0,0,0,0,0,0,0,0,0,0,0,0,0,0,0,0,0,51,116,0,0,0,0,0,0,0,0,0,0,0,0,0,0,0,0,0,0,0,0,0,0,0,0,0,0,0,0,0,0,0,0,0,0,0,0,0,0,0,0,0,0,0,0,0,0,0,0,0,0,0,0,0,0,0,0,0,0,0,0,0,0,0,0,0,0,0,0,0,0,0,0,0,0,0,0,0,0,0,0,0,0,0,0,0,0,0,0,0,0,0,0,0,0,0,0,0,0,0,0,0,0,0,0,0,0,0,0,0,0,0,0,0,0,0,0,0,0,0,0,0,2,0,16,0,0,1,0,0,0,0,0,2,0,0,0,0,0,0,0,0,0,0,0,0,0,0,0,0,0,0,0,0,0,0,0,0,0,0,0,0,0,0,0,0,0,0,0,0,0,0,0,0,0,,0,0,0,,0,0,0,,0,0,0,0,0,0,0,0,0,0,0,0,0,0,,0,0,0,,0,0,0,,0,0,0,0,0,0,,,,0,0,0,0,0,0,,,,0,0,0,0,0,0,0,0,0,,0,0,,0,0,,0,0,0,0,0,,,,0,0,0,0,0,0,0,0,0,1,2,1,0,3,0,0,0,2,0,0,2,0,4,0,0,0,0,0,0,0,1,1,1,19,424,257,0,385,0,0,0,13,0,0,51,0,0,0,0,0,0,0,0,0,0,257,8,19,424,257,0,116,0,0,0,13,0,0,51,0,0,0,0,0,0,0,0,0,0,257,8,0,0,0,0,0,0,0,0,0,0,0,1,0,0,96,0,0,96,0,0,0,0,0,0,0,0,0,1,0,0,0,0,0,0,2,0,0,0,0,1,0,1,19,0,0,0,0,0,0,90,0,0,0,0,15,0,257,19,0,0,0,0,0,0,90,0,0,0,0,15,0,257,0,0,0,0,1,0,17,0,17,0,0,0,0,0,2,0,0,0,0,0,0,0,0,0,0,0,0,0,0,0,0,0,0,0,0,0,0,0,0,0,0,0,0,0,0,0,0,0,0,0,0,0,0,0,0,0,0,0,0,0,0,0,0,0,0,0,0,0,0,0,0,0,0,0,0,0,0,0,0,0,0,0,0,0,0,0,0,0,0,0,0,0,0,0,0,0,0,0,0,0,0,0,0,0,0,0,0,0,0,0,0,0,0,2,1,0,0,0,0,1,0,0,0,0,424,17,0,0,0,0,8,0,0,0,0,424,17,0,0,0,0,8,0,0,0,0,0,0,0,,0,0,0,0,0,0,0,,0,0,0,0,0,0,0,,0,0,,0,,0,0,0,,0,0,,0,,0,0,0,,0,0,,0,,0,0,0,,0,0,0,0,0,0,0,0,0,0,0,0,0,0,0,0,0,0,0,0,0,0,0,0,0,0,0,0,0,0,0,0,0,0,0,0,0,0,0,0,0,0,0,0,0,0,0,0,0,0,0,0,0,0,0,0,0,0,0,0,0,0,0,0,0,0,0,0,0,0,0,0,0,0,,0,0,,0,0,,0,0,0,0,0,0,0,0,0,0,0,0,,0,,0,,0,0,,0,0,0,0,,0,0,0,0,,0,0,0,0,0,0,0,0,,,,,,,,,,,,
MI8065100,2016,Paw Paw Police Department,Michigan,3441,2,13,14,1,3,2,0,30,1,21,0,9,3,0,1,4,9,31,3,5,8,1,0,12,3,0,0,0,0,0,0,0,0,8,0,0,0,2,0,0,0,0,4443,221,45,532,74,127,0,1839,38,387,0,713,389,0,508,851,116,197,212,728,0,710,0,106,45,0,0,0,0,0,0,0,0,86,0,0,0,44,0,0,0,0,4443,100,29,532,32,127,0,190,38,51,0,840,15,0,508,1092,10,51,127,635,0,710,0,57,45,0,0,0,0,0,0,0,0,25,0,0,0,44,0,0,0,0,4,0,1,3,0,0,0,9,0,0,0,0,0,1,1,0,0,2,1,0,0,4,0,0,1,1,0,0,1,1,9,0,0,0,0,0,0,0,0,0,0,0,168,0,95,251,0,0,0,206,0,0,0,0,0,254,1270,0,0,0,0,0,0,677,0,0,1904,0,0,0,1270,13,843,0,0,0,0,0,0,0,0,0,0,0,127,0,95,245,0,0,0,190,0,0,0,0,0,254,1270,0,0,0,0,0,0,635,0,0,1904,0,0,0,1270,13,381,0,0,0,0,0,0,0,0,0,0,0,1,7,9,1,0,0,4,0,3,3,0,0,1,1,1,1,24,2,0,0,1,2,0,0,0,3,0,0,0,0,0,1,1,0,0,0,0,0,2539,150,54,532,0,0,139,0,66,383,0,0,6,0,15,190,223,27,0,0,0,1249,0,0,0,102,0,0,0,0,0,44,4,0,0,0,0,0,2539,47,51,532,0,0,67,0,66,383,0,0,6,0,15,190,57,27,0,0,0,1249,0,0,0,102,0,0,0,0,0,44,4,0,0,0,0,0,0,24,0,2,0,0,1,0,1,0,0,0,0,0,0,0,0,0,0,0,0,0,0,0,0,0,0,0,0,0,0,0,0,0,0,0,13,0,63,0,0,0,0,0,0,0,0,0,0,0,0,0,0,0,0,0,0,0,0,0,0,0,0,0,0,0,13,0,63,0,0,0,0,0,0,0,0,0,0,0,0,0,0,0,0,0,0,0,0,0,0,2,2,0,0,0,0,0,0,1,0,0,,0,0,,0,0,0,0,0,0,0,0,0,0,0,0,0,19,0,0,0,0,0,0,0,710,0,0,,0,0,,0,0,0,0,0,0,0,0,0,0,0,0,0,19,0,0,0,0,0,0,0,710,0,0,,0,0,,0,0,0,0,0,0,0,0,0,0,0,0,0,0,1,0,0,0,0,0,0,0,0,0,0,0,0,0,0,0,0,0,0,0,0,0,0,0,0,0,0,0,0,0,0,0,127,0,0,0,0,0,0,0,0,0,0,0,0,0,0,0,0,0,0,0,0,0,0,0,0,0,0,0,0,0,0,0,127,0,0,0,0,0,0,0,0,0,0,0,0,0,0,0,0,0,0,0,0,0,0,0,0,0,0,0,0,0,2,0,18,0,5,0,0,0,0,0,0,0,0,0,0,0,0,0,0,0,0,0,0,0,0,0,0,0,0,0,0,0,0,0,0,0,0,0,0,0,0,0,0,0,0,0,0,0,0,0,0,0,0,0,0,0,0,0,0,0,0,0,0,0,0,0,0,0,0,0,0,0,0,0,0,0,0,0,0,0,0,0,0,0,0,0,0,0,0,0,0,0,0,0,0,0,0,0,0,0,0,0,0,0,0,0,0,0,0,0,0,0,0,,0,0,,0,0,,0,0,0,0,0,0,0,0,0,0,0,0,0,0,0,0,0,3,3,0,1,0,0,1,0,0,1,1,1,3,0,0,0,0,0,0,0,0,0,1,0,571,846,0,3758,0,0,508,0,0,0,62,0,0,0,0,0,0,0,0,0,0,0,190,0,697,635,0,3758,0,0,508,0,0,0,62,0,0,0,0,0,0,0,0,0,0,0,190,0,0,0,0,0,0,0,0,0,1,0,0,127,0,0,127,0,0,0,0,0,0,0,0,0,0,0,0,0,2,0,0,0,0,0,0,0,0,0,0,0,0,0,0,0,0,0,0,0,0,0,0,0,0,0,0,0,0,0,0,0,0,0,0,0,0,0,0,0,0,0,0,0,0,0,0,0,0,0,0,0,0,0,1,0,0,0,0,0,0,0,0,0,0,0,0,0,0,0,0,0,0,0,0,126,0,0,0,0,0,0,0,0,0,0,0,0,0,0,0,0,0,0,0,0,126,0,0,0,0,0,0,0,0,0,0,0,0,0,0,0,0,0,0,0,0,0,0,0,0,0,0,0,0,0,0,0,0,0,0,0,0,0,0,0,0,0,0,0,0,0,0,0,0,0,0,0,0,0,0,0,0,0,0,0,0,0,0,0,0,0,0,0,0,0,0,0,0,0,0,0,0,0,0,0,0,0,0,0,0,0,0,0,0,0,0,0,0,0,0,0,0,0,0,0,0,0,0,0,0,0,0,0,0,0,0,0,0,0,0,,0,0,0,0,0,0,0,0,,0,0,0,0,0,0,0,0,,0,0,0,0,0,0,0,0,0,0,0,0,0,0,0,0,0,0,0,0,0,0,0,0,0,0,0,0,0,0,0,0,0,0,0,0,0,0,0,0,0,0,0,0,0,,,0,0,0,0,0,0,0,0,0,,,0,0,0,0,0,0,0,0,0,,,0,0,0,0,0,0,0,0,0,0,0,0,0,0,0,0,0,0,0,0,0,0,0,0,0,0,0,0,0,0,0,0,0,0,0,0,0,0,0,0,0,0,0,0,0,0,0,0,0,0,,,,,,,0,0,0,0,0,0,,,,,,
MI8065100,2017,Paw Paw Police Department,Michigan,3435,2,6,12,1,7,3,0,20,0,10,0,12,3,1,0,4,6,34,4,0,4,0,1,9,3,0,0,0,1,0,1,0,0,5,0,0,0,3,0,0,0,0,2486,79,483,9533,275,447,0,618,0,642,0,235,24,41021,0,1175,31,77,133,0,0,0,0,150,49,0,0,0,18646,0,0,0,0,120,0,0,0,170,0,0,0,0,2486,103,32,9533,218,398,0,249,0,93,0,106,24,41021,0,764,22,54,124,0,0,0,0,56,49,0,0,0,18646,0,0,0,0,37,0,0,0,162,0,0,0,0,1,0,0,3,0,0,0,12,2,0,0,0,0,0,0,0,0,1,0,0,0,1,1,0,1,1,0,0,0,0,4,0,0,0,0,0,0,0,0,0,0,0,124,0,0,311,0,0,0,581,316,0,0,0,0,0,0,0,0,249,0,0,0,124,75,0,249,124,0,0,0,0,1320,0,0,0,0,0,0,0,0,0,0,0,124,0,0,249,0,0,0,124,316,0,0,0,0,0,0,0,0,249,0,0,0,124,75,0,249,124,0,0,0,0,141,0,0,0,0,0,0,0,0,0,0,0,1,3,5,0,6,1,3,0,2,9,0,0,3,1,2,1,28,1,0,0,1,0,0,0,0,4,0,0,1,1,0,1,0,0,0,0,0,0,3729,114,29,0,275,10,84,0,94,242,0,0,25,6,24,124,82,61,0,0,0,0,0,0,0,181,0,0,18646,41021,0,224,0,0,0,0,0,0,3729,114,31,0,218,10,75,0,94,88,0,0,25,6,24,124,58,61,0,0,0,0,0,0,0,181,0,0,18646,41021,0,224,0,0,0,0,0,0,0,20,0,0,0,0,1,0,0,0,0,0,0,0,0,0,0,0,0,0,0,0,0,0,0,0,0,0,0,0,0,0,0,0,0,0,0,0,0,0,0,0,0,0,0,0,0,0,0,0,0,0,0,0,0,0,0,0,0,0,0,0,0,0,0,0,0,0,0,0,0,0,0,0,0,0,0,0,0,0,0,0,0,0,0,0,0,0,0,0,0,10,3,0,0,0,0,0,0,1,0,1,0,0,0,0,0,0,0,0,0,0,,0,0,0,0,0,0,106,6953,0,0,0,0,0,0,117,0,0,0,0,0,0,0,0,0,0,0,0,,0,0,0,0,0,0,62,6953,0,0,0,0,0,0,117,0,0,0,0,0,0,0,0,0,0,0,0,,0,0,0,0,0,0,0,0,0,0,,0,0,0,0,0,0,0,0,0,0,0,0,0,0,0,0,0,0,0,0,0,0,0,0,0,0,0,0,0,0,0,,0,0,0,0,0,0,0,0,0,0,0,0,0,0,0,0,0,0,0,0,0,0,0,0,0,0,0,0,0,0,0,,0,0,0,0,0,0,0,0,0,0,0,0,0,0,0,0,0,0,0,0,0,0,0,0,0,0,3,0,12,0,6,0,0,0,0,0,0,0,0,0,0,0,0,0,0,0,0,0,0,0,0,0,0,0,0,0,0,0,0,0,0,0,0,0,0,0,0,0,0,0,0,0,0,0,0,0,0,0,0,0,0,0,0,0,0,0,0,0,0,0,0,0,0,0,0,0,0,0,0,0,0,0,0,0,0,0,0,0,0,0,0,0,0,0,0,0,0,0,0,0,0,0,0,0,0,0,0,0,0,0,0,0,0,0,0,0,0,0,0,0,0,0,0,0,0,0,0,0,0,0,0,0,0,0,0,0,0,0,0,0,0,0,1,9,1,2,2,0,0,0,0,0,0,1,1,1,0,2,0,0,0,0,1,0,0,0,75,526,917,311,249,0,0,0,0,0,0,0,0,0,0,5656,0,0,0,0,321,0,0,0,75,559,917,311,249,0,0,0,0,0,0,0,0,0,0,5656,0,0,0,0,321,0,0,0,0,0,0,0,0,0,0,0,0,1,0,0,22,0,0,22,0,0,0,0,0,0,0,0,0,0,0,1,0,1,0,0,0,0,0,1,0,0,0,0,0,0,75,0,0,0,0,0,0,0,249,0,0,0,0,0,0,75,0,0,0,0,0,0,0,249,0,0,0,0,0,0,0,0,0,0,1,0,61,0,61,0,0,2,0,0,0,0,0,0,0,0,0,0,0,0,0,0,0,0,0,0,0,0,93,0,0,0,0,0,0,0,0,0,0,0,0,0,0,0,0,0,0,0,0,93,0,0,0,0,0,0,0,0,0,0,0,0,0,0,0,0,0,0,0,0,0,0,0,0,0,0,0,0,0,0,0,0,0,0,0,0,0,0,0,0,0,0,0,0,0,0,0,0,0,0,0,0,0,0,0,0,0,0,0,4,1,0,0,0,0,0,0,0,0,0,313,61,0,0,0,0,0,0,0,0,0,111,61,0,0,0,0,0,0,0,0,0,0,0,0,0,0,0,0,0,0,0,0,0,0,0,0,0,0,0,0,0,0,0,0,0,,0,,0,0,0,0,0,0,,0,,0,0,0,0,0,0,,0,,0,0,0,0,0,0,0,0,0,0,0,0,0,0,0,0,0,0,0,0,0,0,0,0,0,0,0,0,0,0,0,0,0,0,0,0,0,0,0,0,0,0,0,0,0,0,0,0,0,0,0,0,0,0,0,0,0,0,0,0,0,0,0,0,0,0,0,0,0,0,0,0,0,0,0,0,0,0,0,0,0,0,0,0,0,0,0,0,0,0,0,0,0,0,0,0,0,0,0,0,0,0,0,,,0,0,0,,,0,0,0,,,0,0,0,,,,,,,,,,0,0,0,,,
MI8065100,2018,Paw Paw Police Department,Michigan,3404,4,18,12,0,3,1,0,34,0,18,0,13,4,0,4,4,11,51,4,0,9,0,1,15,1,0,0,0,4,0,1,0,0,3,0,0,0,0,0,0,0,0,8403,136,36,0,79,10,0,673,0,115,0,365,59,0,10921,703,562,158,164,0,0,0,0,31,0,0,0,0,9252,0,12,0,0,36,0,0,0,0,0,0,0,0,9222,133,24,0,11,10,0,364,0,52,0,364,40,0,4854,849,61,109,133,0,0,0,0,18,0,0,0,0,5764,0,12,0,0,42,0,0,0,0,0,0,0,0,6,0,0,2,0,0,0,13,2,0,0,0,0,0,0,0,0,0,2,0,0,0,1,0,0,4,0,0,2,1,8,0,1,0,0,0,0,0,0,0,0,0,228,0,0,334,0,0,0,161,546,0,0,0,0,0,0,0,0,0,485,0,0,0,4247,0,0,203,0,0,485,24,1138,0,121,0,0,0,0,0,0,0,0,0,182,0,0,334,0,0,0,61,546,0,0,0,0,0,0,0,0,0,485,0,0,0,4247,0,0,167,0,0,485,24,364,0,121,0,0,0,0,0,0,0,0,0,1,10,9,0,1,0,1,0,3,4,0,1,1,1,2,2,41,0,0,0,4,0,0,0,0,1,0,0,3,0,0,0,1,0,0,0,0,0,607,84,42,0,11,0,30,0,28,401,0,4854,18,0,79,85,149,0,0,0,0,0,0,0,0,0,0,0,11932,0,0,0,6,0,0,0,0,0,607,73,30,0,11,0,30,0,28,362,0,4854,18,0,79,85,109,0,0,0,0,0,0,0,0,0,0,0,9707,0,0,0,6,0,0,0,0,0,0,48,0,2,0,0,2,0,3,0,0,0,0,0,0,0,0,0,0,0,0,0,0,0,0,0,0,0,0,0,0,0,0,0,0,0,0,0,49,0,0,0,0,0,0,0,0,0,0,0,0,0,0,0,0,0,0,0,0,0,0,0,0,0,0,0,0,0,12,0,0,0,0,0,0,0,0,0,0,0,0,0,0,0,0,0,0,0,0,0,0,7,5,0,0,0,0,0,0,1,0,0,,0,0,0,0,0,0,0,0,0,0,0,0,0,0,0,0,78,4,0,0,0,0,0,0,2309,0,0,,0,0,0,0,0,0,0,0,0,0,0,0,0,0,0,0,61,4,0,0,0,0,0,0,2309,0,0,,0,0,0,0,0,0,0,0,0,0,0,0,0,0,0,0,0,0,0,0,0,0,1,0,0,0,0,0,0,0,0,0,0,0,0,0,0,0,0,0,0,0,0,0,0,0,0,0,0,0,0,0,0,0,12134,0,0,0,0,0,0,0,0,0,0,0,0,0,0,0,0,0,0,0,0,0,0,0,0,0,0,0,0,0,0,0,12134,0,0,0,0,0,0,0,0,0,0,0,0,0,0,0,0,0,0,0,0,0,0,0,0,3,0,30,0,17,0,0,1,0,3,0,0,0,0,0,0,0,0,0,0,0,0,0,0,0,0,0,0,0,0,0,0,0,0,0,0,0,0,0,0,0,0,0,0,0,0,0,0,0,0,0,0,0,,0,0,0,,0,0,0,,0,0,0,0,0,0,0,0,0,0,0,0,0,0,0,0,0,0,0,0,0,0,0,0,0,0,,,,,,,,0,,0,,0,0,0,0,0,0,0,0,0,0,0,0,0,,0,0,,0,0,,0,0,0,0,0,0,0,0,0,0,0,0,0,0,0,0,0,2,6,2,0,1,0,1,1,0,0,0,2,2,3,0,0,0,0,0,0,0,0,0,0,423,257,764,0,61,0,4,194,0,0,0,49,0,0,0,0,0,0,0,0,0,0,0,0,423,121,764,0,61,0,4,194,0,0,0,49,0,0,0,0,0,0,0,0,0,0,0,0,0,0,0,0,0,0,0,0,0,0,0,1,0,0,182,0,0,182,0,0,0,0,0,0,0,0,0,1,0,0,0,0,1,0,1,0,0,0,0,0,0,0,240,0,0,0,0,4,0,61,0,0,0,0,0,0,0,240,0,0,0,0,4,0,61,0,0,0,0,0,0,0,0,0,0,0,0,0,0,0,0,0,0,1,0,0,1,0,0,0,0,0,0,0,0,0,0,0,0,0,0,0,0,0,0,0,0,182,0,0,0,0,0,0,0,0,0,0,0,0,0,0,0,0,0,0,0,0,182,0,0,0,0,0,0,0,0,0,0,0,0,0,0,0,0,0,0,0,0,0,0,0,0,0,0,0,0,0,0,0,0,0,0,0,0,0,0,0,0,0,0,0,0,0,0,0,0,0,0,0,0,0,0,0,0,1,0,0,0,0,0,0,0,0,0,0,121,0,0,0,0,0,0,0,0,0,0,121,0,0,0,0,0,0,0,0,0,0,0,0,0,0,0,0,0,0,0,0,0,0,0,0,0,0,0,0,0,0,0,0,0,0,,0,0,0,0,0,0,0,0,,0,0,0,0,0,0,0,0,,0,0,0,0,0,0,0,0,0,0,0,0,0,0,0,0,0,0,0,0,0,0,0,0,0,0,0,0,0,0,0,0,0,0,0,0,0,0,0,0,0,0,0,0,0,0,0,0,0,0,0,0,0,0,0,0,0,0,0,0,0,0,0,0,0,0,0,0,0,0,0,0,0,0,0,0,0,0,0,0,0,0,0,0,0,0,0,0,0,0,0,0,0,0,0,0,0,0,0,0,0,0,0,0,0,0,0,0,0,0,0,0,0,0,0,0,0,0,0,0,0,0,0,0,0,0,0,0,0,0,0,0,,,
MI8065100,2019,Paw Paw Police Department,Michigan,3370,1,22,29,1,15,2,0,24,1,17,0,11,4,0,3,10,9,46,4,6,5,4,1,10,1,0,0,0,1,0,0,0,0,3,0,0,0,1,0,0,0,0,1788,185,78,298,526,1847,0,676,125,339,0,299,36,0,5363,518,348,391,462,572,0,656,0,75,6,0,0,0,85092,0,0,0,0,238,0,0,0,30,0,0,0,0,1788,73,63,298,56,1847,0,375,125,60,0,143,35,0,2384,232,60,102,268,477,0,536,0,60,6,0,0,0,85092,0,0,0,0,238,0,0,0,30,0,0,0,0,4,1,0,1,0,0,0,20,0,0,0,0,0,1,0,0,1,1,0,0,1,1,0,0,2,2,0,0,1,0,7,0,0,0,0,0,0,0,0,0,0,0,253,238,0,953,0,0,0,113,0,0,0,0,0,119,0,0,596,48,0,0,12,596,0,0,209,149,0,0,1192,0,596,0,0,0,0,0,0,0,0,0,0,0,179,238,0,953,0,0,0,60,0,0,0,0,0,119,0,0,596,48,0,0,12,596,0,0,209,149,0,0,1192,0,596,0,0,0,0,0,0,0,0,0,0,0,2,16,23,0,8,0,5,1,6,4,0,2,7,2,3,0,41,1,0,0,3,0,0,1,0,1,0,0,3,0,0,0,1,0,0,0,0,0,2562,145,85,0,59,0,497,125,627,298,0,6852,78,47,25,0,199,6,0,0,0,0,0,0,0,44,0,0,34323,0,0,0,0,0,0,0,0,0,2562,72,78,0,60,0,119,125,107,184,0,6852,40,47,33,0,88,6,0,0,0,0,0,0,0,44,0,0,14302,0,0,0,0,0,0,0,0,0,0,47,0,0,0,0,0,0,6,0,0,0,0,0,0,0,0,0,0,0,0,0,0,0,0,0,0,0,0,0,0,0,0,0,0,0,0,0,44,0,0,0,0,0,0,0,0,0,0,0,0,0,0,0,0,0,0,0,0,0,0,0,0,0,0,0,0,0,24,0,0,0,0,0,0,0,0,0,0,0,0,0,0,0,0,0,0,0,0,0,0,12,1,0,0,0,0,0,0,2,0,0,0,0,0,0,0,0,0,0,0,0,,0,0,0,0,0,0,609,119,0,0,0,0,0,0,381,0,0,0,0,0,0,0,0,0,0,0,0,,0,0,0,0,0,0,119,119,0,0,0,0,0,0,381,0,0,0,0,0,0,0,0,0,0,0,0,,0,0,0,0,0,0,0,0,0,0,0,0,0,0,0,0,0,0,0,0,0,0,0,0,0,0,0,0,0,0,0,0,0,0,0,0,0,0,0,0,0,0,0,0,0,0,0,0,0,0,0,0,0,0,0,0,0,0,0,0,0,0,0,0,0,0,0,0,0,0,0,0,0,0,0,0,0,0,0,0,0,0,0,0,0,0,0,0,0,0,0,0,0,0,0,0,0,0,0,0,0,5,0,3,0,35,0,0,0,0,3,0,2,1,0,0,0,0,0,0,0,0,0,0,0,0,0,0,0,0,0,0,0,0,0,0,0,0,0,0,0,0,0,0,0,0,0,0,0,0,0,0,0,0,,0,0,0,,0,0,0,,0,2,0,0,0,0,0,0,0,0,0,0,0,0,0,0,0,0,0,0,0,0,0,0,0,0,0,0,0,0,0,0,0,0,0,0,0,0,0,0,0,0,0,0,0,0,0,0,0,0,0,0,0,0,0,0,0,0,0,0,0,0,0,0,0,0,0,0,0,0,0,0,0,0,1,6,0,0,0,0,0,0,8,0,0,0,0,0,0,1,0,0,0,0,0,0,0,0,1390,1031,0,0,0,0,0,0,129,0,0,0,0,0,0,12157,0,0,0,0,0,0,0,0,1390,410,0,0,0,0,0,0,45,0,0,0,0,0,0,12157,0,0,0,0,0,0,0,0,0,0,0,0,0,0,0,0,0,0,0,0,0,0,0,0,0,0,0,0,0,0,0,0,0,0,0,0,0,0,0,0,0,0,0,0,0,0,0,3,0,0,0,0,0,0,0,0,0,0,0,0,0,0,48,0,0,0,0,0,0,0,0,0,0,0,0,0,0,60,0,0,0,0,0,0,0,0,0,0,0,0,0,0,0,0,0,0,0,0,0,0,0,0,0,0,0,0,0,0,0,0,0,0,0,0,0,0,0,0,0,0,0,0,0,0,0,0,0,0,0,0,0,0,0,0,0,0,0,0,0,0,0,0,0,0,0,0,0,0,0,0,0,0,0,0,0,0,0,0,0,0,0,0,0,0,0,0,0,0,0,0,0,0,0,0,0,0,0,0,0,0,0,0,0,0,0,0,0,0,0,0,0,0,0,1,0,0,0,0,0,0,0,0,0,0,21,0,0,0,0,0,0,0,0,0,0,21,0,0,0,0,0,0,0,0,0,0,0,0,0,0,0,0,0,0,0,0,0,0,0,0,0,0,0,0,0,0,0,0,0,0,,0,0,0,0,0,0,0,0,,0,0,0,0,0,0,0,0,,0,0,0,0,0,0,0,0,0,0,0,0,0,0,0,0,0,0,0,0,0,0,0,0,0,0,0,0,0,0,0,0,0,0,0,0,0,0,0,0,0,0,0,0,0,0,0,0,0,0,0,0,0,0,0,0,0,0,0,0,0,0,0,0,0,0,0,0,0,0,0,0,0,0,0,0,0,0,0,0,0,0,0,0,0,0,0,0,0,0,0,0,0,0,0,0,0,0,0,0,0,0,0,,0,0,,0,,0,0,,0,,0,0,,0,0,0,0,0,0,0,0,0,0,0,0,0,0,0,0,0,0
MI8065100,2020,Paw Paw Police Department,Michigan,3351,2,6,13,1,8,2,0,17,0,19,0,8,2,0,1,2,5,40,1,0,6,1,1,10,0,0,0,0,2,0,1,0,0,0,0,0,0,0,0,0,0,0,23546,130,53,942,234,919,0,7893,0,176,0,821,21,0,5887,100,485,670,59,0,0,29,0,190,0,0,0,0,2943,0,742,0,0,0,0,0,0,0,0,0,0,0,23546,53,45,942,106,919,0,265,0,47,0,379,21,0,5887,100,306,103,59,0,0,29,0,31,0,0,0,0,2943,0,742,0,0,0,0,0,0,0,0,0,0,0,6,0,0,3,0,0,0,18,2,0,0,0,0,1,0,0,0,0,0,1,0,2,0,0,0,0,0,0,0,0,5,0,0,0,0,0,0,0,0,0,0,1,1343,0,0,4346,0,0,0,402,383,0,0,0,0,106,0,0,0,0,0,59,0,677,0,0,0,0,0,0,0,0,1024,0,0,0,0,0,0,0,0,0,0,188,118,0,0,1177,0,0,0,118,383,0,0,0,0,106,0,0,0,0,0,59,0,677,0,0,0,0,0,0,0,0,589,0,0,0,0,0,0,0,0,0,0,188,0,5,10,0,6,0,0,0,4,2,0,0,0,0,1,0,34,0,0,0,2,0,0,0,0,3,0,0,2,0,0,0,0,0,0,0,0,0,0,68,67,0,208,0,0,0,195,2060,0,0,0,0,13,0,774,0,0,0,0,0,0,0,0,40,0,0,2355,0,0,0,0,0,0,0,0,0,0,53,54,0,103,0,0,0,82,2060,0,0,0,0,13,0,115,0,0,0,0,0,0,0,0,33,0,0,2355,0,0,0,0,0,0,0,0,0,0,41,0,0,0,0,0,0,0,0,0,0,0,0,0,0,0,0,0,0,0,0,0,0,0,0,0,0,0,0,0,0,0,0,0,0,0,0,0,0,0,0,0,0,0,0,0,0,0,0,0,0,0,0,0,0,0,0,0,0,0,0,0,0,0,0,0,0,0,0,0,0,0,0,0,0,0,0,0,0,0,0,0,0,0,0,0,0,0,0,0,1,0,0,0,0,0,0,0,2,0,0,0,0,0,0,0,0,0,0,0,0,,0,0,0,0,0,0,12,0,0,0,0,0,0,0,1498,0,0,0,0,0,0,0,0,0,0,0,0,,0,0,0,0,0,0,12,0,0,0,0,0,0,0,1498,0,0,0,0,0,0,0,0,0,0,0,0,,0,0,0,0,0,0,0,0,0,0,0,0,0,0,0,0,0,0,0,0,0,0,0,0,0,0,0,0,0,0,0,0,0,0,0,0,0,0,0,0,0,0,0,0,0,0,0,0,0,0,0,0,0,0,0,0,0,0,0,0,0,0,0,0,0,0,0,0,0,0,0,0,0,0,0,0,0,0,0,0,0,0,0,0,0,0,0,0,0,0,0,0,0,0,0,0,0,0,0,0,0,7,1,2,0,32,0,0,1,0,0,0,3,0,0,0,0,0,0,0,0,0,0,0,0,0,0,0,0,0,0,0,0,0,0,0,0,0,0,0,0,0,0,,0,0,,0,0,,0,0,0,0,,0,0,0,,0,0,0,,0,0,0,0,0,0,0,0,0,0,0,0,0,0,0,0,0,0,0,0,0,0,0,0,0,0,0,0,0,0,0,0,0,0,0,0,0,0,0,0,0,0,0,0,0,0,0,0,0,0,,0,0,,0,0,,0,0,0,0,0,0,0,0,0,0,0,0,0,0,0,0,0,1,4,1,0,3,0,2,0,0,1,1,0,0,0,0,1,0,0,0,0,0,1,0,1,730,1515,706,0,341,0,1972,0,0,22,0,0,0,0,0,412,0,0,0,0,0,6,0,38,730,489,706,0,235,0,1972,0,0,22,0,0,0,0,0,412,0,0,0,0,0,6,0,38,0,0,0,0,0,0,0,0,0,2,0,0,118,0,0,118,0,0,0,0,0,0,0,0,0,0,0,0,0,0,0,0,0,0,1,0,0,0,0,0,0,0,0,0,0,0,0,0,0,81,0,0,0,0,0,0,0,0,0,0,0,0,0,0,81,0,0,0,0,0,0,0,0,0,0,0,0,0,0,0,0,0,0,1,0,0,0,0,0,0,0,0,0,0,0,0,0,0,0,0,0,0,0,0,494,0,0,0,0,0,0,0,0,0,0,0,0,0,0,0,0,0,0,0,0,494,0,0,0,0,0,0,0,0,0,0,0,0,0,0,0,0,0,0,0,0,0,0,0,0,0,0,0,0,0,0,0,0,0,0,0,0,0,0,0,0,0,0,0,0,0,0,0,0,0,0,0,0,0,0,0,0,0,1,0,2,0,0,0,0,0,1,0,0,22,0,2767,0,0,0,0,0,38,0,0,22,0,2767,0,0,0,0,0,38,0,0,0,0,0,0,0,0,0,0,0,0,0,0,0,0,0,0,0,0,0,0,0,0,0,0,0,0,0,0,0,0,0,0,0,0,0,0,0,0,0,0,0,0,0,0,0,0,0,0,0,0,0,0,0,0,0,0,0,0,0,0,0,0,0,0,0,0,0,0,0,0,0,0,0,0,0,0,0,0,0,0,0,0,0,0,0,0,0,0,0,0,0,0,0,0,0,0,0,0,0,0,0,0,0,0,0,0,0,0,0,0,0,0,0,0,0,0,0,0,0,0,0,0,0,0,0,0,0,0,0,0,0,0,0,0,0,0,0,0,0,0,0,0,0,0,0,0,0,0,0,0,0,0,0,0,0,0,0,0,0,0,0,0,0,0,0,0,0,0,,,,0,0,0,0,0,0,,,
MI8065100,2021,Paw Paw Police Department,Michigan,3328,4,9,8,0,3,2,0,23,0,20,0,18,2,0,3,4,7,29,2,3,10,1,3,5,0,0,0,0,3,0,0,0,0,3,0,0,0,1,0,0,0,0,21740,156,93,0,250,530,0,3533,0,98,0,1951,6,0,7871,489,1259,163,239,513,0,67,0,152,0,0,0,0,12182,0,0,0,0,31,0,0,0,697,0,0,0,0,22490,93,37,0,135,530,0,450,0,56,0,479,6,0,6747,337,180,89,239,482,0,67,0,34,0,0,0,0,1687,0,0,0,0,31,0,0,0,697,0,0,0,0,5,0,0,0,0,0,0,9,2,0,0,0,0,0,0,0,2,0,0,0,0,4,0,0,2,0,0,0,0,0,3,0,0,0,0,0,0,0,0,0,0,0,608,0,0,0,0,0,0,581,241,0,0,0,0,0,0,0,731,0,0,0,0,618,0,0,843,0,0,0,0,0,319,0,0,0,0,0,0,0,0,0,0,0,485,0,0,0,0,0,0,450,241,0,0,0,0,0,0,0,731,0,0,0,0,506,0,0,843,0,0,0,0,0,337,0,0,0,0,0,0,0,0,0,0,0,2,5,3,0,1,1,0,0,3,8,0,1,0,1,1,0,19,0,0,0,3,1,0,1,0,2,0,0,2,0,0,0,0,0,0,0,0,0,22490,108,66,0,21,688,0,0,49,3499,0,5622,0,55,9,0,155,0,0,0,0,482,0,1687,0,0,0,0,1406,0,0,0,0,0,0,0,0,0,22490,93,21,0,21,688,0,0,39,234,0,5622,0,55,9,0,92,0,0,0,0,482,0,1687,0,0,0,0,1406,0,0,0,0,0,0,0,0,0,0,26,0,0,0,0,2,0,0,0,0,0,0,0,0,0,0,0,0,0,0,0,0,0,0,0,0,0,1,0,0,0,0,0,0,0,0,0,0,0,0,0,0,0,0,0,0,0,0,0,0,0,0,0,0,0,0,0,0,0,0,0,0,0,0,0,0,0,0,0,0,0,0,0,0,0,0,0,0,0,0,0,0,0,0,0,0,0,0,0,0,7,0,0,0,0,0,0,0,1,0,0,,0,0,0,0,0,0,0,0,0,0,0,0,0,0,0,0,202,0,0,0,0,0,0,0,1912,0,0,,0,0,0,0,0,0,0,0,0,0,0,0,0,0,0,0,45,0,0,0,0,0,0,0,1912,0,0,,0,0,0,0,0,0,0,0,0,0,0,0,0,0,0,0,0,0,0,0,0,0,0,0,0,0,0,0,0,0,0,0,0,0,0,0,0,0,0,0,0,0,0,0,0,0,0,0,0,0,0,0,0,0,0,0,0,0,0,0,0,0,0,0,0,0,0,0,0,0,0,0,0,0,0,0,0,0,0,0,0,0,0,0,0,0,0,0,0,0,0,0,0,0,0,0,0,0,0,0,0,0,0,0,0,0,0,0,0,0,0,3,0,1,0,22,0,0,0,0,0,0,2,0,2,0,0,0,0,0,0,0,0,0,0,0,0,0,0,0,0,0,0,0,0,0,0,0,0,0,0,0,0,0,0,0,0,0,0,0,0,0,0,0,0,0,0,0,0,0,0,0,0,0,0,0,0,0,0,0,0,0,0,0,0,0,0,0,0,0,0,0,0,0,0,0,0,0,0,0,0,0,0,0,0,,0,,0,,0,0,0,0,0,0,0,0,0,0,0,0,0,,0,0,,0,0,,0,0,0,0,0,0,0,0,0,0,0,0,0,0,,,,2,4,0,0,0,0,2,0,0,0,0,1,2,2,0,0,0,0,0,0,0,0,0,0,709,731,0,0,0,0,134,0,0,0,0,28,0,0,0,0,0,0,0,0,0,0,0,0,709,787,0,0,0,0,134,0,0,0,0,28,0,0,0,0,0,0,0,0,0,0,0,0,0,0,0,0,0,0,0,0,0,0,0,0,0,0,0,0,0,0,0,0,0,0,0,0,0,0,0,1,0,2,0,0,1,0,0,0,0,0,0,0,0,0,69,0,0,0,0,43,0,0,0,0,0,0,0,0,0,69,0,0,0,0,43,0,0,0,0,0,0,0,0,0,0,0,0,0,0,0,0,0,0,0,0,0,0,0,1,1,0,0,0,0,0,0,0,0,0,0,0,0,0,0,0,0,0,0,0,0,90,0,0,0,0,0,0,0,0,0,0,0,0,0,0,0,0,0,0,0,0,90,0,0,0,0,0,0,0,0,0,0,0,0,0,0,0,0,0,0,0,0,0,0,0,0,0,0,0,0,0,0,0,0,0,0,0,0,0,0,0,0,0,0,0,0,0,0,0,0,0,0,0,0,0,0,0,1,0,0,0,0,0,0,0,0,0,0,1124,0,0,0,0,0,0,0,0,0,0,1124,0,0,0,0,0,0,0,0,0,0,0,0,0,0,0,0,0,0,0,0,0,0,0,0,0,0,0,0,0,0,0,0,0,0,0,0,0,0,0,0,0,0,0,0,0,0,0,0,0,0,0,0,0,0,0,0,0,0,0,0,0,0,0,0,0,0,0,0,0,0,0,0,0,0,0,0,0,0,0,0,0,0,0,0,0,0,0,0,0,0,0,0,0,0,0,0,0,0,0,0,0,0,0,0,0,0,0,0,0,0,0,0,0,0,0,0,0,0,0,0,0,0,0,0,0,0,0,0,0,0,0,0,0,0,0,0,0,0,0,0,0,0,0,0,0,0,0,0,0,0,0,0,0,0,0,0,,0,0,0,0,,0,0,0,0,,0,0,0,0,0,0,0,0,0,,,,0,0,0,0,0,0,0,0,0
MI8065100,2022,Paw Paw Police Department,Michigan,3357,2,18,7,2,7,4,0,25,0,31,0,9,1,0,0,3,9,40,4,1,5,2,2,5,19,0,0,0,2,1,1,0,0,3,0,0,0,0,0,0,0,0,796,95,90,521,355,1296,0,3429,0,258,0,422,47,0,0,243,587,174,73,122,0,860,0,199,0,0,0,0,5987,1249,5163,0,0,45,0,0,0,0,0,0,0,0,796,52,75,521,363,104,0,698,0,80,0,176,47,0,0,208,260,74,78,122,0,860,0,75,0,0,0,0,5987,1249,5163,0,0,26,0,0,0,0,0,0,0,0,9,0,0,0,0,0,0,12,2,0,0,0,0,0,0,0,0,2,1,0,0,2,1,0,0,0,0,0,0,0,3,0,0,0,0,0,0,0,0,0,0,0,677,0,0,0,0,0,0,536,208,0,0,0,0,0,0,0,0,21,0,0,0,52,208,0,0,0,0,0,0,0,590,0,0,0,0,0,0,0,0,0,0,0,416,0,0,0,0,0,0,260,208,0,0,0,0,0,0,0,0,21,0,0,0,52,208,0,0,0,0,0,0,0,521,0,0,0,0,0,0,0,0,0,0,0,2,10,5,0,4,2,2,0,18,5,0,1,2,0,0,1,37,19,0,1,0,1,0,0,0,3,0,0,0,0,0,0,0,0,0,0,0,0,796,132,108,0,256,104,976,0,235,98,0,5206,210,0,0,104,158,0,0,1249,0,122,0,0,0,75,0,0,0,0,0,0,0,0,0,0,0,0,796,57,93,0,225,104,976,0,89,90,0,5206,210,0,0,104,71,0,0,1249,0,122,0,0,0,75,0,0,0,0,0,0,0,0,0,0,0,0,0,49,0,0,0,0,1,0,1,0,0,0,0,0,0,0,0,0,0,0,0,0,0,0,0,0,0,0,0,0,0,0,0,0,0,0,0,0,104,0,0,0,0,0,0,0,0,0,0,0,0,0,0,0,0,0,0,0,0,0,0,0,0,0,0,0,0,0,104,0,0,0,0,0,0,0,0,0,0,0,0,0,0,0,0,0,0,0,0,0,0,2,0,0,0,0,0,0,0,0,0,0,,0,0,0,0,0,0,0,0,0,0,0,0,0,0,0,0,156,0,0,0,0,0,0,0,0,0,0,,0,0,0,0,0,0,0,0,0,0,0,0,0,0,0,0,156,0,0,0,0,0,0,0,0,0,0,,0,0,0,0,0,0,0,0,0,0,0,0,0,0,0,0,0,0,0,0,0,0,0,0,0,0,0,0,0,0,0,0,0,0,0,0,0,0,0,0,0,0,0,0,0,0,0,0,0,0,0,0,0,0,0,0,0,0,0,0,0,0,0,0,0,0,0,0,0,0,0,0,0,0,0,0,0,0,0,0,0,0,0,0,0,0,0,0,0,0,0,0,0,0,0,0,0,0,0,0,0,0,0,0,0,0,0,0,0,0,0,8,2,5,0,31,1,0,1,0,3,0,2,0,0,0,0,0,0,0,0,0,0,0,0,0,0,0,0,0,0,0,0,0,0,0,0,0,0,0,0,0,0,0,0,0,0,0,0,0,0,0,0,0,,0,0,0,,0,0,0,,0,0,0,0,0,0,0,0,0,0,0,0,0,0,0,0,0,0,0,0,0,0,0,0,0,0,0,0,0,0,0,0,0,0,0,0,0,0,0,0,0,0,0,0,0,0,0,0,0,0,,0,0,,0,0,,0,0,0,0,0,0,0,0,0,0,0,0,0,0,0,0,0,1,4,2,0,0,0,0,0,1,0,0,1,0,3,0,0,0,0,0,0,0,0,0,0,260,1224,364,0,0,0,0,0,73,0,0,26,0,0,0,0,0,0,0,0,0,0,0,0,260,729,364,0,0,0,0,0,73,0,0,26,0,0,0,0,0,0,0,0,0,0,0,0,0,0,0,0,0,0,0,0,0,0,0,0,0,0,0,0,0,0,0,0,0,0,0,0,0,0,0,1,0,1,0,0,0,0,0,0,0,0,0,0,0,0,260,0,0,0,0,0,0,0,0,0,0,0,0,0,0,260,0,0,0,0,0,0,0,0,0,0,0,0,0,0,0,0,0,0,0,0,0,0,0,0,1,0,0,0,0,0,0,0,0,0,0,0,0,0,0,0,0,0,0,0,0,208,0,0,0,0,0,0,0,0,0,0,0,0,0,0,0,0,0,0,0,0,208,0,0,0,0,0,0,0,0,0,0,0,0,0,0,0,0,0,0,0,0,0,0,0,0,0,0,0,0,0,0,0,0,0,0,0,0,0,0,0,0,0,0,0,0,0,0,0,0,0,0,0,0,0,0,0,0,0,0,0,0,2,0,0,0,0,0,0,0,0,0,0,729,0,0,0,0,0,0,0,0,0,0,729,0,0,0,0,0,0,0,0,0,0,0,0,0,0,0,0,0,0,0,0,0,0,0,0,0,0,0,0,0,0,0,0,0,0,,0,0,0,0,0,0,0,0,,0,0,0,0,0,0,0,0,,0,0,0,0,0,0,0,0,0,0,0,0,0,0,0,0,0,0,0,0,0,0,0,0,0,0,0,0,0,0,0,0,0,0,0,0,0,0,0,0,0,0,0,0,0,0,0,0,0,0,0,0,0,0,0,0,0,0,0,0,0,0,0,0,0,0,0,0,0,0,0,0,0,0,0,0,0,0,0,0,0,0,0,0,0,0,0,0,0,0,0,0,0,0,0,0,0,0,0,0,0,0,0,0,0,0,0,0,0,0,0,0,0,0,0,0,0,0,0,0,0,0,0,0,0,0,0,0,0,0,0,0,0,0,0
MI8065100,2023,Paw Paw Police Department,Michigan,3411,3,5,5,1,6,4,0,22,0,28,0,0,0,0,2,2,5,74,1,0,4,1,2,8,27,0,0,0,4,0,2,0,0,1,0,0,0,1,0,0,0,0,40164,7522,1539,480,72,1369,0,1594,0,1657,0,0,0,0,6000,6486,756,200,50,0,0,500,0,200,501,0,0,0,23613,0,588,0,0,20,0,0,0,18,0,0,0,0,48493,140,21,480,40,1330,0,682,0,92,0,0,0,0,6000,6486,756,76,50,0,0,500,0,100,501,0,0,0,14000,0,588,0,0,20,0,0,0,18,0,0,0,0,6,0,1,2,0,0,0,12,1,0,0,0,0,0,0,0,1,2,1,0,1,0,0,0,0,3,0,0,0,0,6,0,1,0,0,0,0,0,0,0,0,0,1384,0,13,100,0,0,0,1169,500,0,0,0,0,0,0,0,0,50,0,0,472,0,0,0,0,115,0,0,0,0,500,0,0,0,0,0,0,0,0,0,0,0,900,0,13,100,0,0,0,275,500,0,0,0,0,0,0,0,0,50,0,0,472,0,0,0,0,115,0,0,0,0,500,0,0,0,0,0,0,0,0,0,0,0,3,2,4,0,4,1,1,0,14,0,0,1,0,0,0,1,55,20,0,0,1,0,0,0,0,1,0,0,1,0,0,1,0,0,0,0,0,0,3912,23,35,0,84,25,0,0,94,0,0,0,0,0,0,50,132,2,0,0,0,0,0,0,0,0,0,0,13000,0,0,18,0,0,0,0,0,0,4237,23,12,0,58,25,0,0,71,0,0,0,0,0,0,50,72,2,0,0,0,0,0,0,0,0,0,0,13000,0,0,18,0,0,0,0,0,0,0,36,0,0,0,0,0,0,1,0,0,0,0,0,0,0,0,0,0,0,0,0,0,0,0,0,0,0,0,0,0,0,0,0,0,0,0,0,100,0,0,0,0,0,0,0,0,0,0,0,0,0,0,0,0,0,0,0,0,0,0,0,0,0,0,0,0,0,100,0,0,0,0,0,0,0,0,0,0,0,0,0,0,0,0,0,0,0,0,0,0,3,2,0,0,0,0,0,0,0,0,1,,0,0,0,0,0,0,0,0,0,,0,0,0,0,0,0,103,10,0,0,0,0,0,0,0,0,0,,0,0,0,0,0,0,0,0,0,,0,0,0,0,0,0,100,10,0,0,0,0,0,0,0,0,0,,0,0,0,0,0,0,0,0,0,,0,0,0,0,0,0,0,0,0,0,,0,0,0,0,0,0,0,0,0,0,0,0,0,0,0,0,0,0,0,0,0,0,0,0,0,0,0,0,0,0,0,,0,0,0,0,0,0,0,0,0,0,0,0,0,0,0,0,0,0,0,0,0,0,0,0,0,0,0,0,0,0,0,,0,0,0,0,0,0,0,0,0,0,0,0,0,0,0,0,0,0,0,0,0,0,0,0,0,0,2,3,4,0,28,0,0,0,0,0,0,0,0,0,0,0,0,0,0,0,0,0,0,0,0,0,0,0,0,0,0,0,0,0,0,0,0,0,0,0,0,0,0,0,0,0,0,0,0,0,0,0,0,0,0,0,0,0,0,0,0,0,0,0,0,0,0,0,0,0,0,0,0,0,0,0,0,0,0,0,0,0,0,0,0,0,0,0,0,0,0,0,0,0,0,0,0,0,0,0,0,0,0,0,0,0,0,0,0,0,0,0,,0,0,,0,0,,0,0,0,0,0,0,0,0,0,0,0,0,0,0,0,0,0,0,1,0,0,4,0,1,0,1,0,0,2,0,1,0,0,0,0,0,0,0,0,1,0,0,60,0,0,86,0,5000,0,0,0,0,27,0,0,0,0,0,0,0,0,0,0,50000,0,0,60,0,0,88,0,5000,0,0,0,0,27,0,0,0,0,0,0,0,0,0,0,50000,0,0,0,0,0,0,0,0,0,0,0,0,0,0,0,0,0,0,0,0,0,0,0,0,0,0,0,0,0,0,0,0,0,0,0,3,0,0,0,0,1,0,0,0,0,0,0,0,0,0,84,0,0,0,0,0,0,0,0,0,0,0,0,0,0,88,0,0,0,0,0,0,0,0,0,0,0,0,0,0,0,0,0,0,1,0,0,0,0,0,0,0,0,1,0,0,0,0,0,0,0,0,0,0,0,294,0,0,0,0,0,0,0,0,1494,0,0,0,0,0,0,0,0,0,0,0,294,0,0,0,0,0,0,0,0,1494,0,0,0,0,0,0,0,0,0,0,0,0,0,0,0,0,0,0,0,0,0,0,0,0,0,0,0,0,0,0,0,0,0,0,0,0,0,0,0,0,0,0,0,0,0,0,0,0,0,0,0,0,0,0,0,0,0,0,0,0,0,0,0,0,0,0,0,0,0,0,0,0,0,0,0,0,0,0,0,0,0,0,0,0,0,0,0,0,0,0,0,0,0,0,0,0,0,0,0,0,0,0,0,0,0,0,0,0,0,0,0,0,0,0,0,0,0,0,0,0,0,0,0,0,0,0,0,0,0,0,0,0,0,0,0,0,0,0,0,0,0,0,0,0,0,0,0,0,0,0,0,0,0,0,0,0,0,0,0,0,0,0,0,0,0,0,0,0,0,0,0,0,0,0,0,0,0,0,0,0,0,0,0,0,0,0,0,0,0,0,0,0,0,0,0,0,0,0,0,0,0,0,0,0,0,0,0,0,0,0,0,0,0,0,0,0,0,0,0,0,0,0,0,0,0,0,0,0,0,,0,0,0,0,,0,0,0,0,,0,0,0,0,0,0,0,0,0,,,,0,0,0,0,0,0,0,0,0
