ORI,year,agency,state,population,property_stolen_automobile,property_stolen_clothes_furs,property_stolen_consumable_goods,property_stolen_firearms,property_stolen_household_goods,property_stolen_jewelry_precious_metals_gems,property_stolen_livestock,property_stolen_money,property_stolen_office_type_equipment,property_stolen_other,property_stolen_pending_inventory_of_property,property_stolen_radios_tv_vcr_dvd_players,property_stolen_alcohol,property_stolen_farm_equipment,property_stolen_other_motor_vehicles,property_stolen_tools_power_hand,property_stolen_vehicle_parts_accessories,property_stolen_merchandise,property_stolen_bicycles,property_stolen_computer_hardware_software,property_stolen_credit_debit_cards,property_stolen_negotiable_instruments,property_stolen_nonnegotiable_instruments,property_stolen_purses_handbags_wallets,property_stolen_recordings_audio_visual,property_stolen_recreational_vehicles,property_stolen_special_category,property_stolen_structures_single_occupancy_dwellings,property_stolen_trucks,property_stolen_watercraft,property_stolen_heavy_construction_industrial_equipment,property_stolen_structures_other,property_stolen_structures_other_commercial_business,property_stolen_drugs_narcotics,property_stolen_structures_storage,property_stolen_structures_other_dwellings,property_stolen_structures_public_community,property_stolen_drug_narcotic_equipment,property_stolen_gambling_equipment,property_stolen_aircraft,property_stolen_structures_industrial_manufacturing,property_stolen_buses,property_stolen_mean_value_automobile,property_stolen_mean_value_clothes_furs,property_stolen_mean_value_consumable_goods,property_stolen_mean_value_firearms,property_stolen_mean_value_household_goods,property_stolen_mean_value_jewelry_precious_metals_gems,property_stolen_mean_value_livestock,property_stolen_mean_value_money,property_stolen_mean_value_office_type_equipment,property_stolen_mean_value_other,property_stolen_mean_value_pending_inventory_of_property,property_stolen_mean_value_radios_tv_vcr_dvd_players,property_stolen_mean_value_alcohol,property_stolen_mean_value_farm_equipment,property_stolen_mean_value_other_motor_vehicles,property_stolen_mean_value_tools_power_hand,property_stolen_mean_value_vehicle_parts_accessories,property_stolen_mean_value_merchandise,property_stolen_mean_value_bicycles,property_stolen_mean_value_computer_hardware_software,property_stolen_mean_value_credit_debit_cards,property_stolen_mean_value_negotiable_instruments,property_stolen_mean_value_nonnegotiable_instruments,property_stolen_mean_value_purses_handbags_wallets,property_stolen_mean_value_recordings_audio_visual,property_stolen_mean_value_recreational_vehicles,property_stolen_mean_value_special_category,property_stolen_mean_value_structures_single_occupancy_dwellings,property_stolen_mean_value_trucks,property_stolen_mean_value_watercraft,property_stolen_mean_value_heavy_construction_industrial_equipment,property_stolen_mean_value_structures_other,property_stolen_mean_value_structures_other_commercial_business,property_stolen_mean_value_drugs_narcotics,property_stolen_mean_value_structures_storage,property_stolen_mean_value_structures_other_dwellings,property_stolen_mean_value_structures_public_community,property_stolen_mean_value_drug_narcotic_equipment,property_stolen_mean_value_gambling_equipment,property_stolen_mean_value_aircraft,property_stolen_mean_value_structures_industrial_manufacturing,property_stolen_mean_value_buses,property_stolen_median_value_automobile,property_stolen_median_value_clothes_furs,property_stolen_median_value_consumable_goods,property_stolen_median_value_firearms,property_stolen_median_value_household_goods,property_stolen_median_value_jewelry_precious_metals_gems,property_stolen_median_value_livestock,property_stolen_median_value_money,property_stolen_median_value_office_type_equipment,property_stolen_median_value_other,property_stolen_median_value_pending_inventory_of_property,property_stolen_median_value_radios_tv_vcr_dvd_players,property_stolen_median_value_alcohol,property_stolen_median_value_farm_equipment,property_stolen_median_value_other_motor_vehicles,property_stolen_median_value_tools_power_hand,property_stolen_median_value_vehicle_parts_accessories,property_stolen_median_value_merchandise,property_stolen_median_value_bicycles,property_stolen_median_value_computer_hardware_software,property_stolen_median_value_credit_debit_cards,property_stolen_median_value_negotiable_instruments,property_stolen_median_value_nonnegotiable_instruments,property_stolen_median_value_purses_handbags_wallets,property_stolen_median_value_recordings_audio_visual,property_stolen_median_value_recreational_vehicles,property_stolen_median_value_special_category,property_stolen_median_value_structures_single_occupancy_dwellings,property_stolen_median_value_trucks,property_stolen_median_value_watercraft,property_stolen_median_value_heavy_construction_industrial_equipment,property_stolen_median_value_structures_other,property_stolen_median_value_structures_other_commercial_business,property_stolen_median_value_drugs_narcotics,property_stolen_median_value_structures_storage,property_stolen_median_value_structures_other_dwellings,property_stolen_median_value_structures_public_community,property_stolen_median_value_drug_narcotic_equipment,property_stolen_median_value_gambling_equipment,property_stolen_median_value_aircraft,property_stolen_median_value_structures_industrial_manufacturing,property_stolen_median_value_buses,property_destroyed_automobile,property_destroyed_clothes_furs,property_destroyed_consumable_goods,property_destroyed_household_goods,property_destroyed_livestock,property_destroyed_money,property_destroyed_office_type_equipment,property_destroyed_other,property_destroyed_radios_tv_vcr_dvd_players,property_destroyed_firearms,property_destroyed_jewelry_precious_metals_gems,property_destroyed_pending_inventory_of_property,property_destroyed_buses,property_destroyed_structures_single_occupancy_dwellings,property_destroyed_structures_storage,property_destroyed_farm_equipment,property_destroyed_structures_other,property_destroyed_structures_other_dwellings,property_destroyed_structures_public_community,property_destroyed_bicycles,property_destroyed_merchandise,property_destroyed_other_motor_vehicles,property_destroyed_recreational_vehicles,property_destroyed_special_category,property_destroyed_structures_other_commercial_business,property_destroyed_vehicle_parts_accessories,property_destroyed_watercraft,property_destroyed_heavy_construction_industrial_equipment,property_destroyed_computer_hardware_software,property_destroyed_tools_power_hand,property_destroyed_trucks,property_destroyed_alcohol,property_destroyed_recordings_audio_visual,property_destroyed_structures_industrial_manufacturing,property_destroyed_negotiable_instruments,property_destroyed_aircraft,property_destroyed_drugs_narcotics,property_destroyed_nonnegotiable_instruments,property_destroyed_gambling_equipment,property_destroyed_purses_handbags_wallets,property_destroyed_credit_debit_cards,property_destroyed_drug_narcotic_equipment,property_destroyed_mean_value_automobile,property_destroyed_mean_value_clothes_furs,property_destroyed_mean_value_consumable_goods,property_destroyed_mean_value_household_goods,property_destroyed_mean_value_livestock,property_destroyed_mean_value_money,property_destroyed_mean_value_office_type_equipment,property_destroyed_mean_value_other,property_destroyed_mean_value_radios_tv_vcr_dvd_players,property_destroyed_mean_value_firearms,property_destroyed_mean_value_jewelry_precious_metals_gems,property_destroyed_mean_value_pending_inventory_of_property,property_destroyed_mean_value_buses,property_destroyed_mean_value_structures_single_occupancy_dwellings,property_destroyed_mean_value_structures_storage,property_destroyed_mean_value_farm_equipment,property_destroyed_mean_value_structures_other,property_destroyed_mean_value_structures_other_dwellings,property_destroyed_mean_value_structures_public_community,property_destroyed_mean_value_bicycles,property_destroyed_mean_value_merchandise,property_destroyed_mean_value_other_motor_vehicles,property_destroyed_mean_value_recreational_vehicles,property_destroyed_mean_value_special_category,property_destroyed_mean_value_structures_other_commercial_business,property_destroyed_mean_value_vehicle_parts_accessories,property_destroyed_mean_value_watercraft,property_destroyed_mean_value_heavy_construction_industrial_equipment,property_destroyed_mean_value_computer_hardware_software,property_destroyed_mean_value_tools_power_hand,property_destroyed_mean_value_trucks,property_destroyed_mean_value_alcohol,property_destroyed_mean_value_recordings_audio_visual,property_destroyed_mean_value_structures_industrial_manufacturing,property_destroyed_mean_value_negotiable_instruments,property_destroyed_mean_value_aircraft,property_destroyed_mean_value_drugs_narcotics,property_destroyed_mean_value_nonnegotiable_instruments,property_destroyed_mean_value_gambling_equipment,property_destroyed_mean_value_purses_handbags_wallets,property_destroyed_mean_value_credit_debit_cards,property_destroyed_mean_value_drug_narcotic_equipment,property_destroyed_median_value_automobile,property_destroyed_median_value_clothes_furs,property_destroyed_median_value_consumable_goods,property_destroyed_median_value_household_goods,property_destroyed_median_value_livestock,property_destroyed_median_value_money,property_destroyed_median_value_office_type_equipment,property_destroyed_median_value_other,property_destroyed_median_value_radios_tv_vcr_dvd_players,property_destroyed_median_value_firearms,property_destroyed_median_value_jewelry_precious_metals_gems,property_destroyed_median_value_pending_inventory_of_property,property_destroyed_median_value_buses,property_destroyed_median_value_structures_single_occupancy_dwellings,property_destroyed_median_value_structures_storage,property_destroyed_median_value_farm_equipment,property_destroyed_median_value_structures_other,property_destroyed_median_value_structures_other_dwellings,property_destroyed_median_value_structures_public_community,property_destroyed_median_value_bicycles,property_destroyed_median_value_merchandise,property_destroyed_median_value_other_motor_vehicles,property_destroyed_median_value_recreational_vehicles,property_destroyed_median_value_special_category,property_destroyed_median_value_structures_other_commercial_business,property_destroyed_median_value_vehicle_parts_accessories,property_destroyed_median_value_watercraft,property_destroyed_median_value_heavy_construction_industrial_equipment,property_destroyed_median_value_computer_hardware_software,property_destroyed_median_value_tools_power_hand,property_destroyed_median_value_trucks,property_destroyed_median_value_alcohol,property_destroyed_median_value_recordings_audio_visual,property_destroyed_median_value_structures_industrial_manufacturing,property_destroyed_median_value_negotiable_instruments,property_destroyed_median_value_aircraft,property_destroyed_median_value_drugs_narcotics,property_destroyed_median_value_nonnegotiable_instruments,property_destroyed_median_value_gambling_equipment,property_destroyed_median_value_purses_handbags_wallets,property_destroyed_median_value_credit_debit_cards,property_destroyed_median_value_drug_narcotic_equipment,property_recovered_automobile,property_recovered_clothes_furs,property_recovered_consumable_goods,property_recovered_firearms,property_recovered_household_goods,property_recovered_jewelry_precious_metals_gems,property_recovered_money,property_recovered_office_type_equipment,property_recovered_other,property_recovered_radios_tv_vcr_dvd_players,property_recovered_livestock,property_recovered_other_motor_vehicles,property_recovered_vehicle_parts_accessories,property_recovered_tools_power_hand,property_recovered_alcohol,property_recovered_bicycles,property_recovered_merchandise,property_recovered_recordings_audio_visual,property_recovered_recreational_vehicles,property_recovered_watercraft,property_recovered_credit_debit_cards,property_recovered_computer_hardware_software,property_recovered_heavy_construction_industrial_equipment,property_recovered_negotiable_instruments,property_recovered_nonnegotiable_instruments,property_recovered_purses_handbags_wallets,property_recovered_special_category,property_recovered_structures_storage,property_recovered_trucks,property_recovered_farm_equipment,property_recovered_structures_other_dwellings,property_recovered_drug_narcotic_equipment,property_recovered_drugs_narcotics,property_recovered_gambling_equipment,property_recovered_buses,property_recovered_aircraft,property_recovered_pending_inventory_of_property,property_recovered_structures_other,property_recovered_mean_value_automobile,property_recovered_mean_value_clothes_furs,property_recovered_mean_value_consumable_goods,property_recovered_mean_value_firearms,property_recovered_mean_value_household_goods,property_recovered_mean_value_jewelry_precious_metals_gems,property_recovered_mean_value_money,property_recovered_mean_value_office_type_equipment,property_recovered_mean_value_other,property_recovered_mean_value_radios_tv_vcr_dvd_players,property_recovered_mean_value_livestock,property_recovered_mean_value_other_motor_vehicles,property_recovered_mean_value_vehicle_parts_accessories,property_recovered_mean_value_tools_power_hand,property_recovered_mean_value_alcohol,property_recovered_mean_value_bicycles,property_recovered_mean_value_merchandise,property_recovered_mean_value_recordings_audio_visual,property_recovered_mean_value_recreational_vehicles,property_recovered_mean_value_watercraft,property_recovered_mean_value_credit_debit_cards,property_recovered_mean_value_computer_hardware_software,property_recovered_mean_value_heavy_construction_industrial_equipment,property_recovered_mean_value_negotiable_instruments,property_recovered_mean_value_nonnegotiable_instruments,property_recovered_mean_value_purses_handbags_wallets,property_recovered_mean_value_special_category,property_recovered_mean_value_structures_storage,property_recovered_mean_value_trucks,property_recovered_mean_value_farm_equipment,property_recovered_mean_value_structures_other_dwellings,property_recovered_mean_value_drug_narcotic_equipment,property_recovered_mean_value_drugs_narcotics,property_recovered_mean_value_gambling_equipment,property_recovered_mean_value_buses,property_recovered_mean_value_aircraft,property_recovered_mean_value_pending_inventory_of_property,property_recovered_mean_value_structures_other,property_recovered_median_value_automobile,property_recovered_median_value_clothes_furs,property_recovered_median_value_consumable_goods,property_recovered_median_value_firearms,property_recovered_median_value_household_goods,property_recovered_median_value_jewelry_precious_metals_gems,property_recovered_median_value_money,property_recovered_median_value_office_type_equipment,property_recovered_median_value_other,property_recovered_median_value_radios_tv_vcr_dvd_players,property_recovered_median_value_livestock,property_recovered_median_value_other_motor_vehicles,property_recovered_median_value_vehicle_parts_accessories,property_recovered_median_value_tools_power_hand,property_recovered_median_value_alcohol,property_recovered_median_value_bicycles,property_recovered_median_value_merchandise,property_recovered_median_value_recordings_audio_visual,property_recovered_median_value_recreational_vehicles,property_recovered_median_value_watercraft,property_recovered_median_value_credit_debit_cards,property_recovered_median_value_computer_hardware_software,property_recovered_median_value_heavy_construction_industrial_equipment,property_recovered_median_value_negotiable_instruments,property_recovered_median_value_nonnegotiable_instruments,property_recovered_median_value_purses_handbags_wallets,property_recovered_median_value_special_category,property_recovered_median_value_structures_storage,property_recovered_median_value_trucks,property_recovered_median_value_farm_equipment,property_recovered_median_value_structures_other_dwellings,property_recovered_median_value_drug_narcotic_equipment,property_recovered_median_value_drugs_narcotics,property_recovered_median_value_gambling_equipment,property_recovered_median_value_buses,property_recovered_median_value_aircraft,property_recovered_median_value_pending_inventory_of_property,property_recovered_median_value_structures_other,property_seized_consumable_goods,property_seized_drugs_narcotics,property_seized_firearms,property_seized_other,property_seized_radios_tv_vcr_dvd_players,property_seized_pending_inventory_of_property,property_seized_drug_narcotic_equipment,property_seized_gambling_equipment,property_seized_money,property_seized_negotiable_instruments,property_seized_alcohol,property_seized_vehicle_parts_accessories,property_seized_special_category,property_seized_nonnegotiable_instruments,property_seized_purses_handbags_wallets,property_seized_automobile,property_seized_jewelry_precious_metals_gems,property_seized_aircraft,property_seized_trucks,property_seized_clothes_furs,property_seized_farm_equipment,property_seized_office_type_equipment,property_seized_computer_hardware_software,property_seized_bicycles,property_seized_credit_debit_cards,property_seized_household_goods,property_seized_other_motor_vehicles,property_seized_tools_power_hand,property_seized_recordings_audio_visual,property_seized_structures_single_occupancy_dwellings,property_seized_mean_value_consumable_goods,property_seized_mean_value_drugs_narcotics,property_seized_mean_value_firearms,property_seized_mean_value_other,property_seized_mean_value_radios_tv_vcr_dvd_players,property_seized_mean_value_pending_inventory_of_property,property_seized_mean_value_drug_narcotic_equipment,property_seized_mean_value_gambling_equipment,property_seized_mean_value_money,property_seized_mean_value_negotiable_instruments,property_seized_mean_value_alcohol,property_seized_mean_value_vehicle_parts_accessories,property_seized_mean_value_special_category,property_seized_mean_value_nonnegotiable_instruments,property_seized_mean_value_purses_handbags_wallets,property_seized_mean_value_automobile,property_seized_mean_value_jewelry_precious_metals_gems,property_seized_mean_value_aircraft,property_seized_mean_value_trucks,property_seized_mean_value_clothes_furs,property_seized_mean_value_farm_equipment,property_seized_mean_value_office_type_equipment,property_seized_mean_value_computer_hardware_software,property_seized_mean_value_bicycles,property_seized_mean_value_credit_debit_cards,property_seized_mean_value_household_goods,property_seized_mean_value_other_motor_vehicles,property_seized_mean_value_tools_power_hand,property_seized_mean_value_recordings_audio_visual,property_seized_mean_value_structures_single_occupancy_dwellings,property_seized_median_value_consumable_goods,property_seized_median_value_drugs_narcotics,property_seized_median_value_firearms,property_seized_median_value_other,property_seized_median_value_radios_tv_vcr_dvd_players,property_seized_median_value_pending_inventory_of_property,property_seized_median_value_drug_narcotic_equipment,property_seized_median_value_gambling_equipment,property_seized_median_value_money,property_seized_median_value_negotiable_instruments,property_seized_median_value_alcohol,property_seized_median_value_vehicle_parts_accessories,property_seized_median_value_special_category,property_seized_median_value_nonnegotiable_instruments,property_seized_median_value_purses_handbags_wallets,property_seized_median_value_automobile,property_seized_median_value_jewelry_precious_metals_gems,property_seized_median_value_aircraft,property_seized_median_value_trucks,property_seized_median_value_clothes_furs,property_seized_median_value_farm_equipment,property_seized_median_value_office_type_equipment,property_seized_median_value_computer_hardware_software,property_seized_median_value_bicycles,property_seized_median_value_credit_debit_cards,property_seized_median_value_household_goods,property_seized_median_value_other_motor_vehicles,property_seized_median_value_tools_power_hand,property_seized_median_value_recordings_audio_visual,property_seized_median_value_structures_single_occupancy_dwellings,property_counterfeited_automobile,property_counterfeited_money,property_counterfeited_other,property_counterfeited_pending_inventory_of_property,property_counterfeited_clothes_furs,property_counterfeited_consumable_goods,property_counterfeited_jewelry_precious_metals_gems,property_counterfeited_office_type_equipment,property_counterfeited_radios_tv_vcr_dvd_players,property_counterfeited_negotiable_instruments,property_counterfeited_credit_debit_cards,property_counterfeited_nonnegotiable_instruments,property_counterfeited_structures_public_community,property_counterfeited_special_category,property_counterfeited_drugs_narcotics,property_counterfeited_farm_equipment,property_counterfeited_vehicle_parts_accessories,property_counterfeited_household_goods,property_counterfeited_recordings_audio_visual,property_counterfeited_tools_power_hand,property_counterfeited_alcohol,property_counterfeited_recreational_vehicles,property_counterfeited_structures_industrial_manufacturing,property_counterfeited_structures_single_occupancy_dwellings,property_counterfeited_drug_narcotic_equipment,property_counterfeited_merchandise,property_counterfeited_computer_hardware_software,property_counterfeited_firearms,property_counterfeited_mean_value_automobile,property_counterfeited_mean_value_money,property_counterfeited_mean_value_other,property_counterfeited_mean_value_pending_inventory_of_property,property_counterfeited_mean_value_clothes_furs,property_counterfeited_mean_value_consumable_goods,property_counterfeited_mean_value_jewelry_precious_metals_gems,property_counterfeited_mean_value_office_type_equipment,property_counterfeited_mean_value_radios_tv_vcr_dvd_players,property_counterfeited_mean_value_negotiable_instruments,property_counterfeited_mean_value_credit_debit_cards,property_counterfeited_mean_value_nonnegotiable_instruments,property_counterfeited_mean_value_structures_public_community,property_counterfeited_mean_value_special_category,property_counterfeited_mean_value_drugs_narcotics,property_counterfeited_mean_value_farm_equipment,property_counterfeited_mean_value_vehicle_parts_accessories,property_counterfeited_mean_value_household_goods,property_counterfeited_mean_value_recordings_audio_visual,property_counterfeited_mean_value_tools_power_hand,property_counterfeited_mean_value_alcohol,property_counterfeited_mean_value_recreational_vehicles,property_counterfeited_mean_value_structures_industrial_manufacturing,property_counterfeited_mean_value_structures_single_occupancy_dwellings,property_counterfeited_mean_value_drug_narcotic_equipment,property_counterfeited_mean_value_merchandise,property_counterfeited_mean_value_computer_hardware_software,property_counterfeited_mean_value_firearms,property_counterfeited_median_value_automobile,property_counterfeited_median_value_money,property_counterfeited_median_value_other,property_counterfeited_median_value_pending_inventory_of_property,property_counterfeited_median_value_clothes_furs,property_counterfeited_median_value_consumable_goods,property_counterfeited_median_value_jewelry_precious_metals_gems,property_counterfeited_median_value_office_type_equipment,property_counterfeited_median_value_radios_tv_vcr_dvd_players,property_counterfeited_median_value_negotiable_instruments,property_counterfeited_median_value_credit_debit_cards,property_counterfeited_median_value_nonnegotiable_instruments,property_counterfeited_median_value_structures_public_community,property_counterfeited_median_value_special_category,property_counterfeited_median_value_drugs_narcotics,property_counterfeited_median_value_farm_equipment,property_counterfeited_median_value_vehicle_parts_accessories,property_counterfeited_median_value_household_goods,property_counterfeited_median_value_recordings_audio_visual,property_counterfeited_median_value_tools_power_hand,property_counterfeited_median_value_alcohol,property_counterfeited_median_value_recreational_vehicles,property_counterfeited_median_value_structures_industrial_manufacturing,property_counterfeited_median_value_structures_single_occupancy_dwellings,property_counterfeited_median_value_drug_narcotic_equipment,property_counterfeited_median_value_merchandise,property_counterfeited_median_value_computer_hardware_software,property_counterfeited_median_value_firearms,property_burned_pending_inventory_of_property,property_burned_automobile,property_burned_other,property_burned_structures_single_occupancy_dwellings,property_burned_household_goods,property_burned_special_category,property_burned_structures_other,property_burned_structures_other_dwellings,property_burned_structures_storage,property_burned_vehicle_parts_accessories,property_burned_structures_public_community,property_burned_bicycles,property_burned_structures_other_commercial_business,property_burned_clothes_furs,property_burned_farm_equipment,property_burned_buses,property_burned_trucks,property_burned_heavy_construction_industrial_equipment,property_burned_money,property_burned_watercraft,property_burned_computer_hardware_software,property_burned_consumable_goods,property_burned_other_motor_vehicles,property_burned_recreational_vehicles,property_burned_radios_tv_vcr_dvd_players,property_burned_structures_industrial_manufacturing,property_burned_tools_power_hand,property_burned_purses_handbags_wallets,property_burned_jewelry_precious_metals_gems,property_burned_recordings_audio_visual,property_burned_credit_debit_cards,property_burned_firearms,property_burned_mean_value_pending_inventory_of_property,property_burned_mean_value_automobile,property_burned_mean_value_other,property_burned_mean_value_structures_single_occupancy_dwellings,property_burned_mean_value_household_goods,property_burned_mean_value_special_category,property_burned_mean_value_structures_other,property_burned_mean_value_structures_other_dwellings,property_burned_mean_value_structures_storage,property_burned_mean_value_vehicle_parts_accessories,property_burned_mean_value_structures_public_community,property_burned_mean_value_bicycles,property_burned_mean_value_structures_other_commercial_business,property_burned_mean_value_clothes_furs,property_burned_mean_value_farm_equipment,property_burned_mean_value_buses,property_burned_mean_value_trucks,property_burned_mean_value_heavy_construction_industrial_equipment,property_burned_mean_value_money,property_burned_mean_value_watercraft,property_burned_mean_value_computer_hardware_software,property_burned_mean_value_consumable_goods,property_burned_mean_value_other_motor_vehicles,property_burned_mean_value_recreational_vehicles,property_burned_mean_value_radios_tv_vcr_dvd_players,property_burned_mean_value_structures_industrial_manufacturing,property_burned_mean_value_tools_power_hand,property_burned_mean_value_purses_handbags_wallets,property_burned_mean_value_jewelry_precious_metals_gems,property_burned_mean_value_recordings_audio_visual,property_burned_mean_value_credit_debit_cards,property_burned_mean_value_firearms,property_burned_median_value_pending_inventory_of_property,property_burned_median_value_automobile,property_burned_median_value_other,property_burned_median_value_structures_single_occupancy_dwellings,property_burned_median_value_household_goods,property_burned_median_value_special_category,property_burned_median_value_structures_other,property_burned_median_value_structures_other_dwellings,property_burned_median_value_structures_storage,property_burned_median_value_vehicle_parts_accessories,property_burned_median_value_structures_public_community,property_burned_median_value_bicycles,property_burned_median_value_structures_other_commercial_business,property_burned_median_value_clothes_furs,property_burned_median_value_farm_equipment,property_burned_median_value_buses,property_burned_median_value_trucks,property_burned_median_value_heavy_construction_industrial_equipment,property_burned_median_value_money,property_burned_median_value_watercraft,property_burned_median_value_computer_hardware_software,property_burned_median_value_consumable_goods,property_burned_median_value_other_motor_vehicles,property_burned_median_value_recreational_vehicles,property_burned_median_value_radios_tv_vcr_dvd_players,property_burned_median_value_structures_industrial_manufacturing,property_burned_median_value_tools_power_hand,property_burned_median_value_purses_handbags_wallets,property_burned_median_value_jewelry_precious_metals_gems,property_burned_median_value_recordings_audio_visual,property_burned_median_value_credit_debit_cards,property_burned_median_value_firearms,drugs_unknown_type_drug,drugs_cocaine,drugs_marijuana,drugs_hashish,drugs_amphetamines_methamphetamines,drugs_other_hallucinogens,drugs_other_stimulants,drugs_crack_cocaine,drugs_lsd,drugs_other_narcotics,drugs_barbiturates,drugs_heroin,drugs_morphine,drugs_other_depressants,drugs_pcp,property_seized_merchandise,property_seized_watercraft,property_seized_structures_other_dwellings,property_seized_recreational_vehicles,property_seized_structures_other,property_seized_mean_value_merchandise,property_seized_mean_value_watercraft,property_seized_mean_value_structures_other_dwellings,property_seized_mean_value_recreational_vehicles,property_seized_mean_value_structures_other,property_seized_median_value_merchandise,property_seized_median_value_watercraft,property_seized_median_value_structures_other_dwellings,property_seized_median_value_recreational_vehicles,property_seized_median_value_structures_other,property_recovered_structures_other_commercial_business,property_recovered_structures_industrial_manufacturing,property_recovered_structures_single_occupancy_dwellings,property_recovered_structures_public_community,property_recovered_mean_value_structures_other_commercial_business,property_recovered_mean_value_structures_industrial_manufacturing,property_recovered_mean_value_structures_single_occupancy_dwellings,property_recovered_mean_value_structures_public_community,property_recovered_median_value_structures_other_commercial_business,property_recovered_median_value_structures_industrial_manufacturing,property_recovered_median_value_structures_single_occupancy_dwellings,property_recovered_median_value_structures_public_community,property_counterfeited_livestock,property_counterfeited_gambling_equipment,property_counterfeited_purses_handbags_wallets,property_counterfeited_mean_value_livestock,property_counterfeited_mean_value_gambling_equipment,property_counterfeited_mean_value_purses_handbags_wallets,property_counterfeited_median_value_livestock,property_counterfeited_median_value_gambling_equipment,property_counterfeited_median_value_purses_handbags_wallets,property_burned_livestock,property_burned_office_type_equipment,property_burned_gambling_equipment,property_burned_drugs_narcotics,property_burned_mean_value_livestock,property_burned_mean_value_office_type_equipment,property_burned_mean_value_gambling_equipment,property_burned_mean_value_drugs_narcotics,property_burned_median_value_livestock,property_burned_median_value_office_type_equipment,property_burned_median_value_gambling_equipment,property_burned_median_value_drugs_narcotics,drugs_opium,property_counterfeited_trucks,property_counterfeited_heavy_construction_industrial_equipment,property_counterfeited_other_motor_vehicles,property_counterfeited_mean_value_trucks,property_counterfeited_mean_value_heavy_construction_industrial_equipment,property_counterfeited_mean_value_other_motor_vehicles,property_counterfeited_median_value_trucks,property_counterfeited_median_value_heavy_construction_industrial_equipment,property_counterfeited_median_value_other_motor_vehicles,property_burned_alcohol,property_burned_merchandise,property_burned_nonnegotiable_instruments,property_burned_aircraft,property_burned_mean_value_alcohol,property_burned_mean_value_merchandise,property_burned_mean_value_nonnegotiable_instruments,property_burned_mean_value_aircraft,property_burned_median_value_alcohol,property_burned_median_value_merchandise,property_burned_median_value_nonnegotiable_instruments,property_burned_median_value_aircraft,property_seized_heavy_construction_industrial_equipment,property_seized_mean_value_heavy_construction_industrial_equipment,property_seized_median_value_heavy_construction_industrial_equipment,property_burned_drug_narcotic_equipment,property_burned_mean_value_drug_narcotic_equipment,property_burned_median_value_drug_narcotic_equipment,property_seized_buses,property_seized_mean_value_buses,property_seized_median_value_buses,property_counterfeited_structures_other_commercial_business,property_counterfeited_aircraft,property_counterfeited_mean_value_structures_other_commercial_business,property_counterfeited_mean_value_aircraft,property_counterfeited_median_value_structures_other_commercial_business,property_counterfeited_median_value_aircraft,property_burned_negotiable_instruments,property_burned_mean_value_negotiable_instruments,property_burned_median_value_negotiable_instruments,property_counterfeited_structures_other_dwellings,property_counterfeited_mean_value_structures_other_dwellings,property_counterfeited_median_value_structures_other_dwellings,property_seized_livestock,property_seized_mean_value_livestock,property_seized_median_value_livestock,property_counterfeited_bicycles,property_counterfeited_mean_value_bicycles,property_counterfeited_median_value_bicycles,property_counterfeited_buses,property_counterfeited_watercraft,property_counterfeited_structures_other,property_counterfeited_mean_value_buses,property_counterfeited_mean_value_watercraft,property_counterfeited_mean_value_structures_other,property_counterfeited_median_value_buses,property_counterfeited_median_value_watercraft,property_counterfeited_median_value_structures_other,property_seized_structures_industrial_manufacturing,property_seized_mean_value_structures_industrial_manufacturing,property_seized_median_value_structures_industrial_manufacturing,property_seized_structures_public_community,property_seized_mean_value_structures_public_community,property_seized_median_value_structures_public_community,property_seized_structures_other_commercial_business,property_seized_structures_storage,property_seized_mean_value_structures_other_commercial_business,property_seized_mean_value_structures_storage,property_seized_median_value_structures_other_commercial_business,property_seized_median_value_structures_storage,property_counterfeited_structures_storage,property_counterfeited_mean_value_structures_storage,property_counterfeited_median_value_structures_storage,property_stolen_recreational_sports_equipment,property_stolen_portible_electronic_communications,property_stolen_lawn_yard_garden_equipment,property_stolen_musical_instruments,property_stolen_building_materials,property_stolen_logging_equipment,property_stolen_pets,property_stolen_photographic_optical_equipment,property_stolen_weapons_other,property_stolen_chemicals,property_stolen_documents_personal_or_business,property_stolen_fuel,property_stolen_identity_intangible,property_stolen_identity_documents,property_stolen_metals_non_precious,property_stolen_trailers,property_stolen_aircraft_parts_accessories,property_stolen_camping_hunting_fishing_equipment_supplies,property_stolen_law_enforcement_equipment,property_stolen_firearm_accessories,property_stolen_watercraft_equipment_parts_accessories,property_stolen_medical_medical_lab_equipment,property_stolen_collections_collectibles,property_stolen_artistic_supplies_accessories,property_stolen_mean_value_recreational_sports_equipment,property_stolen_mean_value_portible_electronic_communications,property_stolen_mean_value_lawn_yard_garden_equipment,property_stolen_mean_value_musical_instruments,property_stolen_mean_value_building_materials,property_stolen_mean_value_logging_equipment,property_stolen_mean_value_pets,property_stolen_mean_value_photographic_optical_equipment,property_stolen_mean_value_weapons_other,property_stolen_mean_value_chemicals,property_stolen_mean_value_documents_personal_or_business,property_stolen_mean_value_fuel,property_stolen_mean_value_identity_intangible,property_stolen_mean_value_identity_documents,property_stolen_mean_value_metals_non_precious,property_stolen_mean_value_trailers,property_stolen_mean_value_aircraft_parts_accessories,property_stolen_mean_value_camping_hunting_fishing_equipment_supplies,property_stolen_mean_value_law_enforcement_equipment,property_stolen_mean_value_firearm_accessories,property_stolen_mean_value_watercraft_equipment_parts_accessories,property_stolen_mean_value_medical_medical_lab_equipment,property_stolen_mean_value_collections_collectibles,property_stolen_mean_value_artistic_supplies_accessories,property_stolen_median_value_recreational_sports_equipment,property_stolen_median_value_portible_electronic_communications,property_stolen_median_value_lawn_yard_garden_equipment,property_stolen_median_value_musical_instruments,property_stolen_median_value_building_materials,property_stolen_median_value_logging_equipment,property_stolen_median_value_pets,property_stolen_median_value_photographic_optical_equipment,property_stolen_median_value_weapons_other,property_stolen_median_value_chemicals,property_stolen_median_value_documents_personal_or_business,property_stolen_median_value_fuel,property_stolen_median_value_identity_intangible,property_stolen_median_value_identity_documents,property_stolen_median_value_metals_non_precious,property_stolen_median_value_trailers,property_stolen_median_value_aircraft_parts_accessories,property_stolen_median_value_camping_hunting_fishing_equipment_supplies,property_stolen_median_value_law_enforcement_equipment,property_stolen_median_value_firearm_accessories,property_stolen_median_value_watercraft_equipment_parts_accessories,property_stolen_median_value_medical_medical_lab_equipment,property_stolen_median_value_collections_collectibles,property_stolen_median_value_artistic_supplies_accessories,property_counterfeited_identity_intangible,property_counterfeited_identity_documents,property_counterfeited_documents_personal_or_business,property_counterfeited_mean_value_identity_intangible,property_counterfeited_mean_value_identity_documents,property_counterfeited_mean_value_documents_personal_or_business,property_counterfeited_median_value_identity_intangible,property_counterfeited_median_value_identity_documents,property_counterfeited_median_value_documents_personal_or_business,property_destroyed_building_materials,property_destroyed_metals_non_precious,property_destroyed_photographic_optical_equipment,property_destroyed_mean_value_building_materials,property_destroyed_mean_value_metals_non_precious,property_destroyed_mean_value_photographic_optical_equipment,property_destroyed_median_value_building_materials,property_destroyed_median_value_metals_non_precious,property_destroyed_median_value_photographic_optical_equipment,property_seized_identity_intangible,property_seized_photographic_optical_equipment,property_seized_weapons_other,property_seized_mean_value_identity_intangible,property_seized_mean_value_photographic_optical_equipment,property_seized_mean_value_weapons_other,property_seized_median_value_identity_intangible,property_seized_median_value_photographic_optical_equipment,property_seized_median_value_weapons_other,property_recovered_recreational_sports_equipment,property_recovered_documents_personal_or_business,property_recovered_identity_documents,property_recovered_logging_equipment,property_recovered_metals_non_precious,property_recovered_pets,property_recovered_photographic_optical_equipment,property_recovered_building_materials,property_recovered_musical_instruments,property_recovered_camping_hunting_fishing_equipment_supplies,property_recovered_fuel,property_recovered_identity_intangible,property_recovered_weapons_other,property_recovered_trailers,property_recovered_collections_collectibles,property_recovered_mean_value_recreational_sports_equipment,property_recovered_mean_value_documents_personal_or_business,property_recovered_mean_value_identity_documents,property_recovered_mean_value_logging_equipment,property_recovered_mean_value_metals_non_precious,property_recovered_mean_value_pets,property_recovered_mean_value_photographic_optical_equipment,property_recovered_mean_value_building_materials,property_recovered_mean_value_musical_instruments,property_recovered_mean_value_camping_hunting_fishing_equipment_supplies,property_recovered_mean_value_fuel,property_recovered_mean_value_identity_intangible,property_recovered_mean_value_weapons_other,property_recovered_mean_value_trailers,property_recovered_mean_value_collections_collectibles,property_recovered_median_value_recreational_sports_equipment,property_recovered_median_value_documents_personal_or_business,property_recovered_median_value_identity_documents,property_recovered_median_value_logging_equipment,property_recovered_median_value_metals_non_precious,property_recovered_median_value_pets,property_recovered_median_value_photographic_optical_equipment,property_recovered_median_value_building_materials,property_recovered_median_value_musical_instruments,property_recovered_median_value_camping_hunting_fishing_equipment_supplies,property_recovered_median_value_fuel,property_recovered_median_value_identity_intangible,property_recovered_median_value_weapons_other,property_recovered_median_value_trailers,property_recovered_median_value_collections_collectibles,property_burned_recreational_sports_equipment,property_burned_mean_value_recreational_sports_equipment,property_burned_median_value_recreational_sports_equipment,property_stolen_crops,property_stolen_explosives,property_stolen_mean_value_crops,property_stolen_mean_value_explosives,property_stolen_median_value_crops,property_stolen_median_value_explosives,property_destroyed_lawn_yard_garden_equipment,property_destroyed_medical_medical_lab_equipment,property_destroyed_portible_electronic_communications,property_destroyed_trailers,property_destroyed_law_enforcement_equipment,property_destroyed_recreational_sports_equipment,property_destroyed_artistic_supplies_accessories,property_destroyed_collections_collectibles,property_destroyed_watercraft_equipment_parts_accessories,property_destroyed_crops,property_destroyed_camping_hunting_fishing_equipment_supplies,property_destroyed_musical_instruments,property_destroyed_identity_documents,property_destroyed_pets,property_destroyed_weapons_other,property_destroyed_chemicals,property_destroyed_firearm_accessories,property_destroyed_fuel,property_destroyed_aircraft_parts_accessories,property_destroyed_logging_equipment,property_destroyed_documents_personal_or_business,property_destroyed_mean_value_lawn_yard_garden_equipment,property_destroyed_mean_value_medical_medical_lab_equipment,property_destroyed_mean_value_portible_electronic_communications,property_destroyed_mean_value_trailers,property_destroyed_mean_value_law_enforcement_equipment,property_destroyed_mean_value_recreational_sports_equipment,property_destroyed_mean_value_artistic_supplies_accessories,property_destroyed_mean_value_collections_collectibles,property_destroyed_mean_value_watercraft_equipment_parts_accessories,property_destroyed_mean_value_crops,property_destroyed_mean_value_camping_hunting_fishing_equipment_supplies,property_destroyed_mean_value_musical_instruments,property_destroyed_mean_value_identity_documents,property_destroyed_mean_value_pets,property_destroyed_mean_value_weapons_other,property_destroyed_mean_value_chemicals,property_destroyed_mean_value_firearm_accessories,property_destroyed_mean_value_fuel,property_destroyed_mean_value_aircraft_parts_accessories,property_destroyed_mean_value_logging_equipment,property_destroyed_mean_value_documents_personal_or_business,property_destroyed_median_value_lawn_yard_garden_equipment,property_destroyed_median_value_medical_medical_lab_equipment,property_destroyed_median_value_portible_electronic_communications,property_destroyed_median_value_trailers,property_destroyed_median_value_law_enforcement_equipment,property_destroyed_median_value_recreational_sports_equipment,property_destroyed_median_value_artistic_supplies_accessories,property_destroyed_median_value_collections_collectibles,property_destroyed_median_value_watercraft_equipment_parts_accessories,property_destroyed_median_value_crops,property_destroyed_median_value_camping_hunting_fishing_equipment_supplies,property_destroyed_median_value_musical_instruments,property_destroyed_median_value_identity_documents,property_destroyed_median_value_pets,property_destroyed_median_value_weapons_other,property_destroyed_median_value_chemicals,property_destroyed_median_value_firearm_accessories,property_destroyed_median_value_fuel,property_destroyed_median_value_aircraft_parts_accessories,property_destroyed_median_value_logging_equipment,property_destroyed_median_value_documents_personal_or_business,property_seized_chemicals,property_seized_documents_personal_or_business,property_seized_identity_documents,property_seized_recreational_sports_equipment,property_seized_portible_electronic_communications,property_seized_explosives,property_seized_firearm_accessories,property_seized_law_enforcement_equipment,property_seized_collections_collectibles,property_seized_trailers,property_seized_mean_value_chemicals,property_seized_mean_value_documents_personal_or_business,property_seized_mean_value_identity_documents,property_seized_mean_value_recreational_sports_equipment,property_seized_mean_value_portible_electronic_communications,property_seized_mean_value_explosives,property_seized_mean_value_firearm_accessories,property_seized_mean_value_law_enforcement_equipment,property_seized_mean_value_collections_collectibles,property_seized_mean_value_trailers,property_seized_median_value_chemicals,property_seized_median_value_documents_personal_or_business,property_seized_median_value_identity_documents,property_seized_median_value_recreational_sports_equipment,property_seized_median_value_portible_electronic_communications,property_seized_median_value_explosives,property_seized_median_value_firearm_accessories,property_seized_median_value_law_enforcement_equipment,property_seized_median_value_collections_collectibles,property_seized_median_value_trailers,property_counterfeited_collections_collectibles,property_counterfeited_medical_medical_lab_equipment,property_counterfeited_fuel,property_counterfeited_mean_value_collections_collectibles,property_counterfeited_mean_value_medical_medical_lab_equipment,property_counterfeited_mean_value_fuel,property_counterfeited_median_value_collections_collectibles,property_counterfeited_median_value_medical_medical_lab_equipment,property_counterfeited_median_value_fuel,property_recovered_chemicals,property_recovered_crops,property_recovered_portible_electronic_communications,property_recovered_explosives,property_recovered_lawn_yard_garden_equipment,property_recovered_firearm_accessories,property_recovered_law_enforcement_equipment,property_recovered_medical_medical_lab_equipment,property_recovered_artistic_supplies_accessories,property_recovered_watercraft_equipment_parts_accessories,property_recovered_aircraft_parts_accessories,property_recovered_mean_value_chemicals,property_recovered_mean_value_crops,property_recovered_mean_value_portible_electronic_communications,property_recovered_mean_value_explosives,property_recovered_mean_value_lawn_yard_garden_equipment,property_recovered_mean_value_firearm_accessories,property_recovered_mean_value_law_enforcement_equipment,property_recovered_mean_value_medical_medical_lab_equipment,property_recovered_mean_value_artistic_supplies_accessories,property_recovered_mean_value_watercraft_equipment_parts_accessories,property_recovered_mean_value_aircraft_parts_accessories,property_recovered_median_value_chemicals,property_recovered_median_value_crops,property_recovered_median_value_portible_electronic_communications,property_recovered_median_value_explosives,property_recovered_median_value_lawn_yard_garden_equipment,property_recovered_median_value_firearm_accessories,property_recovered_median_value_law_enforcement_equipment,property_recovered_median_value_medical_medical_lab_equipment,property_recovered_median_value_artistic_supplies_accessories,property_recovered_median_value_watercraft_equipment_parts_accessories,property_recovered_median_value_aircraft_parts_accessories,property_burned_building_materials,property_burned_crops,property_burned_lawn_yard_garden_equipment,property_burned_metals_non_precious,property_burned_camping_hunting_fishing_equipment_supplies,property_burned_photographic_optical_equipment,property_burned_trailers,property_burned_pets,property_burned_mean_value_building_materials,property_burned_mean_value_crops,property_burned_mean_value_lawn_yard_garden_equipment,property_burned_mean_value_metals_non_precious,property_burned_mean_value_camping_hunting_fishing_equipment_supplies,property_burned_mean_value_photographic_optical_equipment,property_burned_mean_value_trailers,property_burned_mean_value_pets,property_burned_median_value_building_materials,property_burned_median_value_crops,property_burned_median_value_lawn_yard_garden_equipment,property_burned_median_value_metals_non_precious,property_burned_median_value_camping_hunting_fishing_equipment_supplies,property_burned_median_value_photographic_optical_equipment,property_burned_median_value_trailers,property_burned_median_value_pets,property_counterfeited_crops,property_counterfeited_metals_non_precious,property_counterfeited_logging_equipment,property_counterfeited_photographic_optical_equipment,property_counterfeited_recreational_sports_equipment,property_counterfeited_trailers,property_counterfeited_musical_instruments,property_counterfeited_portible_electronic_communications,property_counterfeited_artistic_supplies_accessories,property_counterfeited_mean_value_crops,property_counterfeited_mean_value_metals_non_precious,property_counterfeited_mean_value_logging_equipment,property_counterfeited_mean_value_photographic_optical_equipment,property_counterfeited_mean_value_recreational_sports_equipment,property_counterfeited_mean_value_trailers,property_counterfeited_mean_value_musical_instruments,property_counterfeited_mean_value_portible_electronic_communications,property_counterfeited_mean_value_artistic_supplies_accessories,property_counterfeited_median_value_crops,property_counterfeited_median_value_metals_non_precious,property_counterfeited_median_value_logging_equipment,property_counterfeited_median_value_photographic_optical_equipment,property_counterfeited_median_value_recreational_sports_equipment,property_counterfeited_median_value_trailers,property_counterfeited_median_value_musical_instruments,property_counterfeited_median_value_portible_electronic_communications,property_counterfeited_median_value_artistic_supplies_accessories,property_destroyed_identity_intangible,property_destroyed_explosives,property_destroyed_mean_value_identity_intangible,property_destroyed_mean_value_explosives,property_destroyed_median_value_identity_intangible,property_destroyed_median_value_explosives,property_seized_camping_hunting_fishing_equipment_supplies,property_seized_lawn_yard_garden_equipment,property_seized_fuel,property_seized_medical_medical_lab_equipment,property_seized_artistic_supplies_accessories,property_seized_metals_non_precious,property_seized_musical_instruments,property_seized_watercraft_equipment_parts_accessories,property_seized_mean_value_camping_hunting_fishing_equipment_supplies,property_seized_mean_value_lawn_yard_garden_equipment,property_seized_mean_value_fuel,property_seized_mean_value_medical_medical_lab_equipment,property_seized_mean_value_artistic_supplies_accessories,property_seized_mean_value_metals_non_precious,property_seized_mean_value_musical_instruments,property_seized_mean_value_watercraft_equipment_parts_accessories,property_seized_median_value_camping_hunting_fishing_equipment_supplies,property_seized_median_value_lawn_yard_garden_equipment,property_seized_median_value_fuel,property_seized_median_value_medical_medical_lab_equipment,property_seized_median_value_artistic_supplies_accessories,property_seized_median_value_metals_non_precious,property_seized_median_value_musical_instruments,property_seized_median_value_watercraft_equipment_parts_accessories,property_burned_fuel,property_burned_explosives,property_burned_collections_collectibles,property_burned_logging_equipment,property_burned_medical_medical_lab_equipment,property_burned_identity_documents,property_burned_musical_instruments,property_burned_firearm_accessories,property_burned_weapons_other,property_burned_documents_personal_or_business,property_burned_artistic_supplies_accessories,property_burned_mean_value_fuel,property_burned_mean_value_explosives,property_burned_mean_value_collections_collectibles,property_burned_mean_value_logging_equipment,property_burned_mean_value_medical_medical_lab_equipment,property_burned_mean_value_identity_documents,property_burned_mean_value_musical_instruments,property_burned_mean_value_firearm_accessories,property_burned_mean_value_weapons_other,property_burned_mean_value_documents_personal_or_business,property_burned_mean_value_artistic_supplies_accessories,property_burned_median_value_fuel,property_burned_median_value_explosives,property_burned_median_value_collections_collectibles,property_burned_median_value_logging_equipment,property_burned_median_value_medical_medical_lab_equipment,property_burned_median_value_identity_documents,property_burned_median_value_musical_instruments,property_burned_median_value_firearm_accessories,property_burned_median_value_weapons_other,property_burned_median_value_documents_personal_or_business,property_burned_median_value_artistic_supplies_accessories,property_seized_pets,property_seized_crops,property_seized_building_materials,property_seized_mean_value_pets,property_seized_mean_value_crops,property_seized_mean_value_building_materials,property_seized_median_value_pets,property_seized_median_value_crops,property_seized_median_value_building_materials,property_counterfeited_aircraft_parts_accessories,property_counterfeited_lawn_yard_garden_equipment,property_counterfeited_chemicals,property_counterfeited_mean_value_aircraft_parts_accessories,property_counterfeited_mean_value_lawn_yard_garden_equipment,property_counterfeited_mean_value_chemicals,property_counterfeited_median_value_aircraft_parts_accessories,property_counterfeited_median_value_lawn_yard_garden_equipment,property_counterfeited_median_value_chemicals,property_burned_portible_electronic_communications,property_burned_chemicals,property_burned_watercraft_equipment_parts_accessories,property_burned_mean_value_portible_electronic_communications,property_burned_mean_value_chemicals,property_burned_mean_value_watercraft_equipment_parts_accessories,property_burned_median_value_portible_electronic_communications,property_burned_median_value_chemicals,property_burned_median_value_watercraft_equipment_parts_accessories,property_seized_aircraft_parts_accessories,property_seized_logging_equipment,property_seized_mean_value_aircraft_parts_accessories,property_seized_mean_value_logging_equipment,property_seized_median_value_aircraft_parts_accessories,property_seized_median_value_logging_equipment,property_counterfeited_building_materials,property_counterfeited_explosives,property_counterfeited_weapons_other,property_counterfeited_camping_hunting_fishing_equipment_supplies,property_counterfeited_law_enforcement_equipment,property_counterfeited_mean_value_building_materials,property_counterfeited_mean_value_explosives,property_counterfeited_mean_value_weapons_other,property_counterfeited_mean_value_camping_hunting_fishing_equipment_supplies,property_counterfeited_mean_value_law_enforcement_equipment,property_counterfeited_median_value_building_materials,property_counterfeited_median_value_explosives,property_counterfeited_median_value_weapons_other,property_counterfeited_median_value_camping_hunting_fishing_equipment_supplies,property_counterfeited_median_value_law_enforcement_equipment,property_counterfeited_firearm_accessories,property_counterfeited_mean_value_firearm_accessories,property_counterfeited_median_value_firearm_accessories,property_burned_law_enforcement_equipment,property_burned_mean_value_law_enforcement_equipment,property_burned_median_value_law_enforcement_equipment,property_counterfeited_watercraft_equipment_parts_accessories,property_counterfeited_mean_value_watercraft_equipment_parts_accessories,property_counterfeited_median_value_watercraft_equipment_parts_accessories,property_burned_identity_intangible,property_burned_mean_value_identity_intangible,property_burned_median_value_identity_intangible,property_counterfeited_pets,property_counterfeited_mean_value_pets,property_counterfeited_median_value_pets,property_burned_aircraft_parts_accessories,property_burned_mean_value_aircraft_parts_accessories,property_burned_median_value_aircraft_parts_accessories
OH0290100,2005,Fairborn Police Department,Ohio,32425,57,41,86,14,44,49,1,316,9,383,0,105,12,0,6,99,191,39,48,90,89,52,8,87,100,2,7,0,7,3,2,0,0,74,0,0,1,3,1,0,0,0,9761,352,56,974,403,2146,156,1135,160,492,0,771,76,0,21686,1770,495,198,272,1904,0,411,0,55,618,1560,301,0,14644,884,1833,0,0,169,0,0,0,172,156,0,0,0,3901,234,31,702,312,671,156,282,75,234,0,437,41,0,4358,655,312,45,234,780,0,39,0,31,242,1560,31,0,3120,780,1833,0,0,140,0,0,0,172,156,0,0,0,47,0,4,17,0,0,0,103,3,0,0,1,1,35,1,0,4,24,3,2,1,2,1,2,18,307,0,2,0,1,2,0,2,0,0,0,0,0,1,0,0,0,782,0,273,211,0,0,0,684,682,0,0,0,234,298,16,0,4691,362,426,312,55,1092,1560,0,678,613,0,2730,0,31,585,0,236,0,0,0,0,0,78,0,0,0,624,0,273,78,0,0,0,234,156,0,0,0,234,234,16,0,889,234,468,312,55,1092,1560,0,429,468,0,2730,0,31,585,0,236,0,0,0,0,0,78,0,0,0,18,1,0,1,0,1,0,1,6,0,0,1,5,0,0,0,1,1,0,0,0,1,0,0,0,0,0,0,3,0,0,0,0,0,0,0,0,0,14162,23,0,312,0,585,0,36,23632,0,0,10922,669,0,0,0,95,0,0,0,0,1716,0,0,0,0,0,0,32531,0,0,0,0,0,0,0,0,0,7801,23,0,312,0,585,0,36,441,0,0,10922,627,0,0,0,95,0,0,0,0,1716,0,0,0,0,0,0,32531,0,0,0,0,0,0,0,0,0,0,166,0,7,0,0,73,0,0,0,0,0,1,0,0,0,0,0,0,0,0,1,0,0,0,0,0,0,0,0,0,0,0,35,0,0,10,0,0,0,0,0,0,0,0,0,0,0,0,0,0,0,0,0,0,0,0,0,0,0,0,0,0,35,0,0,8,0,0,0,0,0,0,0,0,0,0,0,0,0,0,0,0,0,0,0,0,0,0,0,0,14,5,0,0,0,0,0,0,36,3,0,,1,0,0,0,0,0,0,0,0,,0,0,0,0,0,0,141,0,0,0,0,0,0,0,1886,0,0,,0,0,0,0,0,0,0,0,0,,0,0,0,0,0,0,31,0,0,0,0,0,0,0,612,0,0,,0,0,0,0,0,0,0,0,0,,0,0,0,0,0,0,2,4,1,3,0,0,1,1,2,0,0,1,0,0,0,0,1,0,0,0,0,0,0,0,0,0,0,0,0,,0,0,3901,172,624,117,0,0,15602,780,593,0,0,1560,0,0,0,0,0,0,0,0,0,0,0,0,0,0,0,0,0,,0,0,3901,78,624,117,0,0,15602,780,593,0,0,1560,0,0,0,0,0,0,0,0,0,0,0,0,0,0,0,0,0,,0,20,19,73,1,4,1,1,43,0,10,2,6,0,1,0,0,0,0,0,0,0,0,0,0,0,0,0,0,0,0,0,0,0,0,0,0,0,0,0,0,0,0,0,0,0,0,0,0,0,0,0,0,0,,0,0,0,,0,0,0,,0,0,0,0,0,0,0,0,0,0,0,0,0,0,0,0,0,0,0,0,0,0,0,0,0,0,0,0,0,0,0,0,0,0,0,0,0,0,0,0,0,0,0,0,0,0,0,0,0,0,0,0,0,0,0,0,0,0,0,0,0,0,0,0,0,0,0,0,0,0,0,,,,,,,,,,,,,,,,,,,,,,,,,,,,,,,,,,,,,,,,,,,,,,,,,,,,,,,,,,,,,,,,,,,,,,,,,,,,,,,,,,,,,,,,,,,,,,,,,,,,,,,,,,,,,,,,,,,,,,,,,,,,,,,,,,,,,,,,,,,,,,,,,,,,,,,,,,,,,,,,,,,,,,,,,,,,,,,,,,,,,,,,,,,,,,,,,,,,,,,,,,,,,,,,,,,,,,,,,,,,,,,,,,,,,,,,,,,,,,,,,,,,,,,,,,,,,,,,,,,,,,,,,,,,,,,,,,,,,,,,,,,,,,,,,,,,,,,,,,,,,,,,,,,,,,,,,,,,,,,,,,,,,,,,,,,,,,,,,,,,,,,,,,,,,,,,,,,,,,,,,,,,,,,,,,,,,,,,,,,,,,,,,,,,,,,,,,,,,,,,,,,,,,,,,,,,,,,,,,,,,,,,,,,,,,,,,,,,,,,,,,,,,,,,,,,,,,,,,,,,,,,,,,,,,,,
OH0290100,2006,Fairborn Police Department,Ohio,31689,70,37,72,9,24,41,0,258,4,344,2,99,9,0,4,42,144,17,45,55,92,54,4,69,85,6,7,0,1,0,0,0,1,47,0,0,1,6,1,1,0,0,6133,433,134,9066,325,1421,0,1216,2570,559,0,549,34,0,3231,1109,480,479,232,1205,0,1172,0,77,744,3905,40,0,0,0,0,0,0,196,0,0,24,85,378,1511,0,0,3023,145,33,453,72,484,0,302,2139,151,0,302,18,0,1852,756,302,27,227,756,0,38,0,30,302,756,0,0,0,0,0,0,0,76,0,0,24,79,378,1511,0,0,80,2,0,20,0,0,0,100,1,0,0,0,0,33,2,0,9,19,8,0,1,2,1,1,15,330,0,1,0,1,5,0,1,0,0,0,0,0,0,0,0,0,1174,83,0,218,0,0,0,426,195,0,0,0,0,369,113,0,752,442,946,0,76,19498,25695,38,1252,543,0,1965,0,301,8691,0,8,0,0,0,0,0,0,0,0,0,378,83,0,94,0,0,0,151,195,0,0,0,0,302,113,0,453,302,302,0,76,19498,25695,38,756,302,0,1965,0,301,1889,0,8,0,0,0,0,0,0,0,0,0,13,0,0,0,1,0,0,0,5,2,0,1,2,0,0,1,0,1,0,0,1,0,0,1,0,1,0,0,2,0,0,0,0,0,0,0,0,0,4484,0,0,0,642,0,0,0,32,227,0,4534,756,0,0,227,0,544,0,0,0,0,0,0,0,0,0,0,10580,0,0,0,0,0,0,0,0,0,3023,0,0,0,642,0,0,0,0,227,0,4534,756,0,0,227,0,544,0,0,0,0,0,0,0,0,0,0,10580,0,0,0,0,0,0,0,0,0,0,177,0,8,0,0,65,0,0,1,1,0,2,0,0,0,0,0,0,1,0,0,0,0,0,0,0,0,0,0,0,0,0,62,0,0,26,0,0,0,3,0,3,0,0,0,0,0,0,0,0,0,0,0,0,0,0,0,0,0,0,0,0,0,0,0,16,0,0,0,3,0,3,0,0,0,0,0,0,0,0,0,0,0,0,0,0,0,0,0,0,10,2,0,0,0,0,1,0,19,1,1,,0,0,0,0,0,0,0,0,0,,0,0,1,0,0,0,1139,0,0,0,0,0,726,0,1574,0,0,,0,0,0,0,0,0,0,0,0,,0,0,756,0,0,0,38,0,0,0,0,0,726,0,1001,0,0,,0,0,0,0,0,0,0,0,0,,0,0,756,0,0,0,1,2,0,0,0,0,0,0,1,0,0,0,0,0,0,0,0,0,0,0,0,0,0,0,0,0,0,0,0,,0,0,4534,60,0,0,0,0,0,0,302,0,0,0,0,0,0,0,0,0,0,0,0,0,0,0,0,0,0,0,0,,0,0,4534,60,0,0,0,0,0,0,302,0,0,0,0,0,0,0,0,0,0,0,0,0,0,0,0,0,0,0,0,,0,6,16,116,0,1,0,0,30,0,10,0,2,0,0,0,1,0,0,0,0,30,0,0,0,0,30,0,0,0,0,0,0,0,0,0,0,0,0,0,0,0,0,0,0,0,0,0,0,0,0,0,0,0,0,0,0,0,0,0,0,0,0,0,0,0,0,0,0,0,0,0,0,0,0,0,0,0,0,0,0,0,0,0,0,0,0,0,0,,,,0,0,0,0,0,0,0,0,0,0,0,0,0,0,0,0,0,0,,,,0,0,0,0,0,0,0,0,0,0,0,0,,,,0,0,0,0,0,0,,,,,,,,,,,,,,,,,,,,,,,,,,,,,,,,,,,,,,,,,,,,,,,,,,,,,,,,,,,,,,,,,,,,,,,,,,,,,,,,,,,,,,,,,,,,,,,,,,,,,,,,,,,,,,,,,,,,,,,,,,,,,,,,,,,,,,,,,,,,,,,,,,,,,,,,,,,,,,,,,,,,,,,,,,,,,,,,,,,,,,,,,,,,,,,,,,,,,,,,,,,,,,,,,,,,,,,,,,,,,,,,,,,,,,,,,,,,,,,,,,,,,,,,,,,,,,,,,,,,,,,,,,,,,,,,,,,,,,,,,,,,,,,,,,,,,,,,,,,,,,,,,,,,,,,,,,,,,,,,,,,,,,,,,,,,,,,,,,,,,,,,,,,,,,,,,,,,,,,,,,,,,,,,,,,,,,,,,,,,,,,,,,,,,,,,,,,,,,,,,,,,,,,,,,,,,,,,,,,,,,,,,,,,,,,,,,,,,,,,,,,,,,,,,,,,,,,,,,,,,,,,,,,,,,,
OH0290100,2007,Fairborn Police Department,Ohio,31705,62,42,50,19,46,33,0,238,4,390,0,135,13,0,5,31,141,22,57,71,115,38,5,65,65,1,3,0,0,0,0,0,1,67,0,1,0,2,0,0,0,0,5681,181,87,949,622,2337,0,3000,1356,620,0,448,41,0,4203,969,495,533,190,1546,0,850,0,69,709,8083,0,0,0,0,0,0,317,192,0,735,0,148,0,0,0,0,2939,82,35,567,126,1617,0,220,1396,147,0,338,28,0,3674,441,294,73,147,1242,0,169,0,29,220,8083,0,0,0,0,0,0,317,73,0,735,0,148,0,0,0,0,67,0,0,20,0,0,0,115,1,0,0,0,0,21,7,0,11,8,6,2,1,0,0,1,15,242,0,0,1,1,1,0,0,0,0,0,0,0,0,0,0,0,577,0,0,444,0,0,0,358,294,0,0,0,0,622,160,0,224,243,2132,29,12,0,0,294,1235,481,0,0,588,882,294,0,0,0,0,0,0,0,0,0,0,0,367,0,0,169,0,0,0,147,294,0,0,0,0,147,147,0,184,129,184,29,12,0,0,294,294,294,0,0,588,882,294,0,0,0,0,0,0,0,0,0,0,0,3,0,0,0,0,0,0,0,4,0,0,0,1,0,0,1,0,2,0,0,0,0,0,1,0,0,0,0,0,0,0,0,1,0,0,0,0,0,2645,0,0,0,0,0,0,0,393,0,0,0,588,0,0,2351,0,41,0,0,0,0,0,4964,0,0,0,0,0,0,0,0,15,0,0,0,0,0,2645,0,0,0,0,0,0,0,393,0,0,0,588,0,0,2351,0,41,0,0,0,0,0,4964,0,0,0,0,0,0,0,0,15,0,0,0,0,0,0,243,1,5,0,0,83,0,3,0,0,0,0,0,0,0,0,0,0,0,0,0,0,0,0,0,0,2,0,0,0,0,220,21,0,0,22,0,1350,0,0,0,0,0,0,0,0,0,0,0,0,0,0,0,0,0,0,15,0,0,0,0,220,15,0,0,12,0,514,0,0,0,0,0,0,0,0,0,0,0,0,0,0,0,0,0,0,15,0,0,0,1,8,0,0,0,0,0,0,14,0,2,,0,0,0,0,0,0,0,0,0,,0,0,0,0,0,0,63,4696,0,0,0,0,0,0,625,0,0,,0,0,0,0,0,0,0,0,0,,0,0,0,0,0,0,63,118,0,0,0,0,0,0,644,0,0,,0,0,0,0,0,0,0,0,0,,0,0,0,0,0,0,2,4,0,1,0,0,2,0,0,0,0,0,0,0,0,0,0,0,0,0,0,0,0,0,0,0,0,0,0,0,0,0,6246,152,0,0,0,0,514,0,0,0,0,0,0,0,0,0,0,0,0,0,0,0,0,0,0,0,0,0,0,0,0,0,6246,147,0,0,0,0,514,0,0,0,0,0,0,0,0,0,0,0,0,0,0,0,0,0,0,0,0,0,0,0,0,7,32,153,1,0,1,0,43,0,18,1,6,1,0,0,0,0,0,0,0,0,0,0,0,0,0,0,0,0,0,0,0,0,0,0,0,0,0,0,0,0,0,,0,0,,0,0,,0,0,0,0,,0,0,0,,0,0,0,,0,0,0,0,0,0,0,0,0,0,0,0,0,0,0,0,0,0,0,0,0,0,0,0,0,0,0,0,0,0,0,0,0,0,0,0,0,0,0,0,0,0,0,0,0,0,0,,,,0,0,0,0,0,0,0,0,0,,,,0,0,0,0,0,0,0,0,0,,,,,,,,,,,,,,,,,,,,,,,,,,,,,,,,,,,,,,,,,,,,,,,,,,,,,,,,,,,,,,,,,,,,,,,,,,,,,,,,,,,,,,,,,,,,,,,,,,,,,,,,,,,,,,,,,,,,,,,,,,,,,,,,,,,,,,,,,,,,,,,,,,,,,,,,,,,,,,,,,,,,,,,,,,,,,,,,,,,,,,,,,,,,,,,,,,,,,,,,,,,,,,,,,,,,,,,,,,,,,,,,,,,,,,,,,,,,,,,,,,,,,,,,,,,,,,,,,,,,,,,,,,,,,,,,,,,,,,,,,,,,,,,,,,,,,,,,,,,,,,,,,,,,,,,,,,,,,,,,,,,,,,,,,,,,,,,,,,,,,,,,,,,,,,,,,,,,,,,,,,,,,,,,,,,,,,,,,,,,,,,,,,,,,,,,,,,,,,,,,,,,,,,,,,,,,,,,,,,,,,,,,,,,,,,,,,,,,,,,,,,,,,,,,,,,,,,,,,,,,,,,,,,,,,,
OH0290100,2008,Fairborn Police Department,Ohio,32463,49,30,33,14,32,41,0,228,9,424,0,120,8,1,6,44,123,41,57,70,84,40,4,68,42,2,2,2,0,0,2,0,0,79,0,0,0,3,0,0,0,0,5208,265,141,746,2466,4800,0,2291,988,494,0,756,25,184,8232,1312,372,840,241,1660,0,627,0,88,553,672,0,92,0,0,14435,0,0,195,0,0,0,33,0,0,0,0,4246,92,26,708,407,708,0,212,637,113,0,318,23,184,7642,693,283,55,142,977,0,115,0,28,212,672,0,92,0,0,14435,0,0,57,0,0,0,14,0,0,0,0,41,2,1,20,0,0,1,103,7,0,0,0,0,17,3,0,5,7,5,0,1,0,0,0,9,207,0,0,1,0,2,0,0,0,0,0,0,0,0,1,0,0,1106,2285,45,199,0,0,778,332,1365,0,0,0,0,176,236,0,127,216,460,0,0,0,0,0,955,522,0,0,0,0,389,0,0,0,0,0,0,0,0,2547,0,0,283,2285,45,142,0,0,778,142,283,0,0,0,0,142,283,0,71,142,566,0,0,0,0,0,354,283,0,0,0,0,389,0,0,0,0,0,0,0,0,2547,0,0,3,0,0,1,0,1,0,0,4,1,0,0,2,0,0,0,0,0,0,0,2,1,0,0,0,0,0,0,0,0,0,0,0,0,0,0,0,0,4246,0,0,1981,0,3538,0,0,341,283,0,0,71,0,0,0,0,0,0,0,0,1415,0,0,0,0,0,0,0,0,0,0,0,0,0,0,0,0,4246,0,0,1981,0,3538,0,0,130,283,0,0,71,0,0,0,0,0,0,0,0,1415,0,0,0,0,0,0,0,0,0,0,0,0,0,0,0,0,0,284,0,12,0,0,76,0,2,2,0,0,1,0,0,0,0,0,0,0,0,0,0,0,0,0,0,0,0,0,0,0,0,131,0,0,19,0,11,1039,0,0,0,0,0,0,0,0,0,0,0,0,0,0,0,0,0,0,0,0,0,0,0,28,0,0,14,0,11,1039,0,0,0,0,0,0,0,0,0,0,0,0,0,0,0,0,0,0,0,0,0,4,6,0,0,0,0,0,0,12,3,0,,1,0,,0,0,0,0,0,,,0,0,0,0,0,0,363,702,0,0,0,0,0,0,2061,0,0,,0,0,,0,0,0,0,0,,,0,0,0,0,0,0,142,0,0,0,0,0,0,0,334,0,0,,0,0,,0,0,0,0,0,,,0,0,0,0,0,0,0,2,0,0,0,0,0,0,0,0,0,0,0,0,0,0,0,0,0,0,0,0,0,0,0,0,0,0,0,0,0,0,0,0,0,0,0,0,0,0,0,0,0,0,0,0,0,0,0,0,0,0,0,0,0,0,0,0,0,0,0,0,0,0,0,0,0,0,0,0,0,0,0,0,0,0,0,0,0,0,0,0,0,0,0,0,0,0,0,0,0,0,0,0,0,18,26,171,0,6,3,0,35,0,29,0,8,0,0,0,0,0,0,0,0,0,0,0,0,0,0,0,0,0,0,0,0,0,0,0,0,0,0,0,0,0,0,0,0,0,0,0,0,0,0,0,0,0,0,,0,0,0,,0,0,0,,0,0,0,0,0,0,0,0,0,0,0,0,0,0,0,0,0,0,0,0,0,0,0,0,0,,,,0,0,0,0,0,0,0,0,0,0,0,0,0,0,0,0,0,0,0,0,0,0,0,0,0,0,0,0,0,0,0,0,0,0,0,0,0,0,0,0,0,0,,,,,,,,,,,,,,,,,,,,,,,,,,,,,,,,,,,,,,,,,,,,,,,,,,,,,,,,,,,,,,,,,,,,,,,,,,,,,,,,,,,,,,,,,,,,,,,,,,,,,,,,,,,,,,,,,,,,,,,,,,,,,,,,,,,,,,,,,,,,,,,,,,,,,,,,,,,,,,,,,,,,,,,,,,,,,,,,,,,,,,,,,,,,,,,,,,,,,,,,,,,,,,,,,,,,,,,,,,,,,,,,,,,,,,,,,,,,,,,,,,,,,,,,,,,,,,,,,,,,,,,,,,,,,,,,,,,,,,,,,,,,,,,,,,,,,,,,,,,,,,,,,,,,,,,,,,,,,,,,,,,,,,,,,,,,,,,,,,,,,,,,,,,,,,,,,,,,,,,,,,,,,,,,,,,,,,,,,,,,,,,,,,,,,,,,,,,,,,,,,,,,,,,,,,,,,,,,,,,,,,,,,,,,,,,,,,,,,,,,,,,,,,,,,,,,,,,,,,,,,,,,,,,,,,,
OH0290100,2009,Fairborn Police Department,Ohio,32451,52,32,50,14,34,70,0,237,7,391,2,131,5,1,1,66,97,42,42,121,104,55,33,85,45,0,0,0,2,0,3,0,0,77,0,0,0,4,1,0,0,0,4692,330,73,703,374,2783,0,3025,728,554,0,830,155,142,11362,859,528,550,291,1634,0,491,0,116,627,0,0,0,9942,0,6183,0,0,183,0,0,0,27,852,0,0,0,2130,78,38,515,114,1136,0,251,142,156,0,426,13,142,11362,437,284,71,238,710,0,85,0,43,284,0,0,0,9942,0,2130,0,0,71,0,0,0,7,852,0,0,0,33,1,1,20,0,0,0,93,7,0,1,0,1,20,1,0,6,13,2,0,5,0,1,0,20,218,0,0,2,1,0,0,1,1,0,0,1,0,0,0,1,0,894,43,7,198,0,0,0,341,452,0,284,0,28,234,142,0,622,189,675,0,210,0,852,0,440,481,0,0,1207,852,0,0,320,142,0,0,7,0,0,0,0,0,355,43,7,142,0,0,0,195,284,0,284,0,28,178,142,0,142,142,675,0,87,0,852,0,355,355,0,0,1207,852,0,0,320,142,0,0,7,0,0,0,0,0,13,0,1,1,1,0,0,0,5,3,0,0,1,0,0,3,0,1,0,0,1,3,0,1,0,1,0,0,1,0,0,0,0,0,0,0,0,0,11575,0,0,426,0,0,0,0,497,291,0,0,0,0,0,71,0,0,0,0,0,0,0,0,0,0,0,0,0,0,0,0,0,0,0,0,0,0,2841,0,0,426,0,0,0,0,497,291,0,0,0,0,0,71,0,0,0,0,0,0,0,0,0,0,0,0,0,0,0,0,0,0,0,0,0,0,0,252,1,10,0,0,72,1,0,1,1,0,0,0,0,0,0,0,0,0,0,0,1,0,1,2,0,0,0,0,0,0,710,15,0,0,16,7,0,5610,21,0,0,0,0,0,0,0,0,0,0,0,14,0,0,3,0,0,0,0,0,0,710,4,0,0,9,7,0,5610,21,0,0,0,0,0,0,0,0,0,0,0,14,0,0,3,0,0,0,0,0,7,4,0,0,0,0,0,0,13,1,3,,0,0,0,0,0,0,0,0,0,0,0,0,0,0,0,0,443,886,0,0,0,0,0,0,592,0,0,,0,0,0,0,0,0,0,0,0,0,0,0,0,0,0,0,57,886,0,0,0,0,0,0,113,0,0,,0,0,0,0,0,0,0,0,0,0,0,0,0,0,0,0,0,5,0,0,0,0,0,0,0,0,0,0,0,0,0,0,0,0,0,0,0,0,0,0,0,0,0,0,0,0,0,0,0,864,0,0,0,0,0,0,0,0,0,0,0,0,0,0,0,0,0,0,0,0,0,0,0,0,0,0,0,0,0,0,0,142,0,0,0,0,0,0,0,0,0,0,0,0,0,0,0,0,0,0,0,0,0,0,0,0,0,0,0,0,0,0,21,161,1,9,8,1,24,2,35,0,10,0,0,0,1,0,0,0,0,28,0,0,0,0,28,0,0,0,0,0,0,0,0,0,0,0,0,0,0,0,0,,,0,,,0,,,0,,0,0,0,,0,0,0,,0,0,0,0,0,0,0,0,0,0,0,0,0,0,0,0,,0,0,0,,0,0,0,,0,0,0,,,,0,0,0,0,0,0,0,0,0,0,0,0,0,0,0,0,0,0,0,0,0,,0,0,,0,0,,0,0,0,0,0,0,0,0,0,0,0,0,0,0,,,,0,0,0,0,0,0,0,0,0,0,0,0,0,0,0,0,0,0,0,0,0,0,0,0,0,0,0,0,0,0,0,0,0,0,0,0,0,0,0,0,0,0,0,0,0,0,0,0,0,0,0,0,0,0,0,0,0,0,0,0,0,0,0,0,0,0,0,0,0,0,0,0,0,0,0,0,0,0,0,0,0,0,0,0,0,0,0,0,0,0,0,0,0,0,0,0,0,0,0,0,0,0,0,0,0,0,0,0,0,0,0,0,0,0,0,0,0,0,0,0,0,0,0,0,0,0,0,0,0,0,0,0,0,0,0,0,0,0,0,0,0,0,0,0,0,0,0,,,,,,,,,,,,,,,,,,,,,,,,,,,,,,,,,,,,,,,,,,,,,,,,,,,,,,,,,,,,,,,,,,,,,,,,,,,,,,,,,,,,,,,,,,,,,,,,,,,,,,,,,,,,,,,,,,,,,,,,,,,,,,,,,,,,,,,,,,,,,,,,,,,,,,,,,,,,,,,,,,,,,,,,,,,,,,,,,,,,,,,,,,,,,,,,,,,,,,,,,,,,,,,,,,,,,,,,,,,,,,,,,,,,,,,,,,,,,,,,,,,,,,,,,,,,,,,,,,,,,,,,,,,,,,,,,,,,,,,,,,,,,,,,,,,,,,,,,,,,,,,,,,,,,,,,,,,,,,,,,
OH0290100,2010,Fairborn Police Department,Ohio,31731,23,21,70,8,44,43,1,225,2,299,0,90,3,0,5,62,107,70,49,70,87,38,32,79,24,0,0,0,3,0,0,0,0,41,0,0,0,5,2,0,1,0,6715,768,1284,582,524,1933,112,773,70,1020,0,707,203,0,4192,939,404,1647,398,1090,0,438,0,94,1250,0,0,0,2329,0,0,0,0,153,0,0,0,168,908,0,0,0,4891,84,35,559,140,978,112,231,70,150,0,384,203,0,4541,419,279,224,210,838,0,101,0,42,112,0,0,0,2096,0,0,0,0,96,0,0,0,168,908,0,0,0,26,0,0,50,0,0,0,60,2,0,0,0,0,3,0,0,1,2,0,1,8,1,0,0,2,240,0,0,1,0,0,0,0,0,0,0,0,0,0,0,0,0,493,0,0,198,0,0,0,829,0,0,0,0,0,373,0,0,922,419,0,0,70,70,0,0,84,398,0,0,0,0,0,0,0,0,0,0,0,0,0,0,0,0,419,0,0,126,0,0,0,210,0,0,0,0,0,531,0,0,922,419,0,0,70,70,0,0,84,279,0,0,0,0,0,0,0,0,0,0,0,0,0,0,0,0,0,0,0,0,0,0,0,0,2,0,0,0,0,1,0,0,1,0,0,0,0,0,0,0,0,0,0,0,0,0,0,0,0,0,0,0,0,0,0,0,0,0,0,0,0,0,279,0,0,0,0,419,0,0,838,0,0,0,0,0,0,0,0,0,0,0,0,0,0,0,0,0,0,0,0,0,0,0,0,0,0,0,0,0,279,0,0,0,0,419,0,0,838,0,0,0,0,0,0,0,0,0,0,0,0,0,0,0,0,0,0,0,0,0,2,230,2,1,0,0,39,0,1,0,0,0,0,0,0,0,0,0,0,0,0,0,0,0,0,2,0,0,0,0,0,0,0,0,0,0,24,0,1770,0,0,0,0,0,0,0,0,0,0,0,0,0,0,0,0,0,0,0,0,0,0,0,0,0,0,0,21,0,1770,0,0,0,0,0,0,0,0,0,0,0,0,0,0,0,0,0,0,0,0,0,0,9,6,0,0,0,0,0,0,13,0,2,0,0,0,,0,0,0,0,0,,,0,0,0,0,0,0,2457,176,0,0,0,0,0,0,382,0,0,0,0,0,,0,0,0,0,0,,,0,0,0,0,0,0,2457,176,0,0,0,0,0,0,349,0,0,0,0,0,,0,0,0,0,0,,,0,0,0,0,0,0,3,3,0,1,0,0,0,0,0,0,0,0,0,0,0,1,0,0,0,0,0,0,0,0,0,0,0,0,0,0,0,0,9083,70078,0,0,0,0,0,0,0,0,0,0,0,0,0,16768,0,0,0,0,0,0,0,0,0,0,0,0,0,0,0,0,9083,70078,0,0,0,0,0,0,0,0,0,0,0,0,0,16768,0,0,0,0,0,0,0,0,0,0,0,0,0,0,0,3,8,133,0,1,1,0,40,1,36,1,21,1,0,0,0,0,0,0,0,0,0,0,0,0,0,0,0,0,0,0,0,0,0,0,0,0,0,0,0,0,0,0,0,0,0,0,0,0,0,0,0,0,0,0,0,0,0,0,0,0,0,0,0,0,0,0,0,0,0,0,0,0,0,0,0,0,0,0,0,0,0,0,0,0,0,0,0,,,,0,0,0,0,0,0,0,0,0,0,0,0,0,0,0,0,0,0,0,0,0,,0,0,,0,0,,0,0,0,0,0,0,0,0,0,0,0,0,0,0,,,,8,0,0,0,0,0,1,12,1,0,0,0,0,31,0,2,0,0,0,0,0,0,1,0,454,0,0,0,0,0,0,299,838,0,0,0,0,0,0,2236,0,0,0,0,0,0,182,0,524,0,0,0,0,0,0,160,838,0,0,0,0,0,0,2236,0,0,0,0,0,0,182,0,0,0,0,0,0,0,0,0,0,0,0,0,0,0,0,0,0,0,0,0,0,0,0,0,0,0,0,0,0,0,0,0,0,0,0,0,0,0,0,0,0,0,0,0,0,0,0,0,0,0,0,0,0,0,0,0,0,0,0,0,0,0,0,0,0,0,0,0,0,0,0,0,0,0,0,0,0,0,0,0,0,0,0,0,0,0,0,0,0,0,0,0,0,0,1,0,0,0,0,0,0,0,0,0,0,0,0,0,0,0,0,0,0,0,0,0,0,0,0,0,0,0,0,0,0,0,0,0,0,0,0,0,0,0,0,0,0,0,0,0,0,0,0,0,0,0,0,0,0,0,0,0,0,0,0,0,0,0,0,0,0,0,0,0,0,0,0,0,0,0,0,0,0,0,0,0,0,0,0,0,0,0,0,0,0,0,0,0,0,0,0,0,0,0,0,0,0,0,0,0,0,0,0,0,0,0,0,0,0,0,0,0,0,0,0,0,0,0,0,0,0,0,0,0,0,0,0,0,0,0,0,0,0,0,0,0,0,0,0,0,,,,,,,,,,,,,,,,,,,,,,,,,,,,,,,,,,,,,,,,,,,,,,,,,,,,,,,,,,,,,,,,,,,,,,,,,,,,,,,,,,,,,,,,,,,,,,,,,,,,,,,,,,,,,,,,,,,,,,,,,,,,,,,,,,,,,,,,,,,,,,,,,,,,,,,,,,,,
OH0290100,2011,Fairborn Police Department,Ohio,32376,33,23,82,15,59,53,0,216,2,340,0,94,6,2,2,50,90,84,48,109,82,43,14,75,10,1,1,0,2,1,0,1,1,30,0,0,0,2,0,0,0,0,7322,404,142,859,544,4008,0,748,8480,950,0,752,56,271,1355,1148,1026,694,242,1146,0,1411,0,89,440,2709,108,0,2371,677,0,6502,0,110,0,0,0,233,0,0,0,0,4132,203,54,677,196,2709,0,183,8480,271,0,406,45,271,1355,542,271,227,135,582,0,271,0,41,203,2709,108,0,2371,677,0,6502,0,68,0,0,0,233,0,0,0,0,56,1,0,26,0,0,0,90,0,0,0,0,0,10,0,0,8,12,0,0,4,0,0,0,6,156,0,2,1,1,1,0,0,0,0,0,0,0,0,0,0,0,2112,0,0,473,0,0,0,612,0,0,0,0,0,112,0,0,337,564,0,0,14,0,0,0,542,376,0,677,1371,0,203,0,0,0,0,0,0,0,0,0,0,0,1355,0,0,135,0,0,0,135,0,0,0,0,0,102,0,0,135,203,0,0,14,0,0,0,271,271,0,677,1371,0,203,0,0,0,0,0,0,0,0,0,0,0,16,1,5,2,1,4,2,0,12,1,0,0,0,2,0,3,9,1,0,0,1,3,0,2,1,3,0,0,1,0,0,1,0,0,0,0,0,0,7551,108,82,0,14,12056,45,0,357,0,0,0,0,149,0,181,181,41,0,0,0,97,0,0,0,203,0,0,677,0,0,135,0,0,0,0,0,0,2709,108,57,0,14,1355,45,0,169,0,0,0,0,149,0,135,43,41,0,0,0,97,0,0,0,41,0,0,677,0,0,135,0,0,0,0,0,0,2,149,0,1,1,0,29,0,2,0,0,0,0,0,0,0,0,0,0,0,1,0,1,0,0,2,0,0,0,0,0,0,0,0,0,0,33,0,0,0,0,0,0,0,0,0,0,0,0,0,0,0,0,0,0,28,0,0,0,0,0,0,0,0,0,0,17,0,0,0,0,0,0,0,0,0,0,0,0,0,0,0,0,0,0,28,0,0,0,0,0,0,2,0,0,0,0,0,0,11,0,5,,0,0,0,0,0,0,0,0,,,0,0,1,0,0,0,0,34,0,0,0,0,0,0,620,0,0,,0,0,0,0,0,0,0,0,,,0,0,0,0,0,0,0,34,0,0,0,0,0,0,704,0,0,,0,0,0,0,0,0,0,0,,,0,0,0,0,0,0,1,0,0,0,0,0,1,0,0,0,0,0,0,0,0,0,0,0,0,0,0,0,0,0,0,0,0,0,0,0,0,0,10837,0,0,0,0,0,13546,0,0,0,0,0,0,0,0,0,0,0,0,0,0,0,0,0,0,0,0,0,0,0,0,0,10837,0,0,0,0,0,13546,0,0,0,0,0,0,0,0,0,0,0,0,0,0,0,0,0,0,0,0,0,0,0,0,1,21,68,0,5,1,1,18,0,18,1,22,2,0,0,4,0,0,0,0,0,0,0,0,0,0,0,0,0,0,0,0,0,0,0,0,0,0,0,0,0,0,0,0,0,0,0,0,0,0,0,0,0,0,0,0,0,0,0,0,0,0,0,0,0,0,0,0,0,0,0,0,0,0,0,0,0,0,0,0,0,0,0,0,0,0,0,0,0,0,0,0,0,0,0,0,0,0,0,0,0,0,0,0,0,0,0,0,0,0,0,0,,0,0,,0,0,,0,0,0,0,0,0,0,0,0,0,0,0,0,0,0,0,0,5,0,0,0,0,0,2,20,2,0,0,0,0,20,0,0,0,0,0,0,0,0,3,0,2184,0,0,0,0,0,1422,350,2464,0,0,0,0,0,0,0,0,0,0,0,0,0,576,0,2120,0,0,0,0,0,1422,271,2464,0,0,0,0,0,0,0,0,0,0,0,0,0,271,0,0,0,0,0,0,0,0,0,0,0,0,0,0,0,0,0,0,0,,0,0,,0,0,,0,0,0,0,0,0,0,0,0,0,0,0,0,0,0,0,0,0,0,0,0,0,0,0,0,0,0,0,0,0,0,0,0,0,0,0,0,0,0,0,0,0,0,0,0,0,0,0,0,0,0,0,0,0,0,0,0,0,0,0,0,0,0,0,0,0,0,0,0,0,0,0,0,0,0,0,0,0,0,0,0,0,0,0,0,0,0,0,0,0,0,0,0,0,0,0,0,0,0,0,0,0,0,0,0,0,0,0,0,0,0,0,0,0,0,0,0,0,0,0,0,0,0,0,0,0,0,0,0,0,0,0,0,0,0,0,0,0,0,0,0,0,0,0,0,0,0,0,0,0,0,0,0,0,0,0,0,0,0,0,0,0,0,0,0,0,0,0,0,0,0,0,0,0,0,0,0,0,0,0,0,0,0,0,0,0,0,0,0,0,0,0,0,0,,0,0,0,,0,0,0,,0,0,0,,0,0,0,,0,0,0,,0,0,0,0,0,0,0,0,0,0,0,0,0,0,0,0,0,0,0,0,0,0,0,0,0,0,0,0,0,0,0,0,0,0,0,0,0,0,0,0,0,0,0,0,0,0,0,0,0,0,0,0,0,0,0,0,0,0,0,0,0,0,0,0,0,0,0,0,0,0,0,0,0,0,0,0,0,0,0,0,0,0,0,0,0,0,0,0,0,0,,,,,,,,,,,,,,,,,,,,,,,,,,,,,,,,,,,,,,,,,,,,,,,,,,,,,,,,,,,,,,,,,,
OH0290100,2012,Fairborn Police Department,Ohio,32618,35,26,27,23,29,45,0,180,5,363,0,86,7,0,3,35,74,28,20,113,66,30,4,61,3,2,1,0,1,0,0,1,0,61,0,0,0,2,0,0,0,0,5182,415,59,679,730,2196,0,1103,386,514,0,728,41,0,1548,1191,818,718,243,984,0,2319,0,145,125,1659,1327,0,796,0,0,664,0,129,0,0,0,60,0,0,0,0,3318,232,19,531,491,977,0,224,464,199,0,531,23,0,1327,478,265,220,149,664,0,27,0,53,27,1659,1327,0,796,0,0,664,0,66,0,0,0,60,0,0,0,0,68,0,0,23,0,0,2,77,3,0,0,0,0,2,0,0,19,11,0,0,4,2,0,0,3,114,0,0,2,0,3,0,0,0,0,0,0,0,0,0,0,0,1801,0,0,180,0,0,159,499,1456,0,0,0,0,166,0,0,458,430,0,0,146,431,0,0,942,531,0,0,664,0,2875,0,0,0,0,0,0,0,0,0,0,0,630,0,0,66,0,0,159,265,845,0,0,0,0,166,0,0,232,398,0,0,66,431,0,0,133,398,0,0,664,0,1327,0,0,0,0,0,0,0,0,0,0,0,25,3,5,1,4,3,2,2,37,6,0,1,5,2,3,4,6,1,0,0,12,8,0,1,0,4,0,0,0,0,0,0,1,0,0,0,0,0,5297,97,18,464,541,160,100,334,243,498,0,664,637,305,9,476,56,346,0,0,0,601,0,3042,0,50,0,0,0,0,0,0,40,0,0,0,0,0,3318,111,17,464,471,133,100,334,133,464,0,664,66,305,9,398,32,346,0,0,0,531,0,3042,0,53,0,0,0,0,0,0,40,0,0,0,0,0,0,142,0,0,0,0,20,0,1,0,0,1,0,2,0,0,0,0,0,0,0,0,0,0,0,0,0,0,0,0,0,0,0,0,0,0,12,0,0,0,0,2986,0,0,0,0,0,0,0,0,0,0,0,0,0,0,0,0,0,0,0,0,0,0,0,0,13,0,0,0,0,2986,0,0,0,0,0,0,0,0,0,0,0,0,0,0,0,0,0,0,0,2,6,0,0,0,0,0,0,12,0,1,0,0,0,0,0,0,0,0,0,,0,0,0,0,0,0,0,4545,0,0,0,0,0,0,0,5379,0,0,0,0,0,0,0,0,0,0,0,,0,0,0,0,0,0,0,4545,0,0,0,0,0,0,0,823,0,0,0,0,0,0,0,0,0,0,0,,0,0,0,0,0,0,0,0,1,0,0,0,0,0,0,0,0,0,0,0,0,0,0,0,0,0,0,0,0,0,0,0,0,0,0,0,0,0,0,0,5309,0,0,0,0,0,0,0,0,0,0,0,0,0,0,0,0,0,0,0,0,0,0,0,0,0,0,0,0,0,0,0,5309,0,0,0,0,0,0,0,0,0,0,0,0,0,0,0,0,0,0,0,0,0,0,0,0,0,0,0,0,0,0,19,83,0,1,1,0,2,0,25,0,9,0,0,0,0,0,0,0,0,0,0,0,0,0,0,0,0,0,0,0,0,0,0,0,0,0,0,0,0,0,0,0,0,0,0,0,0,0,0,0,0,0,,0,0,0,,0,0,0,,0,0,0,0,0,0,0,0,0,0,0,0,1,0,0,0,0,0,0,0,0,0,0,0,0,0,0,0,0,0,0,0,0,0,0,0,0,0,0,0,0,0,0,0,0,0,0,0,0,0,0,0,0,0,0,0,0,0,0,0,0,0,0,0,0,0,0,0,0,0,0,,,,6,17,9,1,0,0,2,12,3,0,4,1,9,25,1,1,0,0,0,6,0,1,3,1,741,436,332,743,0,0,1327,436,235,0,0,27,0,0,664,332,0,0,0,1237,0,133,973,133,146,398,199,743,0,0,1327,282,40,0,0,27,0,0,664,332,0,0,0,80,0,133,664,133,0,0,0,0,0,0,0,0,0,0,0,0,0,0,0,0,0,0,0,0,0,0,0,0,0,0,0,1,0,0,0,0,1,1,0,0,0,0,0,0,0,0,159,0,0,0,0,1991,398,0,0,0,0,0,0,0,0,159,0,0,0,0,1991,398,0,0,0,0,0,0,0,0,0,0,0,0,0,0,0,0,0,0,0,0,0,0,0,0,0,0,0,0,0,0,0,0,0,0,0,0,0,0,0,0,0,0,0,0,0,0,0,0,0,0,0,0,0,0,0,0,0,0,0,0,0,0,0,0,0,0,0,0,0,0,0,0,0,0,0,0,0,0,0,0,0,0,0,0,0,0,0,0,0,0,0,0,0,0,0,0,0,0,0,0,0,0,0,0,0,0,0,0,0,0,0,0,0,0,0,0,0,0,0,0,0,1,0,1,0,0,0,1,0,0,0,0,319,0,133,0,0,0,133,0,0,0,0,319,0,133,0,0,0,133,0,0,0,0,0,0,0,0,0,,0,0,0,0,0,0,0,,0,0,0,0,0,0,0,,0,0,,0,0,0,0,0,0,0,0,,0,0,0,0,0,0,0,0,,0,0,0,0,0,0,0,0,0,0,0,0,0,0,0,0,0,0,0,,0,0,0,0,0,0,0,,0,0,0,0,0,0,0,,0,0,0,,0,0,,,,0,0,0,0,0,,0,0,,,,0,0,0,0,0,,0,0,,,,0,0,0,0,0,0,0,0,0,0,0,0,0,0,0,0,0,0,0,0,0,0,0,0,0,0,0,0,0,,,,,,,,,,,,,,,,,,,,,,,,,,,,,,,,,,,,,,,
OH0290100,2013,Fairborn Police Department,Ohio,32820,26,29,17,14,39,49,0,198,3,290,0,58,6,1,2,45,59,25,51,105,82,26,1,66,6,2,1,0,0,1,2,0,0,75,0,0,0,2,0,0,0,0,8790,258,4122,1165,562,2093,0,1506,1977,858,0,543,16,523,2747,1145,1247,216,281,725,0,1140,0,57,262,1831,131,0,0,5886,1392,0,0,114,0,0,0,65,0,0,0,0,3924,131,19,327,262,980,0,262,2616,196,0,392,14,523,2747,757,242,98,196,523,0,144,0,33,327,1831,131,0,0,5886,1392,0,0,65,0,0,0,65,0,0,0,0,11,1,0,18,0,0,0,54,2,0,0,0,0,3,0,0,19,4,0,1,1,0,0,0,2,109,0,0,3,0,0,0,0,0,0,0,0,0,0,0,0,0,1445,196,0,419,0,0,0,298,587,0,0,0,0,240,0,0,555,115,0,98,65,0,0,0,49,524,0,0,719,0,0,0,0,0,0,0,0,0,0,0,0,0,262,196,0,262,0,0,0,131,587,0,0,0,0,262,0,0,196,131,0,98,65,0,0,0,49,268,0,0,719,0,0,0,0,0,0,0,0,0,0,0,0,0,17,2,4,1,2,2,3,0,23,2,0,0,8,3,3,5,7,0,0,0,1,5,0,3,1,9,0,0,2,0,0,0,1,0,0,0,0,0,6900,415,11,654,360,311,73,0,2335,836,0,0,668,881,8,175,60,0,0,0,0,605,0,287,0,49,0,0,56243,0,0,0,0,0,0,0,0,0,4251,415,12,654,360,311,26,0,105,836,0,0,131,1046,9,196,27,0,0,0,0,523,0,287,0,36,0,0,56243,0,0,0,0,0,0,0,0,0,1,203,0,7,0,0,10,0,0,1,0,0,0,0,0,0,0,0,0,0,0,0,0,0,0,0,0,0,0,0,20,0,0,0,0,0,12,0,0,0,0,0,0,0,0,0,0,0,0,0,0,0,0,0,0,0,0,0,0,0,20,0,0,0,0,0,13,0,0,0,0,0,0,0,0,0,0,0,0,0,0,0,0,0,0,0,0,0,0,0,0,3,0,0,0,0,0,0,0,17,0,9,0,0,0,0,0,0,0,0,0,0,,0,0,0,0,0,0,275,0,0,0,0,0,0,0,847,0,0,0,0,0,0,0,0,0,0,0,0,,0,0,0,0,0,0,288,0,0,0,0,0,0,0,785,0,0,0,0,0,0,0,0,0,0,0,0,,0,0,0,0,0,0,1,1,0,0,0,0,0,0,0,0,0,0,0,0,0,0,0,0,0,0,0,0,0,0,0,0,0,0,0,0,0,0,1962,0,0,0,0,0,0,0,0,0,0,0,0,0,0,0,0,0,0,0,0,0,0,0,0,0,0,0,0,0,0,0,1962,0,0,0,0,0,0,0,0,0,0,0,0,0,0,0,0,0,0,0,0,0,0,0,0,0,0,0,0,0,0,0,7,112,0,3,2,0,8,1,38,0,31,0,0,0,0,0,0,0,0,0,0,0,0,0,0,0,0,0,0,0,0,0,0,0,0,0,0,0,0,0,0,0,0,0,0,0,0,0,0,0,0,0,,0,0,0,,0,0,0,,0,0,0,0,0,0,0,0,0,0,0,0,0,0,0,0,0,0,0,0,0,0,0,0,0,0,0,0,0,0,0,0,0,0,0,0,0,0,0,0,0,0,0,0,0,0,0,,,,0,0,0,0,0,0,0,0,0,0,0,0,0,0,0,0,0,0,0,0,0,,,,5,39,16,10,0,0,2,7,5,0,6,1,24,25,3,0,1,1,0,1,2,2,4,0,759,393,812,2030,0,0,523,418,306,0,0,52,0,0,388,0,377,602,0,4316,589,340,3746,0,1046,262,356,497,0,0,523,445,213,0,0,52,0,0,131,0,377,602,0,4316,589,340,458,0,0,0,0,0,0,0,0,0,0,0,0,0,0,0,0,0,0,0,0,0,0,0,0,0,0,0,0,2,1,2,0,0,0,0,0,2,0,0,0,0,0,0,294,0,0,0,0,0,0,0,559,0,0,0,0,0,0,294,0,0,0,0,0,0,0,559,0,0,0,0,0,0,0,0,0,0,0,0,0,0,0,1,0,2,0,0,0,0,0,0,0,1,0,0,0,0,0,0,1,0,0,0,33,0,154,0,0,0,0,0,0,0,65,0,0,0,0,0,0,78,0,0,0,33,0,154,0,0,0,0,0,0,0,65,0,0,0,0,0,0,78,0,0,0,0,0,0,0,0,0,0,0,0,0,0,0,0,0,0,0,0,0,0,0,0,0,0,0,0,0,0,0,0,0,0,0,0,0,0,0,0,0,0,0,0,4,0,0,0,0,0,0,0,0,0,0,674,0,0,0,0,0,0,0,0,0,0,589,0,0,0,0,0,0,0,0,0,0,0,0,0,1,0,0,0,0,0,0,0,7,0,0,0,0,0,0,0,7,0,0,,0,,0,0,0,0,0,0,,0,,0,0,0,0,0,0,,0,,0,0,0,0,0,0,0,0,0,0,0,0,0,0,0,0,0,0,0,0,0,0,0,0,0,0,0,0,0,0,0,0,0,0,0,0,0,0,0,0,0,0,,,0,0,0,0,0,0,0,0,0,,,0,0,0,0,0,0,0,0,0,,,0,0,0,0,0,0,0,0,0,0,0,0,,0,0,,0,0,,0,0,0,,0,0,,0,0,,0,0,0,0,0,0,0,0,0,0,0,0,0,0,0,0,0,0,0,0,0,0,,,,,,,,,,,,,,,,,,
OH0290100,2014,Fairborn Police Department,Ohio,33276,22,27,27,19,32,47,0,244,2,307,0,71,6,1,6,35,71,19,58,118,89,35,6,71,2,1,0,0,1,0,1,0,0,51,0,0,0,2,0,0,0,0,10591,319,526,1703,473,2569,0,1121,179,592,0,630,298,1416,3014,2645,372,278,363,603,0,451,0,77,2471,6757,0,0,10297,0,1545,0,0,88,0,0,0,161,0,0,0,0,6435,142,27,776,193,1287,0,193,179,177,0,386,36,1416,1931,609,193,43,222,391,0,64,0,39,2471,6757,0,0,10297,0,1545,0,0,58,0,0,0,161,0,0,0,0,5,2,0,25,0,0,0,60,3,0,0,0,0,1,3,0,16,6,0,1,1,0,0,0,2,117,0,1,3,0,0,0,0,0,0,0,1,0,0,0,0,0,2848,695,0,753,0,0,0,357,215,0,0,0,0,64,513,0,380,145,0,772,129,0,0,0,1245,541,0,386,553,0,0,0,0,0,0,0,103,0,0,0,0,0,483,695,0,129,0,0,0,129,154,0,0,0,0,64,193,0,161,129,0,772,129,0,0,0,1245,322,0,386,257,0,0,0,0,0,0,0,103,0,0,0,0,0,19,6,12,6,5,7,8,0,27,4,0,2,5,2,2,6,15,0,0,0,8,8,0,2,0,7,0,0,0,0,0,0,4,0,0,0,0,0,14260,121,16,577,298,1105,472,0,766,293,0,1738,142,887,25,241,338,0,0,0,0,351,0,0,0,43,0,0,0,0,0,0,30,0,0,0,0,0,10297,97,6,772,257,933,515,0,64,180,0,1738,58,887,25,209,79,0,0,0,0,257,0,0,0,39,0,0,0,0,0,0,26,0,0,0,0,0,0,239,1,2,0,0,32,0,0,0,0,0,0,0,0,0,0,0,0,0,0,0,0,0,0,0,0,0,0,0,0,0,64,0,0,0,15,0,0,0,0,0,0,0,0,0,0,0,0,0,0,0,0,0,0,0,0,0,0,0,0,0,64,0,0,0,13,0,0,0,0,0,0,0,0,0,0,0,0,0,0,0,0,0,0,0,0,0,0,0,0,8,3,0,0,0,0,0,0,11,0,8,,0,1,0,0,0,0,0,0,0,,0,0,0,0,0,0,68,0,0,0,0,0,0,0,747,0,0,,0,39,0,0,0,0,0,0,0,,0,0,0,0,0,0,64,0,0,0,0,0,0,0,206,0,0,,0,39,0,0,0,0,0,0,0,,0,0,0,0,0,0,1,2,0,1,0,0,1,0,0,0,0,1,0,0,0,0,0,0,0,0,0,0,0,0,0,0,0,0,0,,0,0,12871,161,0,1287,0,0,45048,0,0,0,0,1287,0,0,0,0,0,0,0,0,0,0,0,0,0,0,0,0,0,,0,0,12871,161,0,1287,0,0,45048,0,0,0,0,1287,0,0,0,0,0,0,0,0,0,0,0,0,0,0,0,0,0,,0,0,16,105,0,23,0,0,9,0,34,0,54,0,0,0,0,0,0,0,0,0,0,0,0,0,0,0,0,0,0,0,0,0,0,0,0,0,0,0,0,0,0,0,0,0,0,0,0,0,0,0,0,0,0,0,0,0,0,0,0,0,0,0,0,0,0,0,0,0,0,0,0,0,0,0,0,0,0,0,0,0,0,0,0,0,0,0,0,0,0,0,0,0,0,0,0,0,0,0,0,0,0,0,0,0,0,0,0,0,0,0,0,,,0,,,0,,,0,0,0,0,0,0,0,0,0,0,0,0,0,,,,6,57,18,8,0,1,0,10,4,1,13,2,3,36,4,0,0,3,0,3,0,1,5,0,225,396,686,1787,0,154,0,414,721,51,0,18,0,0,1754,0,0,236,0,211,0,3861,194,0,225,322,180,784,0,154,0,245,502,51,0,18,0,0,1545,0,0,90,0,71,0,3861,206,0,0,0,1,0,0,0,0,0,0,0,0,1,0,0,386,0,0,386,0,0,0,0,0,0,0,0,0,1,3,2,0,0,0,0,0,0,0,0,0,0,1,0,257,0,0,0,0,0,0,0,0,0,0,0,0,4505,0,257,0,0,0,0,0,0,0,0,0,0,0,0,4505,0,0,0,0,1,0,0,0,0,0,1,0,2,1,0,0,0,0,0,0,0,0,0,0,0,0,0,0,0,0,0,193,0,611,5406,0,0,0,0,0,0,0,0,0,0,0,0,0,0,0,0,0,193,0,611,5406,0,0,0,0,0,0,0,0,0,0,0,0,0,0,0,0,0,0,0,0,0,0,0,0,0,0,0,0,0,0,0,0,0,0,0,0,0,0,0,0,0,0,0,0,0,0,0,0,0,0,0,0,0,0,0,0,0,1,3,0,1,1,0,0,0,0,0,0,0,279,0,77,3,0,0,0,0,0,0,0,259,0,77,3,0,0,0,0,0,0,0,0,0,0,0,0,0,0,0,0,0,0,0,0,0,0,0,0,0,0,0,0,0,,0,,,,0,0,0,0,,0,,,,0,0,0,0,,0,,,,0,0,0,0,0,0,0,0,0,0,0,0,0,0,0,0,0,0,0,0,0,0,0,0,0,0,0,0,0,0,0,0,0,0,0,0,0,,0,0,0,,0,0,0,0,0,0,,0,0,0,,0,0,0,0,0,0,,0,0,0,,0,0,0,0,0,0,0,0,0,0,0,0,0,,0,0,,0,0,,0,0,0,0,0,0,0,0,0,0,0,,0,,0,,0,,0,0,0,0,,0,0,0,0,,0,0,0,,,,,,,,,,,,,,,,,,
OH0290100,2015,Fairborn Police Department,Ohio,33423,32,41,19,22,35,50,0,200,2,281,0,66,7,0,1,47,42,23,26,73,81,13,2,69,9,0,1,0,1,1,0,0,0,48,0,0,0,2,0,0,0,0,6029,295,18,827,323,2236,0,1276,138,1213,0,501,32,0,1928,1345,276,5865,306,769,0,1053,0,98,377,0,7713,0,15041,900,0,0,0,137,0,0,0,80,0,0,0,0,3857,84,10,574,141,643,0,217,138,154,0,386,23,0,1928,453,129,77,192,514,0,157,0,39,482,0,7713,0,15041,900,0,0,0,116,0,0,0,80,0,0,0,0,7,0,0,12,0,0,0,61,4,0,0,0,0,1,0,0,23,9,0,0,3,1,0,0,1,115,0,1,0,0,0,0,0,0,0,0,0,0,0,0,0,0,848,0,0,166,0,0,0,391,434,0,0,0,0,64,0,0,263,189,0,0,84,1928,0,0,1543,591,0,96,0,0,0,0,0,0,0,0,0,0,0,0,0,0,579,0,0,129,0,0,0,129,354,0,0,0,0,64,0,0,193,129,0,0,84,1928,0,0,1543,321,0,96,0,0,0,0,0,0,0,0,0,0,0,0,0,0,27,6,9,1,2,2,3,1,23,2,0,1,1,3,3,4,10,0,0,0,7,7,0,1,0,8,0,0,0,0,0,0,3,0,0,0,0,0,6822,96,13,450,129,1948,583,19,200,402,0,1928,0,788,17,154,103,0,0,0,0,835,0,0,0,30,0,0,0,0,0,0,103,0,0,0,0,0,4499,58,10,450,129,1948,386,19,133,402,0,1928,0,836,13,129,114,0,0,0,0,643,0,0,0,32,0,0,0,0,0,0,39,0,0,0,0,0,0,358,1,13,0,0,28,0,0,0,0,0,0,0,0,0,0,0,0,0,0,0,0,0,0,0,0,0,0,0,0,0,0,6,0,0,8,0,0,0,0,0,0,0,0,0,0,0,0,0,0,0,0,0,0,0,0,0,0,0,0,0,0,6,0,0,6,0,0,0,0,0,0,0,0,0,0,0,0,0,0,0,0,0,0,0,0,0,0,0,0,4,2,0,0,0,0,0,0,13,1,6,0,0,1,0,0,0,0,0,0,0,0,0,0,0,0,0,0,86,0,0,0,0,0,0,0,2791,0,0,0,0,0,0,0,0,0,0,0,0,0,0,0,0,0,0,0,103,0,0,0,0,0,0,0,539,0,0,0,0,0,0,0,0,0,0,0,0,0,0,0,0,0,0,0,0,1,0,0,0,1,1,0,0,0,0,0,0,0,0,0,0,0,0,0,0,0,0,0,0,0,0,0,0,0,0,0,0,0,0,0,0,6428,12856,0,0,0,0,0,0,0,0,0,0,0,0,0,0,0,0,0,0,0,0,0,0,0,0,0,0,0,0,0,0,6428,12856,0,0,0,0,0,0,0,0,0,0,0,0,0,0,0,0,0,0,0,0,0,0,0,0,0,23,145,0,37,0,0,4,0,51,0,99,0,0,0,0,0,0,0,0,0,0,0,0,0,0,0,0,0,0,0,0,0,0,0,0,0,0,0,0,0,0,0,0,0,0,0,0,0,0,0,0,0,,0,0,0,,0,0,0,,0,0,0,0,0,0,0,0,0,0,0,0,0,0,,0,0,0,,0,0,0,,0,0,0,0,0,0,,,,0,0,0,0,0,0,,,,0,0,0,0,0,0,0,0,0,,0,0,,0,0,,0,0,0,0,0,,,,0,0,0,0,0,0,0,0,0,9,59,14,8,0,0,1,2,5,0,17,4,22,21,2,1,0,1,0,4,0,4,4,0,744,345,318,1519,0,0,193,225,296,0,0,53,0,0,19,1800,0,450,0,167,0,370,209,0,321,206,161,611,0,0,193,225,154,0,0,44,0,0,19,1800,0,450,0,100,0,386,193,0,0,1,0,0,0,0,0,0,0,0,0,0,0,0,0,0,0,0,0,0,0,0,0,0,0,0,0,1,0,1,0,0,1,0,0,3,0,1,0,0,0,0,321,0,0,0,0,193,0,0,836,0,35,0,0,0,0,321,0,0,0,0,193,0,0,386,0,35,0,0,0,0,0,0,0,0,0,0,0,0,0,0,0,2,0,0,0,0,0,0,0,0,0,0,0,0,0,0,0,0,0,0,0,0,546,0,0,0,0,0,0,0,0,0,0,0,0,0,0,0,0,0,0,0,0,546,0,0,0,0,0,0,0,0,0,0,0,0,0,0,0,0,0,0,1,0,0,0,0,0,0,0,0,0,0,0,0,0,0,0,0,0,0,0,0,0,0,0,0,0,0,0,0,0,0,0,0,0,0,0,0,0,0,0,0,7,0,0,0,0,0,0,0,0,0,0,327,0,0,0,0,0,0,0,0,0,0,321,0,0,0,0,0,0,0,0,0,0,0,0,0,,0,0,0,0,0,0,0,,0,0,0,0,0,0,0,,0,0,,0,,0,0,0,,0,0,,0,,0,0,0,,0,0,,0,,0,0,0,,0,0,0,0,0,0,0,0,0,0,0,0,0,0,0,0,0,0,0,0,0,0,0,0,0,0,0,0,0,0,0,0,0,0,0,0,0,0,0,0,0,0,0,0,0,0,0,0,0,0,0,0,0,0,0,0,0,0,0,0,0,0,0,0,0,0,0,0,0,0,0,0,0,0,,0,0,,0,0,,0,0,0,0,0,0,0,0,0,0,0,0,,0,,0,,0,0,,0,0,0,0,,0,0,0,0,,0,0,0,0,0,0,0,0,,,,,,,,,,,,
OH0290100,2016,Fairborn Police Department,Ohio,33587,54,28,13,17,42,35,0,228,2,310,0,60,7,2,2,43,52,13,26,68,115,24,1,72,5,2,0,0,0,0,2,0,0,49,0,0,0,2,0,0,0,0,5238,861,35,1164,947,3763,0,1319,83,531,0,783,45,533,3174,985,563,276,307,742,0,884,0,83,89,3523,0,0,0,0,31998,0,0,64,0,0,0,66,0,0,0,0,3809,140,19,698,324,698,0,254,83,140,0,540,24,533,3174,381,102,85,127,413,0,571,0,38,71,3523,0,0,0,0,31998,0,0,63,0,0,0,66,0,0,0,0,4,0,0,21,0,0,0,74,3,0,0,0,0,1,0,0,24,0,1,0,0,0,0,0,0,87,0,0,0,0,0,0,0,0,0,0,0,0,0,0,0,0,1387,0,0,361,0,0,0,411,296,0,0,0,0,635,0,0,289,0,1523,0,0,0,0,0,0,536,0,0,0,0,0,0,0,0,0,0,0,0,0,0,0,0,222,0,0,254,0,0,0,127,229,0,0,0,0,635,0,0,254,0,1523,0,0,0,0,0,0,254,0,0,0,0,0,0,0,0,0,0,0,0,0,0,0,0,40,7,3,1,2,2,7,0,22,1,0,0,12,2,1,2,6,0,1,0,5,3,0,0,0,8,0,0,0,0,0,0,1,0,0,0,0,0,6878,73,6,63,76,381,272,0,138,1079,0,0,62,508,152,660,67,0,698,0,0,592,0,0,0,26,0,0,0,0,0,0,13,0,0,0,0,0,3809,63,6,63,76,381,35,0,49,1079,0,0,56,508,152,660,55,0,698,0,0,634,0,0,0,19,0,0,0,0,0,0,13,0,0,0,0,0,0,326,1,2,0,0,40,0,0,0,0,0,0,0,0,0,0,0,0,0,0,0,0,0,0,0,0,0,0,0,0,0,508,0,0,0,13,0,0,0,0,0,0,0,0,0,0,0,0,0,0,0,0,0,0,0,0,0,0,0,0,0,508,0,0,0,13,0,0,0,0,0,0,0,0,0,0,0,0,0,0,0,0,0,0,0,0,0,0,0,0,6,1,0,0,0,0,0,0,5,0,3,,0,0,,0,0,0,0,0,0,0,0,0,0,0,0,0,446,0,0,0,0,0,0,0,159,0,0,,0,0,,0,0,0,0,0,0,0,0,0,0,0,0,0,325,0,0,0,0,0,0,0,159,0,0,,0,0,,0,0,0,0,0,0,0,0,0,0,0,0,0,0,4,1,1,0,0,2,0,0,0,0,0,0,0,0,0,0,0,0,0,0,0,0,0,0,0,0,0,0,0,0,0,0,1069,101564,1270,0,0,50782,0,0,0,0,0,0,0,0,0,0,0,0,0,0,0,0,0,0,0,0,0,0,0,0,0,0,1270,101564,1270,0,0,50782,0,0,0,0,0,0,0,0,0,0,0,0,0,0,0,0,0,0,0,0,0,0,0,0,0,20,114,0,25,0,0,5,1,62,0,101,0,0,0,0,0,0,0,0,0,0,0,0,0,0,0,0,0,0,0,0,0,0,0,0,0,0,0,0,0,0,0,0,0,0,0,0,0,0,0,0,0,0,0,0,0,0,0,0,0,0,0,0,0,0,0,0,0,0,0,0,0,0,0,0,0,0,0,0,0,0,0,0,0,0,0,0,0,0,0,0,0,0,0,0,0,0,0,0,0,0,0,0,0,0,0,0,0,0,0,0,0,,0,0,,0,0,,0,0,0,0,0,0,0,0,0,0,0,0,0,0,0,0,9,79,26,7,0,0,3,4,1,0,10,3,18,29,1,4,0,4,1,5,0,2,3,0,1341,404,609,1239,0,0,317,178,127,0,0,31,0,0,6,2333,0,102,762,90,0,60,1244,0,336,254,286,635,0,0,317,171,127,0,0,32,0,0,6,2539,0,57,762,51,0,60,508,0,0,1,0,0,0,0,0,0,0,0,1,0,0,127,0,0,127,0,0,0,0,0,0,0,0,0,0,0,0,0,0,0,1,0,0,0,0,0,0,0,0,0,0,0,0,0,0,254,0,0,0,0,0,0,0,0,0,0,0,0,0,0,254,0,0,0,0,0,0,0,0,0,0,0,0,0,0,0,0,0,0,3,0,4,0,0,0,0,0,0,0,0,0,0,0,0,0,0,0,0,0,0,174,0,232,0,0,0,0,0,0,0,0,0,0,0,0,0,0,0,0,0,0,114,0,209,0,0,0,0,0,0,0,0,0,0,0,0,0,0,0,0,0,0,0,0,0,0,0,0,0,0,0,0,0,0,0,0,0,0,0,0,0,0,0,0,0,0,0,0,0,0,0,0,0,0,0,0,0,0,0,0,0,0,0,8,0,1,1,0,0,0,0,0,0,0,544,0,241,51,0,0,0,0,0,0,0,590,0,241,51,0,0,0,0,0,0,0,0,0,0,0,0,0,0,0,0,0,0,0,0,0,0,0,0,0,0,0,0,0,,0,0,0,0,0,0,0,0,,0,0,0,0,0,0,0,0,,0,0,0,0,0,0,0,0,0,0,0,0,0,0,0,0,0,0,0,0,0,0,0,0,0,0,0,0,0,0,0,0,0,0,0,0,0,0,0,0,0,0,0,0,0,,,0,0,0,0,0,0,0,0,0,,,0,0,0,0,0,0,0,0,0,,,0,0,0,0,0,0,0,0,0,0,0,0,0,0,0,0,0,0,0,0,0,0,0,0,0,0,0,0,0,0,0,0,0,0,0,0,0,0,0,0,0,0,0,0,0,0,0,0,0,0,,,,,,,0,0,0,0,0,0,,,,,,
OH0290100,2017,Fairborn Police Department,Ohio,33936,52,33,19,13,22,39,0,165,0,289,0,35,8,0,4,35,34,17,16,55,75,9,1,47,2,2,0,0,1,1,0,1,0,41,0,0,0,1,0,0,0,0,7478,350,95,623,1261,4346,0,2719,0,601,0,776,50,0,4209,1724,197,1533,260,782,0,1341,0,143,292,4226,0,0,0,249,0,186461,0,153,0,0,0,0,0,0,0,0,4351,143,22,404,155,684,0,265,0,124,0,497,31,0,2797,1119,71,190,186,497,0,948,0,37,292,4226,0,0,0,249,0,186461,0,62,0,0,0,0,0,0,0,0,22,1,0,15,0,0,1,79,1,0,0,0,0,0,0,0,23,3,1,0,0,0,0,0,2,57,0,1,1,0,0,0,0,0,0,0,0,0,0,0,0,0,1579,62,0,135,0,0,6215,401,1616,0,0,0,0,0,0,0,407,207,622,0,0,0,0,0,373,429,0,622,392,0,0,0,0,0,0,0,0,0,0,0,0,0,622,62,0,62,0,0,6215,249,1616,0,0,0,0,0,0,0,249,249,622,0,0,0,0,0,373,311,0,622,392,0,0,0,0,0,0,0,0,0,0,0,0,0,47,4,6,3,2,4,2,0,23,2,0,3,7,1,2,5,5,0,1,0,4,4,0,2,0,5,0,0,3,0,0,0,0,0,0,0,0,0,8372,18,18,559,47,9,994,0,147,715,0,4303,68,0,6,254,93,0,3978,0,0,737,0,0,0,133,0,0,3729,0,0,0,0,0,0,0,0,0,6215,19,7,559,47,9,994,0,34,715,0,3729,50,0,6,124,32,0,3978,0,0,435,0,0,0,62,0,0,3729,0,0,0,0,0,0,0,0,0,0,406,0,0,0,0,40,0,0,0,0,0,0,0,0,0,0,0,0,0,0,0,0,0,0,0,0,0,0,0,0,0,0,0,0,0,9,0,0,0,0,0,0,0,0,0,0,0,0,0,0,0,0,0,0,0,0,0,0,0,0,0,0,0,0,0,6,0,0,0,0,0,0,0,0,0,0,0,0,0,0,0,0,0,0,0,0,0,0,0,0,7,4,0,0,0,0,0,0,5,0,3,0,0,0,0,0,0,0,0,0,0,,0,0,0,0,0,0,2036,2548,0,0,0,0,0,0,25,0,0,0,0,0,0,0,0,0,0,0,0,,0,0,0,0,0,0,2073,2548,0,0,0,0,0,0,25,0,0,0,0,0,0,0,0,0,0,0,0,,0,0,0,0,0,0,2,1,1,0,,0,0,0,0,0,0,0,0,0,0,0,0,0,0,0,0,0,0,0,0,0,0,0,0,0,0,0,8702,373,12431,0,,0,0,0,0,0,0,0,0,0,0,0,0,0,0,0,0,0,0,0,0,0,0,0,0,0,0,0,8702,373,12431,0,,0,0,0,0,0,0,0,0,0,0,0,0,0,0,0,0,0,0,0,0,0,0,0,0,0,0,0,27,107,1,116,1,0,2,1,70,0,80,0,1,0,0,0,0,0,0,0,0,0,0,0,0,0,0,0,0,0,0,0,0,0,0,0,0,0,0,0,0,0,0,0,0,0,0,0,0,0,0,0,0,0,0,0,0,0,0,0,0,0,0,0,0,0,0,0,0,0,0,0,0,0,0,0,0,0,0,0,0,0,0,0,0,0,0,0,0,0,0,0,0,0,0,0,0,0,0,0,0,0,0,0,0,0,0,0,0,0,0,0,0,0,0,0,0,0,0,0,0,0,0,0,0,0,0,0,0,0,0,0,0,0,0,6,55,15,3,0,0,4,3,2,0,8,1,8,9,2,1,0,3,1,1,1,0,0,1,978,596,405,767,0,0,2968,539,653,0,0,50,0,0,162,653,0,68,249,149,249,0,0,50,777,392,249,497,0,0,901,559,653,0,0,50,0,0,162,653,0,62,249,149,249,0,0,50,0,0,0,0,0,0,0,0,0,0,0,0,0,0,0,0,0,0,0,0,0,0,0,0,0,0,0,0,0,1,0,0,1,0,0,0,0,0,3,1,0,0,0,0,0,0,0,9945,0,0,0,0,0,0,62,0,0,0,0,0,0,0,9945,0,0,0,0,0,0,62,0,0,0,0,0,0,0,0,0,0,0,0,0,1,0,0,2,0,1,0,0,0,0,0,0,0,0,0,0,0,0,0,0,0,373,0,0,155,0,124,0,0,0,0,0,0,0,0,0,0,0,0,0,0,0,373,0,0,155,0,124,0,0,0,0,0,0,0,0,0,0,0,0,0,0,0,0,0,0,0,0,0,0,0,0,0,0,0,0,0,0,0,0,0,0,0,0,0,0,0,0,0,0,0,0,0,0,0,0,0,0,0,0,0,0,4,0,1,1,0,0,0,0,0,0,0,522,0,373,0,0,0,0,0,0,0,0,516,0,373,0,0,0,0,0,0,0,0,0,0,0,0,0,0,0,0,0,0,0,0,0,0,0,0,0,0,0,0,0,0,0,0,,0,,0,0,0,0,0,0,,0,,0,0,0,0,0,0,,0,,0,0,0,0,0,0,0,0,0,0,0,0,0,0,0,0,0,0,0,0,0,0,0,0,0,0,0,0,0,0,0,0,0,0,0,0,0,0,0,0,0,0,0,0,0,0,0,0,0,0,0,0,0,0,0,0,0,0,0,0,0,0,0,0,0,0,0,0,0,0,0,0,0,0,0,0,0,0,0,0,0,0,0,0,0,0,0,0,0,0,0,0,0,0,0,0,0,0,0,0,0,0,0,,,0,0,0,,,0,0,0,,,0,0,0,,,,,,,,,,0,0,0,,,
OH0290100,2018,Fairborn Police Department,Ohio,33604,32,38,13,15,14,27,0,175,1,268,0,30,3,0,3,30,27,18,28,40,79,13,3,55,0,0,0,0,0,0,1,0,0,26,0,1,0,2,0,0,0,0,11628,310,124,766,277,941,0,1920,121,368,0,1014,37,0,1537,1064,751,987,292,1510,0,1765,0,132,0,0,0,0,0,0,6067,0,0,135,0,106,0,121,0,0,0,0,5157,182,46,425,121,425,0,215,121,121,0,452,28,0,1820,364,243,115,212,485,0,767,0,49,0,0,0,0,0,0,6067,0,0,97,0,106,0,121,0,0,0,0,43,0,0,7,0,0,1,55,1,0,0,0,0,0,1,1,19,4,0,0,1,5,1,0,0,50,0,3,0,0,0,0,0,0,0,0,0,0,0,0,0,0,1305,0,0,345,0,0,243,293,364,0,0,0,0,0,364,728,351,203,0,0,0,461,243,0,0,452,0,1456,0,0,0,0,0,0,0,0,0,0,0,0,0,0,607,0,0,182,0,0,243,243,364,0,0,0,0,0,364,728,243,212,0,0,0,425,243,0,0,312,0,1213,0,0,0,0,0,0,0,0,0,0,0,0,0,0,27,2,5,2,2,0,5,0,21,0,0,1,5,0,3,5,5,0,0,0,3,1,0,2,0,1,0,0,0,0,0,0,0,0,0,0,0,0,12065,68,138,364,85,0,1011,0,195,0,0,6067,728,0,37,287,101,0,0,0,0,121,0,1820,0,121,0,0,0,0,0,0,0,0,0,0,0,0,6067,68,104,364,85,0,255,0,72,0,0,6067,91,0,28,243,115,0,0,0,0,121,0,1820,0,121,0,0,0,0,0,0,0,0,0,0,0,0,0,318,0,0,0,0,26,0,0,0,0,0,0,0,0,0,0,0,0,0,0,0,0,0,0,0,0,0,0,0,0,0,0,0,0,0,9,0,0,0,0,0,0,0,0,0,0,0,0,0,0,0,0,0,0,0,0,0,0,0,0,0,0,0,0,0,6,0,0,0,0,0,0,0,0,0,0,0,0,0,0,0,0,0,0,0,0,0,0,0,0,5,3,0,0,0,0,0,0,6,0,2,,0,0,0,0,0,0,0,0,0,0,0,0,1,0,0,0,1953,121,0,0,0,0,0,0,1820,0,0,,0,0,0,0,0,0,0,0,0,0,0,0,24,0,0,0,121,121,0,0,0,0,0,0,1820,0,0,,0,0,0,0,0,0,0,0,0,0,0,0,24,0,0,0,1,5,0,0,0,1,1,0,0,0,0,0,0,0,0,0,0,0,0,0,0,0,0,0,0,0,0,0,0,0,0,0,2427,212,0,0,0,0,1213,0,0,0,0,0,0,0,0,0,0,0,0,0,0,0,0,0,0,0,0,0,0,0,0,0,2427,91,0,0,0,0,1213,0,0,0,0,0,0,0,0,0,0,0,0,0,0,0,0,0,0,0,0,0,0,0,0,1,16,91,0,112,1,0,5,1,44,0,44,0,0,0,0,0,0,0,0,0,0,0,0,0,0,0,0,0,0,0,0,0,0,0,0,0,0,0,0,0,0,0,0,0,0,0,0,0,0,0,0,0,,0,0,0,,0,0,0,,0,0,0,0,0,0,0,0,0,0,0,0,0,0,0,0,0,0,0,0,0,0,0,0,0,0,,,,,,,,0,,0,,0,0,0,0,0,0,0,0,0,0,0,0,0,,0,0,,0,0,,0,0,0,0,0,0,0,0,0,0,0,0,0,0,0,0,0,3,46,13,7,0,0,1,2,4,0,7,1,14,41,2,3,0,4,0,3,1,4,1,0,448,485,423,1476,0,0,182,479,231,0,0,39,0,0,364,1952,0,146,0,51,364,1705,73,0,251,364,243,971,0,0,182,479,197,0,0,39,0,0,364,1820,0,140,0,30,364,1517,73,0,0,0,0,0,0,0,0,0,0,1,0,0,607,0,0,607,0,0,0,0,0,0,0,0,0,0,0,1,0,1,0,0,0,0,0,0,0,0,0,0,0,0,971,0,0,0,0,0,0,0,0,0,0,0,0,0,0,971,0,0,0,0,0,0,0,0,0,0,0,0,0,0,0,0,0,0,0,0,0,0,0,1,0,5,0,0,0,0,0,0,0,0,0,1,0,0,0,0,0,0,0,0,24,0,575,0,0,0,0,0,0,0,0,0,0,0,0,0,0,0,0,0,0,24,0,425,0,0,0,0,0,0,0,0,0,0,0,0,0,0,0,0,0,0,0,0,0,0,0,0,0,0,0,0,0,0,0,0,0,0,0,0,0,0,0,0,0,0,0,0,0,0,0,0,0,0,0,0,0,0,0,0,0,0,0,6,0,1,0,0,0,0,0,0,0,0,388,0,243,0,0,0,0,0,0,0,0,303,0,243,0,0,0,0,0,0,0,0,0,0,0,0,0,0,0,0,0,0,0,0,0,0,0,0,0,0,0,0,0,0,0,0,,0,0,0,0,0,0,0,0,,0,0,0,0,0,0,0,0,,0,0,0,0,0,0,0,0,0,0,0,0,0,0,0,0,0,0,0,0,0,0,0,0,0,0,0,0,0,0,0,0,0,0,0,0,0,0,0,0,0,0,0,0,0,0,0,0,0,0,0,0,0,0,0,0,0,0,0,0,0,0,0,0,0,0,0,0,0,0,0,0,0,0,0,0,0,0,0,0,0,0,0,0,0,0,0,0,0,0,0,0,0,0,0,0,0,0,0,0,0,0,0,0,0,0,0,0,0,0,0,0,0,0,0,0,0,0,0,0,0,0,0,0,0,0,0,0,0,0,0,0,,,
OH0290100,2019,Fairborn Police Department,Ohio,33726,33,30,9,18,27,31,0,161,2,244,0,21,2,0,8,30,24,18,20,32,71,11,1,59,0,1,0,0,2,0,1,1,0,21,0,0,0,3,0,0,0,0,11445,399,111,985,856,7100,0,1703,560,610,0,756,15,0,9274,1628,1549,432,689,775,0,209,0,100,0,5881,0,0,6853,0,1788,4171,0,110,0,0,0,2,0,0,0,0,5959,69,5,566,119,596,0,209,560,119,0,358,15,0,8164,428,119,26,238,596,0,64,0,36,0,5881,0,0,6853,0,1788,4171,0,59,0,0,0,2,0,0,0,0,18,0,0,15,0,0,0,44,0,0,0,0,0,0,0,0,29,3,0,0,0,1,0,0,0,38,0,0,1,0,1,0,0,0,0,0,0,0,0,0,0,0,2629,0,0,674,0,0,0,1216,0,0,0,0,0,0,0,0,408,9342,0,0,0,596,0,0,0,699,0,0,119,0,775,0,0,0,0,0,0,0,0,0,0,0,596,0,0,179,0,0,0,179,0,0,0,0,0,0,0,0,268,1788,0,0,0,596,0,0,0,358,0,0,119,0,775,0,0,0,0,0,0,0,0,0,0,0,34,5,1,7,1,1,3,0,29,0,0,5,5,5,1,3,8,0,0,0,12,5,0,1,0,10,0,0,1,0,0,0,1,0,0,0,0,0,11810,55,536,532,119,358,35,0,344,0,0,6007,74,658,7,349,81,0,0,0,0,1049,0,0,0,70,0,0,1788,0,0,0,2,0,0,0,0,0,5959,26,536,358,119,358,12,0,179,0,0,2980,74,191,7,273,20,0,0,0,0,1192,0,0,0,48,0,0,1788,0,0,0,2,0,0,0,0,0,0,318,2,0,0,0,20,0,0,0,0,0,0,0,0,0,0,0,0,0,0,0,0,0,0,0,0,0,0,0,0,0,298,0,0,0,10,0,0,0,0,0,0,0,0,0,0,0,0,0,0,0,0,0,0,0,0,0,0,0,0,0,298,0,0,0,12,0,0,0,0,0,0,0,0,0,0,0,0,0,0,0,0,0,0,0,0,0,0,0,0,3,5,0,0,0,0,0,0,8,0,0,0,0,0,0,0,0,0,0,0,0,,0,0,0,0,0,0,1334,2,0,0,0,0,0,0,416,0,0,0,0,0,0,0,0,0,0,0,0,,0,0,0,0,0,0,1403,2,0,0,0,0,0,0,387,0,0,0,0,0,0,0,0,0,0,0,0,,0,0,0,0,0,0,3,2,0,2,0,1,1,0,0,0,0,0,0,0,0,0,0,0,0,0,0,0,0,0,0,0,0,0,0,0,0,0,5562,238,0,304,0,35755,1192,0,0,0,0,0,0,0,0,0,0,0,0,0,0,0,0,0,0,0,0,0,0,0,0,0,3576,238,0,304,0,35755,1192,0,0,0,0,0,0,0,0,0,0,0,0,0,0,0,0,0,0,0,0,0,0,0,0,3,10,57,0,139,2,0,4,3,51,0,45,0,0,0,0,0,0,0,0,0,0,0,0,0,0,0,0,0,0,0,0,0,0,0,0,0,0,0,0,0,0,0,0,0,0,0,0,0,0,0,0,0,,0,0,0,,0,0,0,,0,0,0,0,0,0,0,0,0,0,0,0,0,0,0,0,0,0,0,0,0,0,0,0,0,0,0,0,0,0,0,0,0,0,0,0,0,0,0,0,0,0,0,0,0,0,0,0,0,0,0,0,0,0,0,0,0,0,0,0,0,0,0,0,0,0,0,0,0,0,0,0,0,0,2,33,7,5,4,1,3,0,2,1,7,4,25,27,2,5,0,0,0,2,1,1,0,0,334,475,506,804,1520,834,775,0,39,751,0,167,0,0,35755,3409,0,0,0,80,2497,0,0,0,334,399,358,101,447,834,775,0,39,751,0,55,0,0,35755,4767,0,0,0,80,2497,0,0,0,0,0,0,0,0,0,0,0,0,5,0,0,524,0,0,596,0,0,0,0,0,0,0,0,0,0,0,0,0,7,0,1,0,0,0,1,0,0,0,0,2,0,0,0,0,0,0,0,0,0,36,0,0,0,0,4767,0,0,0,0,0,0,0,0,0,36,0,0,0,0,4767,0,0,0,0,0,0,0,0,0,0,0,0,1,0,0,0,0,0,0,0,0,0,0,0,0,0,0,0,0,0,0,0,0,238,0,0,0,0,0,0,0,0,0,0,0,0,0,0,0,0,0,0,0,0,238,0,0,0,0,0,0,0,0,0,0,0,0,0,0,0,0,0,0,0,0,0,0,0,0,0,0,0,0,0,0,0,0,0,0,0,0,0,0,0,0,0,0,0,0,0,0,0,0,0,0,0,0,0,0,0,0,0,0,0,4,0,4,1,0,0,0,0,0,0,0,566,0,593,101,0,0,0,0,0,0,0,238,0,358,101,0,0,0,0,0,0,0,0,0,0,0,0,0,0,0,0,0,0,0,0,0,0,0,0,0,0,0,0,0,0,0,,0,0,0,0,0,0,0,0,,0,0,0,0,0,0,0,0,,0,0,0,0,0,0,0,0,0,0,0,0,0,0,0,0,0,0,0,0,0,0,0,0,0,0,0,0,0,0,0,0,0,0,0,0,0,0,0,0,0,0,0,0,0,0,0,0,0,0,0,0,0,0,0,0,0,0,0,0,0,0,0,0,0,0,0,0,0,0,0,0,0,0,0,0,0,0,0,0,0,0,0,0,0,0,0,0,1,0,0,0,0,0,0,0,0,0,0,0,0,0,0,,0,0,,0,,0,0,,0,,0,0,,0,0,0,0,0,0,0,0,0,0,0,0,0,0,0,0,0,0
OH0290100,2020,Fairborn Police Department,Ohio,33951,38,28,10,16,19,33,0,126,1,192,0,23,2,0,1,20,35,14,7,22,63,7,1,47,0,0,0,0,1,1,1,0,0,24,0,1,0,2,0,0,0,0,7197,367,76,772,557,5241,0,8397,14,650,0,273,2,0,3532,1230,297,656,186,877,0,1386,0,86,0,0,0,0,9418,5887,71,0,0,183,0,165,0,14,0,0,0,0,4709,147,41,589,235,1648,0,387,14,177,0,294,2,0,3532,241,71,230,177,471,0,1156,0,35,0,0,0,0,9418,5887,71,0,0,118,0,165,0,14,0,0,0,0,4,0,0,15,0,0,2,56,1,0,0,0,0,0,1,0,19,0,0,0,2,1,0,0,2,69,0,0,1,0,0,0,0,0,0,0,0,0,0,0,0,0,1501,0,0,402,0,0,82,599,235,0,0,0,0,0,1177,0,527,0,0,0,0,4121,0,0,1531,564,0,0,942,0,0,0,0,0,0,0,0,0,0,0,0,0,530,0,0,353,0,0,82,235,235,0,0,0,0,0,1177,0,177,0,0,0,0,4121,0,0,1531,424,0,0,942,0,0,0,0,0,0,0,0,0,0,0,0,0,37,3,1,2,1,3,5,0,17,2,0,1,11,1,1,0,3,0,0,0,9,2,0,1,0,8,0,0,1,0,0,0,0,0,0,0,0,0,6380,69,2,329,42,47,147,0,989,324,0,4709,73,141,2,0,268,0,0,0,0,411,0,0,0,99,0,0,11773,0,0,0,0,0,0,0,0,0,4709,59,2,329,42,12,104,0,206,324,0,4709,59,141,2,0,247,0,0,0,0,411,0,0,0,35,0,0,11773,0,0,0,0,0,0,0,0,0,0,239,1,0,0,0,19,0,1,0,0,0,0,0,0,0,0,0,0,0,0,0,0,0,0,0,0,0,0,0,0,0,589,0,0,0,11,0,0,0,0,0,0,0,0,0,0,0,0,0,0,0,0,0,0,0,0,0,0,0,0,0,589,0,0,0,12,0,0,0,0,0,0,0,0,0,0,0,0,0,0,0,0,0,0,0,0,0,0,0,0,3,7,0,0,0,0,0,0,2,0,1,0,0,0,0,0,0,0,0,0,0,,0,0,0,0,0,0,4921,415,0,0,0,0,0,0,899,0,0,0,0,0,0,0,0,0,0,0,0,,0,0,0,0,0,0,4921,415,0,0,0,0,0,0,899,0,0,0,0,0,0,0,0,0,0,0,0,,0,0,0,0,0,0,3,2,0,0,0,0,0,0,1,0,0,0,0,0,0,0,0,0,0,0,0,0,0,0,0,0,0,0,0,0,0,0,4709,383,0,0,0,0,0,0,118,0,0,0,0,0,0,0,0,0,0,0,0,0,0,0,0,0,0,0,0,0,0,0,4709,383,0,0,0,0,0,0,118,0,0,0,0,0,0,0,0,0,0,0,0,0,0,0,0,0,0,0,0,0,0,0,13,40,0,107,4,0,1,0,57,0,15,0,0,0,0,0,0,0,0,0,0,0,0,0,0,0,0,0,0,0,0,0,0,0,0,0,0,0,0,0,0,,0,0,,0,0,,0,0,0,0,,0,0,0,,0,0,0,,0,0,0,0,0,0,0,0,0,0,0,0,0,0,0,0,0,0,0,0,0,0,0,0,0,0,0,0,0,0,0,0,0,0,0,0,0,0,0,0,0,0,0,0,0,0,0,0,0,0,,0,0,,0,0,,0,0,0,0,0,0,0,0,0,0,0,0,0,0,0,0,0,5,32,4,1,1,0,1,2,1,0,11,1,30,32,0,3,1,11,1,5,1,2,2,1,640,565,1077,353,199,0,235,895,106,0,0,59,0,0,0,3532,1413,808,0,227,2649,177,159,82,706,353,206,353,199,0,235,895,106,0,0,59,0,0,0,3532,1413,412,0,153,2649,177,159,82,0,0,1,0,0,0,0,0,0,6,0,1,373,0,12,383,0,12,0,0,0,0,0,0,0,0,0,0,0,2,0,0,0,1,0,0,2,0,1,0,1,0,0,0,0,0,0,0,0,0,0,471,0,0,0,1177,0,0,0,0,0,0,0,0,0,0,471,0,0,0,1177,0,0,0,0,0,0,0,0,0,0,0,0,4,0,1,0,0,1,0,0,0,0,0,0,0,0,0,0,0,0,0,0,0,412,0,589,0,0,5887,0,0,0,0,0,0,0,0,0,0,0,0,0,0,0,412,0,589,0,0,5887,0,0,0,0,0,0,0,0,0,0,0,0,0,0,0,0,0,0,0,0,0,0,0,0,0,0,0,0,0,0,0,0,0,0,0,0,0,0,0,0,0,0,0,0,0,0,0,0,0,0,0,0,1,0,6,0,2,1,0,0,0,0,0,59,0,718,0,124,235,0,0,0,0,0,59,0,441,0,124,235,0,0,0,0,0,0,0,0,0,0,0,0,0,0,0,0,0,0,0,0,0,0,0,0,0,0,0,0,0,0,0,0,0,0,0,0,0,0,0,0,0,0,0,0,0,0,0,0,0,0,0,0,0,0,0,0,0,0,0,0,0,0,0,0,0,0,0,0,0,0,0,0,0,0,0,0,0,0,0,0,0,0,0,0,0,0,0,0,0,0,0,0,0,0,0,0,0,0,0,0,0,0,0,0,0,0,0,0,0,0,0,0,0,0,0,0,0,0,0,0,0,0,0,0,0,0,0,0,0,0,0,0,0,0,0,0,0,0,0,0,0,0,0,0,0,0,0,0,0,0,0,0,0,0,0,0,0,0,0,0,0,0,0,0,0,0,0,0,0,0,0,0,0,,,,0,0,0,0,0,0,,,
OH0290100,2021,Fairborn Police Department,Ohio,34076,37,21,6,19,17,16,0,99,3,157,0,22,1,0,2,35,59,18,8,16,50,3,0,28,1,0,0,0,1,0,2,0,0,14,1,0,0,3,0,0,0,0,10357,351,215,737,1324,1937,0,2699,146,1130,0,1229,72,0,1968,1430,1064,494,1101,1058,0,56,0,301,135,0,0,0,56224,0,12399,0,0,62,189,0,0,6,0,0,0,0,5622,211,141,562,225,562,0,416,112,247,0,478,72,0,1968,810,309,132,394,506,0,56,0,56,135,0,0,0,56224,0,12399,0,0,56,189,0,0,6,0,0,0,0,3,0,0,13,0,0,1,35,4,0,0,0,0,1,1,0,11,2,0,0,3,1,0,0,0,57,0,1,0,0,0,0,0,0,0,0,0,0,0,0,0,0,618,0,0,211,0,0,225,621,655,0,0,0,0,562,112,0,293,169,0,0,112,8996,0,0,0,594,0,5622,0,0,0,0,0,0,0,0,0,0,0,0,0,0,450,0,0,225,0,0,225,112,607,0,0,0,0,562,112,0,225,169,0,0,112,8996,0,0,0,450,0,5622,0,0,0,0,0,0,0,0,0,0,0,0,0,0,41,1,0,3,0,0,1,0,10,1,0,1,7,6,0,3,4,0,0,0,4,0,0,0,0,2,0,0,0,0,0,0,0,0,0,0,0,0,9464,112,0,843,0,0,450,0,302,633,0,1124,166,1187,0,1572,438,0,0,0,0,0,0,0,0,87,0,0,0,0,0,0,0,0,0,0,0,0,5622,112,0,843,0,0,450,0,196,633,0,1124,164,883,0,562,284,0,0,0,0,0,0,0,0,87,0,0,0,0,0,0,0,0,0,0,0,0,0,238,0,0,0,0,13,0,0,0,0,0,0,0,0,0,0,0,0,0,0,0,0,0,0,0,0,0,0,0,0,0,0,0,0,0,7,0,0,0,0,0,0,0,0,0,0,0,0,0,0,0,0,0,0,0,0,0,0,0,0,0,0,0,0,0,6,0,0,0,0,0,0,0,0,0,0,0,0,0,0,0,0,0,0,0,0,0,0,0,0,2,1,0,0,0,0,0,0,2,0,1,,0,0,0,0,0,0,0,0,0,0,0,0,0,0,0,0,1546,0,0,0,0,0,0,0,3373,0,0,,0,0,0,0,0,0,0,0,0,0,0,0,0,0,0,0,1546,0,0,0,0,0,0,0,3373,0,0,,0,0,0,0,0,0,0,0,0,0,0,0,0,0,0,0,2,2,0,0,0,0,0,1,2,0,0,0,0,0,0,0,0,0,0,0,0,0,0,0,0,0,1,0,0,0,0,0,14056,56,0,0,0,0,0,1124,1181,0,0,0,0,0,0,0,0,0,0,0,0,0,0,0,0,0,56,0,0,0,0,0,14056,56,0,0,0,0,0,1124,1181,0,0,0,0,0,0,0,0,0,0,0,0,0,0,0,0,0,56,0,0,0,0,0,12,65,0,95,0,0,2,1,49,0,9,0,0,0,0,0,0,0,0,0,0,0,0,0,0,0,0,0,0,0,0,0,0,0,0,0,0,0,0,0,0,0,0,0,0,0,0,0,0,0,0,0,0,0,0,0,0,0,0,0,0,0,0,0,0,0,0,0,0,0,0,0,0,0,0,0,0,0,0,0,0,0,0,0,0,0,0,0,0,0,0,0,0,,0,,0,,0,0,0,0,0,0,0,0,0,0,0,0,0,,0,0,,0,0,,0,0,0,0,0,0,0,0,0,0,0,0,0,0,,,,1,15,4,4,11,0,1,0,1,0,12,0,95,32,0,5,0,2,0,3,1,1,1,0,675,1888,315,590,1299,0,450,0,900,0,0,0,0,0,0,1484,0,120,0,1463,281,22,28,0,675,281,309,562,945,0,450,0,900,0,0,0,0,0,0,1687,0,120,0,877,281,22,28,0,2,0,1,0,0,0,0,0,0,8,0,0,254,0,0,157,0,0,0,0,0,0,0,0,0,0,0,0,0,1,0,0,0,0,1,0,0,0,1,0,0,0,0,0,0,0,0,0,0,55,0,0,0,0,0,0,0,0,0,0,0,0,0,0,55,0,0,0,0,0,0,0,1,225,225,0,0,0,0,0,0,1,0,3,0,1,0,0,0,0,0,1,0,0,0,0,0,0,0,0,0,0,0,0,1181,0,56,0,0,0,0,0,112,0,0,0,0,0,0,0,0,0,0,0,0,1181,0,56,0,0,0,0,0,112,0,0,0,0,0,0,0,0,0,0,0,0,0,0,0,0,0,0,0,0,0,0,0,0,0,0,0,0,0,0,0,0,0,0,0,0,0,0,0,0,0,0,0,0,0,0,0,0,0,0,0,0,0,1,0,0,1,0,0,0,0,0,0,0,21,0,0,22,0,0,0,0,0,0,0,21,0,0,22,0,0,0,0,0,0,0,0,0,0,0,0,0,0,0,0,0,0,0,0,0,0,0,0,0,0,0,0,0,0,0,0,0,0,0,0,0,0,0,0,0,0,0,0,0,0,0,0,0,0,0,0,0,0,0,0,0,0,0,0,0,0,0,0,0,0,0,0,0,0,0,0,0,0,0,0,0,0,0,0,0,0,0,0,0,0,0,0,0,0,0,0,0,0,0,0,0,0,0,0,0,0,0,0,0,0,0,0,0,0,0,0,0,0,0,0,0,0,0,0,0,0,0,0,0,0,0,0,0,0,0,0,0,0,0,0,0,0,0,0,0,0,0,0,0,0,0,0,0,0,0,,0,0,0,0,,0,0,0,0,,0,0,0,0,0,0,0,0,0,,,,0,0,0,0,0,0,0,0,0
OH0290100,2022,Fairborn Police Department,Ohio,34725,32,18,9,21,17,13,0,85,4,100,0,18,5,0,5,28,52,9,5,15,44,4,0,24,0,1,0,0,1,0,1,0,0,17,0,0,0,0,0,0,0,0,12578,924,22,448,1053,1497,0,5474,252,1803,0,624,42,0,4872,947,1209,392,244,709,0,562,0,263,0,1666,0,0,7288,0,833,0,0,190,0,0,0,0,0,0,0,0,8850,208,26,416,416,1031,0,907,312,208,0,372,19,0,2498,385,521,343,208,312,0,562,0,91,0,1666,0,0,7288,0,833,0,0,156,0,0,0,0,0,0,0,0,12,0,1,6,0,0,2,41,2,0,0,0,0,0,0,0,12,2,0,0,3,0,0,0,0,68,0,0,2,0,0,0,0,0,0,0,0,0,0,0,0,0,4537,0,121,1935,0,0,104,558,2244,0,0,0,0,0,0,0,426,260,0,0,0,0,0,0,0,506,0,0,937,0,0,0,0,0,0,0,0,0,0,0,0,0,208,0,121,208,0,0,104,208,2244,0,0,0,0,0,0,0,260,260,0,0,0,0,0,0,0,312,0,0,937,0,0,0,0,0,0,0,0,0,0,0,0,0,29,0,1,4,1,0,0,0,5,1,0,3,4,3,0,0,1,0,1,0,0,1,0,0,0,0,0,0,1,0,0,0,0,0,0,0,0,0,17714,0,8,462,21,0,0,0,2269,16,0,6385,526,339,0,0,0,0,1666,0,0,5,0,0,0,0,0,0,3123,0,0,0,0,0,0,0,0,0,11202,0,8,448,21,0,0,0,364,16,0,2498,526,228,0,0,0,0,1666,0,0,5,0,0,0,0,0,0,3123,0,0,0,0,0,0,0,0,0,0,182,0,0,0,0,9,0,0,0,1,0,0,0,0,0,0,0,0,0,0,0,0,0,0,0,0,0,0,0,0,0,0,0,0,0,11,0,0,0,16,0,0,0,0,0,0,0,0,0,0,0,0,0,0,0,0,0,0,0,0,0,0,0,0,0,10,0,0,0,16,0,0,0,0,0,0,0,0,0,0,0,0,0,0,0,0,0,0,0,0,1,1,0,0,0,0,0,0,6,0,0,,0,0,0,0,0,0,0,0,0,0,0,0,0,0,0,0,1237,0,0,0,0,0,0,0,3398,0,0,,0,0,0,0,0,0,0,0,0,0,0,0,0,0,0,0,1237,0,0,0,0,0,0,0,1512,0,0,,0,0,0,0,0,0,0,0,0,0,0,0,0,0,0,0,0,2,0,2,0,2,1,0,1,0,0,0,0,0,0,0,0,0,0,0,0,0,0,0,0,0,0,0,0,0,0,0,0,62,0,625,0,1041,52058,0,1562,0,0,0,0,0,0,0,0,0,0,0,0,0,0,0,0,0,0,0,0,0,0,0,0,62,0,625,0,1041,52058,0,1562,0,0,0,0,0,0,0,0,0,0,0,0,0,0,0,0,0,0,0,0,0,0,2,12,42,0,61,3,0,1,0,56,0,2,0,0,0,0,0,0,0,0,0,0,0,0,0,0,0,0,0,0,0,0,0,0,0,0,0,0,0,0,0,0,0,0,0,0,0,0,0,0,0,0,0,,0,0,0,,0,0,0,,0,0,0,0,0,0,0,0,0,0,0,0,0,0,0,0,0,0,0,0,0,0,0,0,0,0,0,0,0,0,0,0,0,0,0,0,0,0,0,0,0,0,0,0,0,0,0,0,0,0,,0,0,,0,0,,0,0,0,0,0,0,0,0,0,0,0,0,0,0,0,0,0,6,30,7,2,3,1,0,2,0,1,1,1,51,37,5,1,0,0,0,4,1,1,0,0,784,580,1770,937,2130,1041,0,536,0,5,0,21,0,0,584,9370,0,0,0,1495,521,60,0,0,599,416,328,937,593,1041,0,536,0,5,0,21,0,0,568,9370,0,0,0,372,521,60,0,0,3,0,0,0,0,0,0,0,0,9,1,0,659,208,0,208,208,0,0,0,0,0,0,0,0,0,0,1,0,1,0,0,0,0,0,0,0,0,0,0,0,0,1249,0,0,0,0,0,0,0,0,0,0,0,0,0,0,1249,0,0,0,0,0,0,0,0,0,0,0,0,0,0,0,0,0,0,0,0,0,0,0,1,0,0,0,0,0,1,1,0,0,0,0,0,0,0,0,0,0,0,0,0,52,0,0,0,0,0,0,156,0,0,0,0,0,0,0,0,0,0,0,0,0,52,0,0,0,0,0,0,156,0,0,0,0,0,0,0,0,0,0,0,0,0,0,0,0,0,0,0,0,0,0,0,0,0,0,0,0,0,0,0,0,0,0,0,0,0,0,0,0,0,0,0,0,0,0,0,0,0,0,0,0,0,0,5,0,0,0,0,0,0,0,0,0,0,687,0,0,0,0,0,0,0,0,0,0,573,0,0,0,0,0,0,0,0,0,0,2,0,0,0,0,0,0,0,4711,0,0,0,0,0,0,0,4711,0,0,0,0,0,0,0,,0,0,0,0,0,0,0,0,,0,0,0,0,0,0,0,0,,0,0,0,0,0,0,0,0,0,0,0,0,0,0,0,0,0,0,0,0,0,0,0,0,0,0,0,0,0,0,0,0,0,0,0,0,0,0,0,0,0,0,0,0,0,0,0,0,0,0,0,0,0,0,0,0,0,0,0,0,0,0,0,0,0,0,0,0,0,0,0,0,0,0,0,0,0,0,0,0,0,0,0,0,0,0,0,0,0,0,0,0,0,0,0,0,0,0,0,0,0,0,0,0,0,0,0,0,0,0,0,0,0,0,0,0,0,0,0,0,0,0,0,0,0,0,0,0,0,0,0,0,0,0,0
OH0290100,2023,Fairborn Police Department,Ohio,35181,50,12,2,28,7,11,0,122,1,107,0,15,1,0,10,32,18,12,5,9,51,1,2,17,1,0,0,0,3,0,0,0,0,16,0,0,0,4,0,0,0,0,12738,831,204,766,156,1510,0,7503,500,1227,0,508,7,0,8280,2368,638,692,400,633,0,0,0,104,30,0,0,0,34000,0,0,0,0,360,0,0,0,20,0,0,0,0,10000,700,204,550,90,450,0,500,500,200,0,189,7,0,6050,829,500,250,100,450,0,0,0,50,30,0,0,0,27000,0,0,0,0,50,0,0,0,15,0,0,0,0,7,0,0,4,0,0,0,26,1,0,0,0,0,0,1,0,5,1,0,0,1,0,0,0,0,42,0,0,0,0,0,0,0,0,0,0,0,0,0,0,0,0,790,0,0,303,0,0,0,407,200,0,0,0,0,0,500,0,160,1000,0,0,0,0,0,0,0,738,0,0,0,0,0,0,0,0,0,0,0,0,0,0,0,0,300,0,0,240,0,0,0,200,200,0,0,0,0,0,500,0,100,1000,0,0,0,0,0,0,0,500,0,0,0,0,0,0,0,0,0,0,0,0,0,0,0,0,58,1,0,4,1,1,3,0,10,2,0,7,4,0,0,0,1,0,0,0,6,0,0,0,0,4,0,0,4,0,0,0,0,0,0,0,0,0,13105,215,0,403,59,2,3510,0,700,275,0,11614,40,0,0,0,58,0,0,0,0,0,0,0,0,200,0,0,43000,0,0,0,0,0,0,0,0,0,10000,215,0,210,59,2,3510,0,300,275,0,14000,40,0,0,0,58,0,0,0,0,0,0,0,0,210,0,0,43500,0,0,0,0,0,0,0,0,0,0,165,1,0,0,0,3,0,0,0,0,0,0,0,0,0,0,0,0,0,0,0,0,0,0,0,0,0,0,0,0,0,600,0,0,0,5,0,0,0,0,0,0,0,0,0,0,0,0,0,0,0,0,0,0,0,0,0,0,0,0,0,600,0,0,0,5,0,0,0,0,0,0,0,0,0,0,0,0,0,0,0,0,0,0,0,0,0,0,0,0,3,0,0,0,0,0,0,0,1,0,1,,0,0,0,0,0,0,0,0,0,,0,0,0,0,0,0,1539,0,0,0,0,0,0,0,500,0,0,,0,0,0,0,0,0,0,0,0,,0,0,0,0,0,0,1539,0,0,0,0,0,0,0,500,0,0,,0,0,0,0,0,0,0,0,0,,0,0,0,0,0,0,1,1,0,0,,0,0,0,2,0,0,1,0,0,0,0,0,0,0,0,0,0,0,0,0,0,0,0,0,0,0,0,3000,0,0,0,,0,0,0,3250,0,0,5000,0,0,0,0,0,0,0,0,0,0,0,0,0,0,0,0,0,0,0,0,3000,0,0,0,,0,0,0,3250,0,0,5000,0,0,0,0,0,0,0,0,0,0,0,0,0,0,0,0,0,0,0,20,24,41,1,55,1,0,5,1,11,0,2,0,0,0,0,0,0,0,0,0,0,0,0,0,0,0,0,0,0,0,0,0,0,0,0,0,0,0,0,0,0,0,0,0,0,0,0,0,0,0,0,0,0,0,0,0,0,0,0,0,0,0,2,0,0,0,0,0,0,0,0,0,0,0,0,0,0,0,0,0,0,0,0,0,0,0,0,0,0,0,0,0,0,0,0,0,0,0,0,0,0,0,0,0,0,0,0,0,0,0,0,,0,0,,0,0,,0,0,0,0,0,0,0,0,0,0,0,0,0,0,0,0,0,7,18,2,0,3,0,0,3,1,0,7,1,69,21,0,5,0,0,0,1,0,0,0,1,860,493,1150,0,1376,0,0,235,700,0,0,190,0,0,0,5910,0,0,0,30,0,0,0,250,230,400,1150,0,900,0,0,116,700,0,0,190,0,0,0,6500,0,0,0,30,0,0,0,250,0,0,0,0,0,0,0,0,0,4,1,0,500,400,0,500,400,0,0,0,0,0,0,0,0,0,0,1,1,0,0,0,0,2,0,0,1,0,1,0,0,0,230,0,0,0,0,0,300,0,0,0,0,0,0,0,0,230,0,0,0,0,0,300,0,0,0,0,0,0,0,0,0,0,0,0,0,0,0,0,0,4,0,1,2,1,0,0,0,0,0,0,0,0,0,0,0,0,0,2,0,0,240,0,599,1376,1200,0,0,0,0,0,0,0,0,0,0,0,0,0,525,0,0,225,0,599,1376,1200,0,0,0,0,0,0,0,0,0,0,0,0,0,525,0,0,0,0,0,0,0,0,0,0,0,0,0,0,0,0,0,0,0,0,0,0,0,0,0,0,0,0,0,0,0,0,0,0,0,0,0,0,0,0,0,0,0,4,0,0,0,0,0,0,0,0,0,0,290,0,0,0,0,0,0,0,0,0,0,200,0,0,0,0,0,0,0,0,0,0,0,0,0,0,0,0,0,0,0,0,0,0,0,0,0,0,0,0,0,0,0,0,0,0,0,0,0,0,0,0,0,0,0,0,0,0,0,0,0,0,0,0,0,0,0,0,0,0,0,0,0,0,0,0,0,0,0,0,0,0,0,0,0,0,0,0,0,0,0,0,0,0,0,0,0,0,0,0,0,0,0,0,0,0,0,0,0,0,0,0,0,0,0,0,0,0,0,0,0,0,0,0,0,0,0,0,0,0,0,0,0,0,0,0,0,0,0,0,0,0,0,0,0,0,0,0,0,0,0,0,0,0,0,0,0,0,0,0,0,0,0,0,0,0,0,0,,0,0,0,0,,0,0,0,0,,0,0,0,0,0,0,0,0,0,,,,0,0,0,0,0,0,0,0,0
