ORI,year,agency,state,population,property_stolen_automobile,property_stolen_clothes_furs,property_stolen_consumable_goods,property_stolen_firearms,property_stolen_household_goods,property_stolen_jewelry_precious_metals_gems,property_stolen_livestock,property_stolen_money,property_stolen_office_type_equipment,property_stolen_other,property_stolen_pending_inventory_of_property,property_stolen_radios_tv_vcr_dvd_players,property_stolen_alcohol,property_stolen_farm_equipment,property_stolen_other_motor_vehicles,property_stolen_tools_power_hand,property_stolen_vehicle_parts_accessories,property_stolen_merchandise,property_stolen_bicycles,property_stolen_computer_hardware_software,property_stolen_credit_debit_cards,property_stolen_negotiable_instruments,property_stolen_nonnegotiable_instruments,property_stolen_purses_handbags_wallets,property_stolen_recordings_audio_visual,property_stolen_recreational_vehicles,property_stolen_special_category,property_stolen_structures_single_occupancy_dwellings,property_stolen_trucks,property_stolen_watercraft,property_stolen_heavy_construction_industrial_equipment,property_stolen_structures_other,property_stolen_structures_other_commercial_business,property_stolen_drugs_narcotics,property_stolen_structures_storage,property_stolen_structures_other_dwellings,property_stolen_structures_public_community,property_stolen_drug_narcotic_equipment,property_stolen_gambling_equipment,property_stolen_aircraft,property_stolen_structures_industrial_manufacturing,property_stolen_buses,property_stolen_mean_value_automobile,property_stolen_mean_value_clothes_furs,property_stolen_mean_value_consumable_goods,property_stolen_mean_value_firearms,property_stolen_mean_value_household_goods,property_stolen_mean_value_jewelry_precious_metals_gems,property_stolen_mean_value_livestock,property_stolen_mean_value_money,property_stolen_mean_value_office_type_equipment,property_stolen_mean_value_other,property_stolen_mean_value_pending_inventory_of_property,property_stolen_mean_value_radios_tv_vcr_dvd_players,property_stolen_mean_value_alcohol,property_stolen_mean_value_farm_equipment,property_stolen_mean_value_other_motor_vehicles,property_stolen_mean_value_tools_power_hand,property_stolen_mean_value_vehicle_parts_accessories,property_stolen_mean_value_merchandise,property_stolen_mean_value_bicycles,property_stolen_mean_value_computer_hardware_software,property_stolen_mean_value_credit_debit_cards,property_stolen_mean_value_negotiable_instruments,property_stolen_mean_value_nonnegotiable_instruments,property_stolen_mean_value_purses_handbags_wallets,property_stolen_mean_value_recordings_audio_visual,property_stolen_mean_value_recreational_vehicles,property_stolen_mean_value_special_category,property_stolen_mean_value_structures_single_occupancy_dwellings,property_stolen_mean_value_trucks,property_stolen_mean_value_watercraft,property_stolen_mean_value_heavy_construction_industrial_equipment,property_stolen_mean_value_structures_other,property_stolen_mean_value_structures_other_commercial_business,property_stolen_mean_value_drugs_narcotics,property_stolen_mean_value_structures_storage,property_stolen_mean_value_structures_other_dwellings,property_stolen_mean_value_structures_public_community,property_stolen_mean_value_drug_narcotic_equipment,property_stolen_mean_value_gambling_equipment,property_stolen_mean_value_aircraft,property_stolen_mean_value_structures_industrial_manufacturing,property_stolen_mean_value_buses,property_stolen_median_value_automobile,property_stolen_median_value_clothes_furs,property_stolen_median_value_consumable_goods,property_stolen_median_value_firearms,property_stolen_median_value_household_goods,property_stolen_median_value_jewelry_precious_metals_gems,property_stolen_median_value_livestock,property_stolen_median_value_money,property_stolen_median_value_office_type_equipment,property_stolen_median_value_other,property_stolen_median_value_pending_inventory_of_property,property_stolen_median_value_radios_tv_vcr_dvd_players,property_stolen_median_value_alcohol,property_stolen_median_value_farm_equipment,property_stolen_median_value_other_motor_vehicles,property_stolen_median_value_tools_power_hand,property_stolen_median_value_vehicle_parts_accessories,property_stolen_median_value_merchandise,property_stolen_median_value_bicycles,property_stolen_median_value_computer_hardware_software,property_stolen_median_value_credit_debit_cards,property_stolen_median_value_negotiable_instruments,property_stolen_median_value_nonnegotiable_instruments,property_stolen_median_value_purses_handbags_wallets,property_stolen_median_value_recordings_audio_visual,property_stolen_median_value_recreational_vehicles,property_stolen_median_value_special_category,property_stolen_median_value_structures_single_occupancy_dwellings,property_stolen_median_value_trucks,property_stolen_median_value_watercraft,property_stolen_median_value_heavy_construction_industrial_equipment,property_stolen_median_value_structures_other,property_stolen_median_value_structures_other_commercial_business,property_stolen_median_value_drugs_narcotics,property_stolen_median_value_structures_storage,property_stolen_median_value_structures_other_dwellings,property_stolen_median_value_structures_public_community,property_stolen_median_value_drug_narcotic_equipment,property_stolen_median_value_gambling_equipment,property_stolen_median_value_aircraft,property_stolen_median_value_structures_industrial_manufacturing,property_stolen_median_value_buses,property_destroyed_automobile,property_destroyed_clothes_furs,property_destroyed_consumable_goods,property_destroyed_household_goods,property_destroyed_livestock,property_destroyed_money,property_destroyed_office_type_equipment,property_destroyed_other,property_destroyed_radios_tv_vcr_dvd_players,property_destroyed_firearms,property_destroyed_jewelry_precious_metals_gems,property_destroyed_pending_inventory_of_property,property_destroyed_buses,property_destroyed_structures_single_occupancy_dwellings,property_destroyed_structures_storage,property_destroyed_farm_equipment,property_destroyed_structures_other,property_destroyed_structures_other_dwellings,property_destroyed_structures_public_community,property_destroyed_bicycles,property_destroyed_merchandise,property_destroyed_other_motor_vehicles,property_destroyed_recreational_vehicles,property_destroyed_special_category,property_destroyed_structures_other_commercial_business,property_destroyed_vehicle_parts_accessories,property_destroyed_watercraft,property_destroyed_heavy_construction_industrial_equipment,property_destroyed_computer_hardware_software,property_destroyed_tools_power_hand,property_destroyed_trucks,property_destroyed_alcohol,property_destroyed_recordings_audio_visual,property_destroyed_structures_industrial_manufacturing,property_destroyed_negotiable_instruments,property_destroyed_aircraft,property_destroyed_drugs_narcotics,property_destroyed_nonnegotiable_instruments,property_destroyed_gambling_equipment,property_destroyed_purses_handbags_wallets,property_destroyed_credit_debit_cards,property_destroyed_drug_narcotic_equipment,property_destroyed_mean_value_automobile,property_destroyed_mean_value_clothes_furs,property_destroyed_mean_value_consumable_goods,property_destroyed_mean_value_household_goods,property_destroyed_mean_value_livestock,property_destroyed_mean_value_money,property_destroyed_mean_value_office_type_equipment,property_destroyed_mean_value_other,property_destroyed_mean_value_radios_tv_vcr_dvd_players,property_destroyed_mean_value_firearms,property_destroyed_mean_value_jewelry_precious_metals_gems,property_destroyed_mean_value_pending_inventory_of_property,property_destroyed_mean_value_buses,property_destroyed_mean_value_structures_single_occupancy_dwellings,property_destroyed_mean_value_structures_storage,property_destroyed_mean_value_farm_equipment,property_destroyed_mean_value_structures_other,property_destroyed_mean_value_structures_other_dwellings,property_destroyed_mean_value_structures_public_community,property_destroyed_mean_value_bicycles,property_destroyed_mean_value_merchandise,property_destroyed_mean_value_other_motor_vehicles,property_destroyed_mean_value_recreational_vehicles,property_destroyed_mean_value_special_category,property_destroyed_mean_value_structures_other_commercial_business,property_destroyed_mean_value_vehicle_parts_accessories,property_destroyed_mean_value_watercraft,property_destroyed_mean_value_heavy_construction_industrial_equipment,property_destroyed_mean_value_computer_hardware_software,property_destroyed_mean_value_tools_power_hand,property_destroyed_mean_value_trucks,property_destroyed_mean_value_alcohol,property_destroyed_mean_value_recordings_audio_visual,property_destroyed_mean_value_structures_industrial_manufacturing,property_destroyed_mean_value_negotiable_instruments,property_destroyed_mean_value_aircraft,property_destroyed_mean_value_drugs_narcotics,property_destroyed_mean_value_nonnegotiable_instruments,property_destroyed_mean_value_gambling_equipment,property_destroyed_mean_value_purses_handbags_wallets,property_destroyed_mean_value_credit_debit_cards,property_destroyed_mean_value_drug_narcotic_equipment,property_destroyed_median_value_automobile,property_destroyed_median_value_clothes_furs,property_destroyed_median_value_consumable_goods,property_destroyed_median_value_household_goods,property_destroyed_median_value_livestock,property_destroyed_median_value_money,property_destroyed_median_value_office_type_equipment,property_destroyed_median_value_other,property_destroyed_median_value_radios_tv_vcr_dvd_players,property_destroyed_median_value_firearms,property_destroyed_median_value_jewelry_precious_metals_gems,property_destroyed_median_value_pending_inventory_of_property,property_destroyed_median_value_buses,property_destroyed_median_value_structures_single_occupancy_dwellings,property_destroyed_median_value_structures_storage,property_destroyed_median_value_farm_equipment,property_destroyed_median_value_structures_other,property_destroyed_median_value_structures_other_dwellings,property_destroyed_median_value_structures_public_community,property_destroyed_median_value_bicycles,property_destroyed_median_value_merchandise,property_destroyed_median_value_other_motor_vehicles,property_destroyed_median_value_recreational_vehicles,property_destroyed_median_value_special_category,property_destroyed_median_value_structures_other_commercial_business,property_destroyed_median_value_vehicle_parts_accessories,property_destroyed_median_value_watercraft,property_destroyed_median_value_heavy_construction_industrial_equipment,property_destroyed_median_value_computer_hardware_software,property_destroyed_median_value_tools_power_hand,property_destroyed_median_value_trucks,property_destroyed_median_value_alcohol,property_destroyed_median_value_recordings_audio_visual,property_destroyed_median_value_structures_industrial_manufacturing,property_destroyed_median_value_negotiable_instruments,property_destroyed_median_value_aircraft,property_destroyed_median_value_drugs_narcotics,property_destroyed_median_value_nonnegotiable_instruments,property_destroyed_median_value_gambling_equipment,property_destroyed_median_value_purses_handbags_wallets,property_destroyed_median_value_credit_debit_cards,property_destroyed_median_value_drug_narcotic_equipment,property_recovered_automobile,property_recovered_clothes_furs,property_recovered_consumable_goods,property_recovered_firearms,property_recovered_household_goods,property_recovered_jewelry_precious_metals_gems,property_recovered_money,property_recovered_office_type_equipment,property_recovered_other,property_recovered_radios_tv_vcr_dvd_players,property_recovered_livestock,property_recovered_other_motor_vehicles,property_recovered_vehicle_parts_accessories,property_recovered_tools_power_hand,property_recovered_alcohol,property_recovered_bicycles,property_recovered_merchandise,property_recovered_recordings_audio_visual,property_recovered_recreational_vehicles,property_recovered_watercraft,property_recovered_credit_debit_cards,property_recovered_computer_hardware_software,property_recovered_heavy_construction_industrial_equipment,property_recovered_negotiable_instruments,property_recovered_nonnegotiable_instruments,property_recovered_purses_handbags_wallets,property_recovered_special_category,property_recovered_structures_storage,property_recovered_trucks,property_recovered_farm_equipment,property_recovered_structures_other_dwellings,property_recovered_drug_narcotic_equipment,property_recovered_drugs_narcotics,property_recovered_gambling_equipment,property_recovered_buses,property_recovered_aircraft,property_recovered_pending_inventory_of_property,property_recovered_structures_other,property_recovered_mean_value_automobile,property_recovered_mean_value_clothes_furs,property_recovered_mean_value_consumable_goods,property_recovered_mean_value_firearms,property_recovered_mean_value_household_goods,property_recovered_mean_value_jewelry_precious_metals_gems,property_recovered_mean_value_money,property_recovered_mean_value_office_type_equipment,property_recovered_mean_value_other,property_recovered_mean_value_radios_tv_vcr_dvd_players,property_recovered_mean_value_livestock,property_recovered_mean_value_other_motor_vehicles,property_recovered_mean_value_vehicle_parts_accessories,property_recovered_mean_value_tools_power_hand,property_recovered_mean_value_alcohol,property_recovered_mean_value_bicycles,property_recovered_mean_value_merchandise,property_recovered_mean_value_recordings_audio_visual,property_recovered_mean_value_recreational_vehicles,property_recovered_mean_value_watercraft,property_recovered_mean_value_credit_debit_cards,property_recovered_mean_value_computer_hardware_software,property_recovered_mean_value_heavy_construction_industrial_equipment,property_recovered_mean_value_negotiable_instruments,property_recovered_mean_value_nonnegotiable_instruments,property_recovered_mean_value_purses_handbags_wallets,property_recovered_mean_value_special_category,property_recovered_mean_value_structures_storage,property_recovered_mean_value_trucks,property_recovered_mean_value_farm_equipment,property_recovered_mean_value_structures_other_dwellings,property_recovered_mean_value_drug_narcotic_equipment,property_recovered_mean_value_drugs_narcotics,property_recovered_mean_value_gambling_equipment,property_recovered_mean_value_buses,property_recovered_mean_value_aircraft,property_recovered_mean_value_pending_inventory_of_property,property_recovered_mean_value_structures_other,property_recovered_median_value_automobile,property_recovered_median_value_clothes_furs,property_recovered_median_value_consumable_goods,property_recovered_median_value_firearms,property_recovered_median_value_household_goods,property_recovered_median_value_jewelry_precious_metals_gems,property_recovered_median_value_money,property_recovered_median_value_office_type_equipment,property_recovered_median_value_other,property_recovered_median_value_radios_tv_vcr_dvd_players,property_recovered_median_value_livestock,property_recovered_median_value_other_motor_vehicles,property_recovered_median_value_vehicle_parts_accessories,property_recovered_median_value_tools_power_hand,property_recovered_median_value_alcohol,property_recovered_median_value_bicycles,property_recovered_median_value_merchandise,property_recovered_median_value_recordings_audio_visual,property_recovered_median_value_recreational_vehicles,property_recovered_median_value_watercraft,property_recovered_median_value_credit_debit_cards,property_recovered_median_value_computer_hardware_software,property_recovered_median_value_heavy_construction_industrial_equipment,property_recovered_median_value_negotiable_instruments,property_recovered_median_value_nonnegotiable_instruments,property_recovered_median_value_purses_handbags_wallets,property_recovered_median_value_special_category,property_recovered_median_value_structures_storage,property_recovered_median_value_trucks,property_recovered_median_value_farm_equipment,property_recovered_median_value_structures_other_dwellings,property_recovered_median_value_drug_narcotic_equipment,property_recovered_median_value_drugs_narcotics,property_recovered_median_value_gambling_equipment,property_recovered_median_value_buses,property_recovered_median_value_aircraft,property_recovered_median_value_pending_inventory_of_property,property_recovered_median_value_structures_other,property_seized_consumable_goods,property_seized_drugs_narcotics,property_seized_firearms,property_seized_other,property_seized_radios_tv_vcr_dvd_players,property_seized_pending_inventory_of_property,property_seized_drug_narcotic_equipment,property_seized_gambling_equipment,property_seized_money,property_seized_negotiable_instruments,property_seized_alcohol,property_seized_vehicle_parts_accessories,property_seized_special_category,property_seized_nonnegotiable_instruments,property_seized_purses_handbags_wallets,property_seized_automobile,property_seized_jewelry_precious_metals_gems,property_seized_aircraft,property_seized_trucks,property_seized_clothes_furs,property_seized_farm_equipment,property_seized_office_type_equipment,property_seized_computer_hardware_software,property_seized_bicycles,property_seized_credit_debit_cards,property_seized_household_goods,property_seized_other_motor_vehicles,property_seized_tools_power_hand,property_seized_recordings_audio_visual,property_seized_structures_single_occupancy_dwellings,property_seized_mean_value_consumable_goods,property_seized_mean_value_drugs_narcotics,property_seized_mean_value_firearms,property_seized_mean_value_other,property_seized_mean_value_radios_tv_vcr_dvd_players,property_seized_mean_value_pending_inventory_of_property,property_seized_mean_value_drug_narcotic_equipment,property_seized_mean_value_gambling_equipment,property_seized_mean_value_money,property_seized_mean_value_negotiable_instruments,property_seized_mean_value_alcohol,property_seized_mean_value_vehicle_parts_accessories,property_seized_mean_value_special_category,property_seized_mean_value_nonnegotiable_instruments,property_seized_mean_value_purses_handbags_wallets,property_seized_mean_value_automobile,property_seized_mean_value_jewelry_precious_metals_gems,property_seized_mean_value_aircraft,property_seized_mean_value_trucks,property_seized_mean_value_clothes_furs,property_seized_mean_value_farm_equipment,property_seized_mean_value_office_type_equipment,property_seized_mean_value_computer_hardware_software,property_seized_mean_value_bicycles,property_seized_mean_value_credit_debit_cards,property_seized_mean_value_household_goods,property_seized_mean_value_other_motor_vehicles,property_seized_mean_value_tools_power_hand,property_seized_mean_value_recordings_audio_visual,property_seized_mean_value_structures_single_occupancy_dwellings,property_seized_median_value_consumable_goods,property_seized_median_value_drugs_narcotics,property_seized_median_value_firearms,property_seized_median_value_other,property_seized_median_value_radios_tv_vcr_dvd_players,property_seized_median_value_pending_inventory_of_property,property_seized_median_value_drug_narcotic_equipment,property_seized_median_value_gambling_equipment,property_seized_median_value_money,property_seized_median_value_negotiable_instruments,property_seized_median_value_alcohol,property_seized_median_value_vehicle_parts_accessories,property_seized_median_value_special_category,property_seized_median_value_nonnegotiable_instruments,property_seized_median_value_purses_handbags_wallets,property_seized_median_value_automobile,property_seized_median_value_jewelry_precious_metals_gems,property_seized_median_value_aircraft,property_seized_median_value_trucks,property_seized_median_value_clothes_furs,property_seized_median_value_farm_equipment,property_seized_median_value_office_type_equipment,property_seized_median_value_computer_hardware_software,property_seized_median_value_bicycles,property_seized_median_value_credit_debit_cards,property_seized_median_value_household_goods,property_seized_median_value_other_motor_vehicles,property_seized_median_value_tools_power_hand,property_seized_median_value_recordings_audio_visual,property_seized_median_value_structures_single_occupancy_dwellings,property_counterfeited_automobile,property_counterfeited_money,property_counterfeited_other,property_counterfeited_pending_inventory_of_property,property_counterfeited_clothes_furs,property_counterfeited_consumable_goods,property_counterfeited_jewelry_precious_metals_gems,property_counterfeited_office_type_equipment,property_counterfeited_radios_tv_vcr_dvd_players,property_counterfeited_negotiable_instruments,property_counterfeited_credit_debit_cards,property_counterfeited_nonnegotiable_instruments,property_counterfeited_structures_public_community,property_counterfeited_special_category,property_counterfeited_drugs_narcotics,property_counterfeited_farm_equipment,property_counterfeited_vehicle_parts_accessories,property_counterfeited_household_goods,property_counterfeited_recordings_audio_visual,property_counterfeited_tools_power_hand,property_counterfeited_alcohol,property_counterfeited_recreational_vehicles,property_counterfeited_structures_industrial_manufacturing,property_counterfeited_structures_single_occupancy_dwellings,property_counterfeited_drug_narcotic_equipment,property_counterfeited_merchandise,property_counterfeited_computer_hardware_software,property_counterfeited_firearms,property_counterfeited_mean_value_automobile,property_counterfeited_mean_value_money,property_counterfeited_mean_value_other,property_counterfeited_mean_value_pending_inventory_of_property,property_counterfeited_mean_value_clothes_furs,property_counterfeited_mean_value_consumable_goods,property_counterfeited_mean_value_jewelry_precious_metals_gems,property_counterfeited_mean_value_office_type_equipment,property_counterfeited_mean_value_radios_tv_vcr_dvd_players,property_counterfeited_mean_value_negotiable_instruments,property_counterfeited_mean_value_credit_debit_cards,property_counterfeited_mean_value_nonnegotiable_instruments,property_counterfeited_mean_value_structures_public_community,property_counterfeited_mean_value_special_category,property_counterfeited_mean_value_drugs_narcotics,property_counterfeited_mean_value_farm_equipment,property_counterfeited_mean_value_vehicle_parts_accessories,property_counterfeited_mean_value_household_goods,property_counterfeited_mean_value_recordings_audio_visual,property_counterfeited_mean_value_tools_power_hand,property_counterfeited_mean_value_alcohol,property_counterfeited_mean_value_recreational_vehicles,property_counterfeited_mean_value_structures_industrial_manufacturing,property_counterfeited_mean_value_structures_single_occupancy_dwellings,property_counterfeited_mean_value_drug_narcotic_equipment,property_counterfeited_mean_value_merchandise,property_counterfeited_mean_value_computer_hardware_software,property_counterfeited_mean_value_firearms,property_counterfeited_median_value_automobile,property_counterfeited_median_value_money,property_counterfeited_median_value_other,property_counterfeited_median_value_pending_inventory_of_property,property_counterfeited_median_value_clothes_furs,property_counterfeited_median_value_consumable_goods,property_counterfeited_median_value_jewelry_precious_metals_gems,property_counterfeited_median_value_office_type_equipment,property_counterfeited_median_value_radios_tv_vcr_dvd_players,property_counterfeited_median_value_negotiable_instruments,property_counterfeited_median_value_credit_debit_cards,property_counterfeited_median_value_nonnegotiable_instruments,property_counterfeited_median_value_structures_public_community,property_counterfeited_median_value_special_category,property_counterfeited_median_value_drugs_narcotics,property_counterfeited_median_value_farm_equipment,property_counterfeited_median_value_vehicle_parts_accessories,property_counterfeited_median_value_household_goods,property_counterfeited_median_value_recordings_audio_visual,property_counterfeited_median_value_tools_power_hand,property_counterfeited_median_value_alcohol,property_counterfeited_median_value_recreational_vehicles,property_counterfeited_median_value_structures_industrial_manufacturing,property_counterfeited_median_value_structures_single_occupancy_dwellings,property_counterfeited_median_value_drug_narcotic_equipment,property_counterfeited_median_value_merchandise,property_counterfeited_median_value_computer_hardware_software,property_counterfeited_median_value_firearms,property_burned_pending_inventory_of_property,property_burned_automobile,property_burned_other,property_burned_structures_single_occupancy_dwellings,property_burned_household_goods,property_burned_special_category,property_burned_structures_other,property_burned_structures_other_dwellings,property_burned_structures_storage,property_burned_vehicle_parts_accessories,property_burned_structures_public_community,property_burned_bicycles,property_burned_structures_other_commercial_business,property_burned_clothes_furs,property_burned_farm_equipment,property_burned_buses,property_burned_trucks,property_burned_heavy_construction_industrial_equipment,property_burned_money,property_burned_watercraft,property_burned_computer_hardware_software,property_burned_consumable_goods,property_burned_other_motor_vehicles,property_burned_recreational_vehicles,property_burned_radios_tv_vcr_dvd_players,property_burned_structures_industrial_manufacturing,property_burned_tools_power_hand,property_burned_purses_handbags_wallets,property_burned_jewelry_precious_metals_gems,property_burned_recordings_audio_visual,property_burned_credit_debit_cards,property_burned_firearms,property_burned_mean_value_pending_inventory_of_property,property_burned_mean_value_automobile,property_burned_mean_value_other,property_burned_mean_value_structures_single_occupancy_dwellings,property_burned_mean_value_household_goods,property_burned_mean_value_special_category,property_burned_mean_value_structures_other,property_burned_mean_value_structures_other_dwellings,property_burned_mean_value_structures_storage,property_burned_mean_value_vehicle_parts_accessories,property_burned_mean_value_structures_public_community,property_burned_mean_value_bicycles,property_burned_mean_value_structures_other_commercial_business,property_burned_mean_value_clothes_furs,property_burned_mean_value_farm_equipment,property_burned_mean_value_buses,property_burned_mean_value_trucks,property_burned_mean_value_heavy_construction_industrial_equipment,property_burned_mean_value_money,property_burned_mean_value_watercraft,property_burned_mean_value_computer_hardware_software,property_burned_mean_value_consumable_goods,property_burned_mean_value_other_motor_vehicles,property_burned_mean_value_recreational_vehicles,property_burned_mean_value_radios_tv_vcr_dvd_players,property_burned_mean_value_structures_industrial_manufacturing,property_burned_mean_value_tools_power_hand,property_burned_mean_value_purses_handbags_wallets,property_burned_mean_value_jewelry_precious_metals_gems,property_burned_mean_value_recordings_audio_visual,property_burned_mean_value_credit_debit_cards,property_burned_mean_value_firearms,property_burned_median_value_pending_inventory_of_property,property_burned_median_value_automobile,property_burned_median_value_other,property_burned_median_value_structures_single_occupancy_dwellings,property_burned_median_value_household_goods,property_burned_median_value_special_category,property_burned_median_value_structures_other,property_burned_median_value_structures_other_dwellings,property_burned_median_value_structures_storage,property_burned_median_value_vehicle_parts_accessories,property_burned_median_value_structures_public_community,property_burned_median_value_bicycles,property_burned_median_value_structures_other_commercial_business,property_burned_median_value_clothes_furs,property_burned_median_value_farm_equipment,property_burned_median_value_buses,property_burned_median_value_trucks,property_burned_median_value_heavy_construction_industrial_equipment,property_burned_median_value_money,property_burned_median_value_watercraft,property_burned_median_value_computer_hardware_software,property_burned_median_value_consumable_goods,property_burned_median_value_other_motor_vehicles,property_burned_median_value_recreational_vehicles,property_burned_median_value_radios_tv_vcr_dvd_players,property_burned_median_value_structures_industrial_manufacturing,property_burned_median_value_tools_power_hand,property_burned_median_value_purses_handbags_wallets,property_burned_median_value_jewelry_precious_metals_gems,property_burned_median_value_recordings_audio_visual,property_burned_median_value_credit_debit_cards,property_burned_median_value_firearms,drugs_unknown_type_drug,drugs_cocaine,drugs_marijuana,drugs_hashish,drugs_amphetamines_methamphetamines,drugs_other_hallucinogens,drugs_other_stimulants,drugs_crack_cocaine,drugs_lsd,drugs_other_narcotics,drugs_barbiturates,drugs_heroin,drugs_morphine,drugs_other_depressants,drugs_pcp,property_seized_merchandise,property_seized_watercraft,property_seized_structures_other_dwellings,property_seized_recreational_vehicles,property_seized_structures_other,property_seized_mean_value_merchandise,property_seized_mean_value_watercraft,property_seized_mean_value_structures_other_dwellings,property_seized_mean_value_recreational_vehicles,property_seized_mean_value_structures_other,property_seized_median_value_merchandise,property_seized_median_value_watercraft,property_seized_median_value_structures_other_dwellings,property_seized_median_value_recreational_vehicles,property_seized_median_value_structures_other,property_recovered_structures_other_commercial_business,property_recovered_structures_industrial_manufacturing,property_recovered_structures_single_occupancy_dwellings,property_recovered_structures_public_community,property_recovered_mean_value_structures_other_commercial_business,property_recovered_mean_value_structures_industrial_manufacturing,property_recovered_mean_value_structures_single_occupancy_dwellings,property_recovered_mean_value_structures_public_community,property_recovered_median_value_structures_other_commercial_business,property_recovered_median_value_structures_industrial_manufacturing,property_recovered_median_value_structures_single_occupancy_dwellings,property_recovered_median_value_structures_public_community,property_counterfeited_livestock,property_counterfeited_gambling_equipment,property_counterfeited_purses_handbags_wallets,property_counterfeited_mean_value_livestock,property_counterfeited_mean_value_gambling_equipment,property_counterfeited_mean_value_purses_handbags_wallets,property_counterfeited_median_value_livestock,property_counterfeited_median_value_gambling_equipment,property_counterfeited_median_value_purses_handbags_wallets,property_burned_livestock,property_burned_office_type_equipment,property_burned_gambling_equipment,property_burned_drugs_narcotics,property_burned_mean_value_livestock,property_burned_mean_value_office_type_equipment,property_burned_mean_value_gambling_equipment,property_burned_mean_value_drugs_narcotics,property_burned_median_value_livestock,property_burned_median_value_office_type_equipment,property_burned_median_value_gambling_equipment,property_burned_median_value_drugs_narcotics,drugs_opium,property_counterfeited_trucks,property_counterfeited_heavy_construction_industrial_equipment,property_counterfeited_other_motor_vehicles,property_counterfeited_mean_value_trucks,property_counterfeited_mean_value_heavy_construction_industrial_equipment,property_counterfeited_mean_value_other_motor_vehicles,property_counterfeited_median_value_trucks,property_counterfeited_median_value_heavy_construction_industrial_equipment,property_counterfeited_median_value_other_motor_vehicles,property_burned_alcohol,property_burned_merchandise,property_burned_nonnegotiable_instruments,property_burned_aircraft,property_burned_mean_value_alcohol,property_burned_mean_value_merchandise,property_burned_mean_value_nonnegotiable_instruments,property_burned_mean_value_aircraft,property_burned_median_value_alcohol,property_burned_median_value_merchandise,property_burned_median_value_nonnegotiable_instruments,property_burned_median_value_aircraft,property_seized_heavy_construction_industrial_equipment,property_seized_mean_value_heavy_construction_industrial_equipment,property_seized_median_value_heavy_construction_industrial_equipment,property_burned_drug_narcotic_equipment,property_burned_mean_value_drug_narcotic_equipment,property_burned_median_value_drug_narcotic_equipment,property_seized_buses,property_seized_mean_value_buses,property_seized_median_value_buses,property_counterfeited_structures_other_commercial_business,property_counterfeited_aircraft,property_counterfeited_mean_value_structures_other_commercial_business,property_counterfeited_mean_value_aircraft,property_counterfeited_median_value_structures_other_commercial_business,property_counterfeited_median_value_aircraft,property_burned_negotiable_instruments,property_burned_mean_value_negotiable_instruments,property_burned_median_value_negotiable_instruments,property_counterfeited_structures_other_dwellings,property_counterfeited_mean_value_structures_other_dwellings,property_counterfeited_median_value_structures_other_dwellings,property_seized_livestock,property_seized_mean_value_livestock,property_seized_median_value_livestock,property_counterfeited_bicycles,property_counterfeited_mean_value_bicycles,property_counterfeited_median_value_bicycles,property_counterfeited_buses,property_counterfeited_watercraft,property_counterfeited_structures_other,property_counterfeited_mean_value_buses,property_counterfeited_mean_value_watercraft,property_counterfeited_mean_value_structures_other,property_counterfeited_median_value_buses,property_counterfeited_median_value_watercraft,property_counterfeited_median_value_structures_other,property_seized_structures_industrial_manufacturing,property_seized_mean_value_structures_industrial_manufacturing,property_seized_median_value_structures_industrial_manufacturing,property_seized_structures_public_community,property_seized_mean_value_structures_public_community,property_seized_median_value_structures_public_community,property_seized_structures_other_commercial_business,property_seized_structures_storage,property_seized_mean_value_structures_other_commercial_business,property_seized_mean_value_structures_storage,property_seized_median_value_structures_other_commercial_business,property_seized_median_value_structures_storage,property_counterfeited_structures_storage,property_counterfeited_mean_value_structures_storage,property_counterfeited_median_value_structures_storage,property_stolen_recreational_sports_equipment,property_stolen_portible_electronic_communications,property_stolen_lawn_yard_garden_equipment,property_stolen_musical_instruments,property_stolen_building_materials,property_stolen_logging_equipment,property_stolen_pets,property_stolen_photographic_optical_equipment,property_stolen_weapons_other,property_stolen_chemicals,property_stolen_documents_personal_or_business,property_stolen_fuel,property_stolen_identity_intangible,property_stolen_identity_documents,property_stolen_metals_non_precious,property_stolen_trailers,property_stolen_aircraft_parts_accessories,property_stolen_camping_hunting_fishing_equipment_supplies,property_stolen_law_enforcement_equipment,property_stolen_firearm_accessories,property_stolen_watercraft_equipment_parts_accessories,property_stolen_medical_medical_lab_equipment,property_stolen_collections_collectibles,property_stolen_artistic_supplies_accessories,property_stolen_mean_value_recreational_sports_equipment,property_stolen_mean_value_portible_electronic_communications,property_stolen_mean_value_lawn_yard_garden_equipment,property_stolen_mean_value_musical_instruments,property_stolen_mean_value_building_materials,property_stolen_mean_value_logging_equipment,property_stolen_mean_value_pets,property_stolen_mean_value_photographic_optical_equipment,property_stolen_mean_value_weapons_other,property_stolen_mean_value_chemicals,property_stolen_mean_value_documents_personal_or_business,property_stolen_mean_value_fuel,property_stolen_mean_value_identity_intangible,property_stolen_mean_value_identity_documents,property_stolen_mean_value_metals_non_precious,property_stolen_mean_value_trailers,property_stolen_mean_value_aircraft_parts_accessories,property_stolen_mean_value_camping_hunting_fishing_equipment_supplies,property_stolen_mean_value_law_enforcement_equipment,property_stolen_mean_value_firearm_accessories,property_stolen_mean_value_watercraft_equipment_parts_accessories,property_stolen_mean_value_medical_medical_lab_equipment,property_stolen_mean_value_collections_collectibles,property_stolen_mean_value_artistic_supplies_accessories,property_stolen_median_value_recreational_sports_equipment,property_stolen_median_value_portible_electronic_communications,property_stolen_median_value_lawn_yard_garden_equipment,property_stolen_median_value_musical_instruments,property_stolen_median_value_building_materials,property_stolen_median_value_logging_equipment,property_stolen_median_value_pets,property_stolen_median_value_photographic_optical_equipment,property_stolen_median_value_weapons_other,property_stolen_median_value_chemicals,property_stolen_median_value_documents_personal_or_business,property_stolen_median_value_fuel,property_stolen_median_value_identity_intangible,property_stolen_median_value_identity_documents,property_stolen_median_value_metals_non_precious,property_stolen_median_value_trailers,property_stolen_median_value_aircraft_parts_accessories,property_stolen_median_value_camping_hunting_fishing_equipment_supplies,property_stolen_median_value_law_enforcement_equipment,property_stolen_median_value_firearm_accessories,property_stolen_median_value_watercraft_equipment_parts_accessories,property_stolen_median_value_medical_medical_lab_equipment,property_stolen_median_value_collections_collectibles,property_stolen_median_value_artistic_supplies_accessories,property_counterfeited_identity_intangible,property_counterfeited_identity_documents,property_counterfeited_documents_personal_or_business,property_counterfeited_mean_value_identity_intangible,property_counterfeited_mean_value_identity_documents,property_counterfeited_mean_value_documents_personal_or_business,property_counterfeited_median_value_identity_intangible,property_counterfeited_median_value_identity_documents,property_counterfeited_median_value_documents_personal_or_business,property_destroyed_building_materials,property_destroyed_metals_non_precious,property_destroyed_photographic_optical_equipment,property_destroyed_mean_value_building_materials,property_destroyed_mean_value_metals_non_precious,property_destroyed_mean_value_photographic_optical_equipment,property_destroyed_median_value_building_materials,property_destroyed_median_value_metals_non_precious,property_destroyed_median_value_photographic_optical_equipment,property_seized_identity_intangible,property_seized_photographic_optical_equipment,property_seized_weapons_other,property_seized_mean_value_identity_intangible,property_seized_mean_value_photographic_optical_equipment,property_seized_mean_value_weapons_other,property_seized_median_value_identity_intangible,property_seized_median_value_photographic_optical_equipment,property_seized_median_value_weapons_other,property_recovered_recreational_sports_equipment,property_recovered_documents_personal_or_business,property_recovered_identity_documents,property_recovered_logging_equipment,property_recovered_metals_non_precious,property_recovered_pets,property_recovered_photographic_optical_equipment,property_recovered_building_materials,property_recovered_musical_instruments,property_recovered_camping_hunting_fishing_equipment_supplies,property_recovered_fuel,property_recovered_identity_intangible,property_recovered_weapons_other,property_recovered_trailers,property_recovered_collections_collectibles,property_recovered_mean_value_recreational_sports_equipment,property_recovered_mean_value_documents_personal_or_business,property_recovered_mean_value_identity_documents,property_recovered_mean_value_logging_equipment,property_recovered_mean_value_metals_non_precious,property_recovered_mean_value_pets,property_recovered_mean_value_photographic_optical_equipment,property_recovered_mean_value_building_materials,property_recovered_mean_value_musical_instruments,property_recovered_mean_value_camping_hunting_fishing_equipment_supplies,property_recovered_mean_value_fuel,property_recovered_mean_value_identity_intangible,property_recovered_mean_value_weapons_other,property_recovered_mean_value_trailers,property_recovered_mean_value_collections_collectibles,property_recovered_median_value_recreational_sports_equipment,property_recovered_median_value_documents_personal_or_business,property_recovered_median_value_identity_documents,property_recovered_median_value_logging_equipment,property_recovered_median_value_metals_non_precious,property_recovered_median_value_pets,property_recovered_median_value_photographic_optical_equipment,property_recovered_median_value_building_materials,property_recovered_median_value_musical_instruments,property_recovered_median_value_camping_hunting_fishing_equipment_supplies,property_recovered_median_value_fuel,property_recovered_median_value_identity_intangible,property_recovered_median_value_weapons_other,property_recovered_median_value_trailers,property_recovered_median_value_collections_collectibles,property_burned_recreational_sports_equipment,property_burned_mean_value_recreational_sports_equipment,property_burned_median_value_recreational_sports_equipment,property_stolen_crops,property_stolen_explosives,property_stolen_mean_value_crops,property_stolen_mean_value_explosives,property_stolen_median_value_crops,property_stolen_median_value_explosives,property_destroyed_lawn_yard_garden_equipment,property_destroyed_medical_medical_lab_equipment,property_destroyed_portible_electronic_communications,property_destroyed_trailers,property_destroyed_law_enforcement_equipment,property_destroyed_recreational_sports_equipment,property_destroyed_artistic_supplies_accessories,property_destroyed_collections_collectibles,property_destroyed_watercraft_equipment_parts_accessories,property_destroyed_crops,property_destroyed_camping_hunting_fishing_equipment_supplies,property_destroyed_musical_instruments,property_destroyed_identity_documents,property_destroyed_pets,property_destroyed_weapons_other,property_destroyed_chemicals,property_destroyed_firearm_accessories,property_destroyed_fuel,property_destroyed_aircraft_parts_accessories,property_destroyed_logging_equipment,property_destroyed_documents_personal_or_business,property_destroyed_mean_value_lawn_yard_garden_equipment,property_destroyed_mean_value_medical_medical_lab_equipment,property_destroyed_mean_value_portible_electronic_communications,property_destroyed_mean_value_trailers,property_destroyed_mean_value_law_enforcement_equipment,property_destroyed_mean_value_recreational_sports_equipment,property_destroyed_mean_value_artistic_supplies_accessories,property_destroyed_mean_value_collections_collectibles,property_destroyed_mean_value_watercraft_equipment_parts_accessories,property_destroyed_mean_value_crops,property_destroyed_mean_value_camping_hunting_fishing_equipment_supplies,property_destroyed_mean_value_musical_instruments,property_destroyed_mean_value_identity_documents,property_destroyed_mean_value_pets,property_destroyed_mean_value_weapons_other,property_destroyed_mean_value_chemicals,property_destroyed_mean_value_firearm_accessories,property_destroyed_mean_value_fuel,property_destroyed_mean_value_aircraft_parts_accessories,property_destroyed_mean_value_logging_equipment,property_destroyed_mean_value_documents_personal_or_business,property_destroyed_median_value_lawn_yard_garden_equipment,property_destroyed_median_value_medical_medical_lab_equipment,property_destroyed_median_value_portible_electronic_communications,property_destroyed_median_value_trailers,property_destroyed_median_value_law_enforcement_equipment,property_destroyed_median_value_recreational_sports_equipment,property_destroyed_median_value_artistic_supplies_accessories,property_destroyed_median_value_collections_collectibles,property_destroyed_median_value_watercraft_equipment_parts_accessories,property_destroyed_median_value_crops,property_destroyed_median_value_camping_hunting_fishing_equipment_supplies,property_destroyed_median_value_musical_instruments,property_destroyed_median_value_identity_documents,property_destroyed_median_value_pets,property_destroyed_median_value_weapons_other,property_destroyed_median_value_chemicals,property_destroyed_median_value_firearm_accessories,property_destroyed_median_value_fuel,property_destroyed_median_value_aircraft_parts_accessories,property_destroyed_median_value_logging_equipment,property_destroyed_median_value_documents_personal_or_business,property_seized_chemicals,property_seized_documents_personal_or_business,property_seized_identity_documents,property_seized_recreational_sports_equipment,property_seized_portible_electronic_communications,property_seized_explosives,property_seized_firearm_accessories,property_seized_law_enforcement_equipment,property_seized_collections_collectibles,property_seized_trailers,property_seized_mean_value_chemicals,property_seized_mean_value_documents_personal_or_business,property_seized_mean_value_identity_documents,property_seized_mean_value_recreational_sports_equipment,property_seized_mean_value_portible_electronic_communications,property_seized_mean_value_explosives,property_seized_mean_value_firearm_accessories,property_seized_mean_value_law_enforcement_equipment,property_seized_mean_value_collections_collectibles,property_seized_mean_value_trailers,property_seized_median_value_chemicals,property_seized_median_value_documents_personal_or_business,property_seized_median_value_identity_documents,property_seized_median_value_recreational_sports_equipment,property_seized_median_value_portible_electronic_communications,property_seized_median_value_explosives,property_seized_median_value_firearm_accessories,property_seized_median_value_law_enforcement_equipment,property_seized_median_value_collections_collectibles,property_seized_median_value_trailers,property_counterfeited_collections_collectibles,property_counterfeited_medical_medical_lab_equipment,property_counterfeited_fuel,property_counterfeited_mean_value_collections_collectibles,property_counterfeited_mean_value_medical_medical_lab_equipment,property_counterfeited_mean_value_fuel,property_counterfeited_median_value_collections_collectibles,property_counterfeited_median_value_medical_medical_lab_equipment,property_counterfeited_median_value_fuel,property_recovered_chemicals,property_recovered_crops,property_recovered_portible_electronic_communications,property_recovered_explosives,property_recovered_lawn_yard_garden_equipment,property_recovered_firearm_accessories,property_recovered_law_enforcement_equipment,property_recovered_medical_medical_lab_equipment,property_recovered_artistic_supplies_accessories,property_recovered_watercraft_equipment_parts_accessories,property_recovered_aircraft_parts_accessories,property_recovered_mean_value_chemicals,property_recovered_mean_value_crops,property_recovered_mean_value_portible_electronic_communications,property_recovered_mean_value_explosives,property_recovered_mean_value_lawn_yard_garden_equipment,property_recovered_mean_value_firearm_accessories,property_recovered_mean_value_law_enforcement_equipment,property_recovered_mean_value_medical_medical_lab_equipment,property_recovered_mean_value_artistic_supplies_accessories,property_recovered_mean_value_watercraft_equipment_parts_accessories,property_recovered_mean_value_aircraft_parts_accessories,property_recovered_median_value_chemicals,property_recovered_median_value_crops,property_recovered_median_value_portible_electronic_communications,property_recovered_median_value_explosives,property_recovered_median_value_lawn_yard_garden_equipment,property_recovered_median_value_firearm_accessories,property_recovered_median_value_law_enforcement_equipment,property_recovered_median_value_medical_medical_lab_equipment,property_recovered_median_value_artistic_supplies_accessories,property_recovered_median_value_watercraft_equipment_parts_accessories,property_recovered_median_value_aircraft_parts_accessories,property_burned_building_materials,property_burned_crops,property_burned_lawn_yard_garden_equipment,property_burned_metals_non_precious,property_burned_camping_hunting_fishing_equipment_supplies,property_burned_photographic_optical_equipment,property_burned_trailers,property_burned_pets,property_burned_mean_value_building_materials,property_burned_mean_value_crops,property_burned_mean_value_lawn_yard_garden_equipment,property_burned_mean_value_metals_non_precious,property_burned_mean_value_camping_hunting_fishing_equipment_supplies,property_burned_mean_value_photographic_optical_equipment,property_burned_mean_value_trailers,property_burned_mean_value_pets,property_burned_median_value_building_materials,property_burned_median_value_crops,property_burned_median_value_lawn_yard_garden_equipment,property_burned_median_value_metals_non_precious,property_burned_median_value_camping_hunting_fishing_equipment_supplies,property_burned_median_value_photographic_optical_equipment,property_burned_median_value_trailers,property_burned_median_value_pets,property_counterfeited_crops,property_counterfeited_metals_non_precious,property_counterfeited_logging_equipment,property_counterfeited_photographic_optical_equipment,property_counterfeited_recreational_sports_equipment,property_counterfeited_trailers,property_counterfeited_musical_instruments,property_counterfeited_portible_electronic_communications,property_counterfeited_artistic_supplies_accessories,property_counterfeited_mean_value_crops,property_counterfeited_mean_value_metals_non_precious,property_counterfeited_mean_value_logging_equipment,property_counterfeited_mean_value_photographic_optical_equipment,property_counterfeited_mean_value_recreational_sports_equipment,property_counterfeited_mean_value_trailers,property_counterfeited_mean_value_musical_instruments,property_counterfeited_mean_value_portible_electronic_communications,property_counterfeited_mean_value_artistic_supplies_accessories,property_counterfeited_median_value_crops,property_counterfeited_median_value_metals_non_precious,property_counterfeited_median_value_logging_equipment,property_counterfeited_median_value_photographic_optical_equipment,property_counterfeited_median_value_recreational_sports_equipment,property_counterfeited_median_value_trailers,property_counterfeited_median_value_musical_instruments,property_counterfeited_median_value_portible_electronic_communications,property_counterfeited_median_value_artistic_supplies_accessories,property_destroyed_identity_intangible,property_destroyed_explosives,property_destroyed_mean_value_identity_intangible,property_destroyed_mean_value_explosives,property_destroyed_median_value_identity_intangible,property_destroyed_median_value_explosives,property_seized_camping_hunting_fishing_equipment_supplies,property_seized_lawn_yard_garden_equipment,property_seized_fuel,property_seized_medical_medical_lab_equipment,property_seized_artistic_supplies_accessories,property_seized_metals_non_precious,property_seized_musical_instruments,property_seized_watercraft_equipment_parts_accessories,property_seized_mean_value_camping_hunting_fishing_equipment_supplies,property_seized_mean_value_lawn_yard_garden_equipment,property_seized_mean_value_fuel,property_seized_mean_value_medical_medical_lab_equipment,property_seized_mean_value_artistic_supplies_accessories,property_seized_mean_value_metals_non_precious,property_seized_mean_value_musical_instruments,property_seized_mean_value_watercraft_equipment_parts_accessories,property_seized_median_value_camping_hunting_fishing_equipment_supplies,property_seized_median_value_lawn_yard_garden_equipment,property_seized_median_value_fuel,property_seized_median_value_medical_medical_lab_equipment,property_seized_median_value_artistic_supplies_accessories,property_seized_median_value_metals_non_precious,property_seized_median_value_musical_instruments,property_seized_median_value_watercraft_equipment_parts_accessories,property_burned_fuel,property_burned_explosives,property_burned_collections_collectibles,property_burned_logging_equipment,property_burned_medical_medical_lab_equipment,property_burned_identity_documents,property_burned_musical_instruments,property_burned_firearm_accessories,property_burned_weapons_other,property_burned_documents_personal_or_business,property_burned_artistic_supplies_accessories,property_burned_mean_value_fuel,property_burned_mean_value_explosives,property_burned_mean_value_collections_collectibles,property_burned_mean_value_logging_equipment,property_burned_mean_value_medical_medical_lab_equipment,property_burned_mean_value_identity_documents,property_burned_mean_value_musical_instruments,property_burned_mean_value_firearm_accessories,property_burned_mean_value_weapons_other,property_burned_mean_value_documents_personal_or_business,property_burned_mean_value_artistic_supplies_accessories,property_burned_median_value_fuel,property_burned_median_value_explosives,property_burned_median_value_collections_collectibles,property_burned_median_value_logging_equipment,property_burned_median_value_medical_medical_lab_equipment,property_burned_median_value_identity_documents,property_burned_median_value_musical_instruments,property_burned_median_value_firearm_accessories,property_burned_median_value_weapons_other,property_burned_median_value_documents_personal_or_business,property_burned_median_value_artistic_supplies_accessories,property_seized_pets,property_seized_crops,property_seized_building_materials,property_seized_mean_value_pets,property_seized_mean_value_crops,property_seized_mean_value_building_materials,property_seized_median_value_pets,property_seized_median_value_crops,property_seized_median_value_building_materials,property_counterfeited_aircraft_parts_accessories,property_counterfeited_lawn_yard_garden_equipment,property_counterfeited_chemicals,property_counterfeited_mean_value_aircraft_parts_accessories,property_counterfeited_mean_value_lawn_yard_garden_equipment,property_counterfeited_mean_value_chemicals,property_counterfeited_median_value_aircraft_parts_accessories,property_counterfeited_median_value_lawn_yard_garden_equipment,property_counterfeited_median_value_chemicals,property_burned_portible_electronic_communications,property_burned_chemicals,property_burned_watercraft_equipment_parts_accessories,property_burned_mean_value_portible_electronic_communications,property_burned_mean_value_chemicals,property_burned_mean_value_watercraft_equipment_parts_accessories,property_burned_median_value_portible_electronic_communications,property_burned_median_value_chemicals,property_burned_median_value_watercraft_equipment_parts_accessories,property_seized_aircraft_parts_accessories,property_seized_logging_equipment,property_seized_mean_value_aircraft_parts_accessories,property_seized_mean_value_logging_equipment,property_seized_median_value_aircraft_parts_accessories,property_seized_median_value_logging_equipment,property_counterfeited_building_materials,property_counterfeited_explosives,property_counterfeited_weapons_other,property_counterfeited_camping_hunting_fishing_equipment_supplies,property_counterfeited_law_enforcement_equipment,property_counterfeited_mean_value_building_materials,property_counterfeited_mean_value_explosives,property_counterfeited_mean_value_weapons_other,property_counterfeited_mean_value_camping_hunting_fishing_equipment_supplies,property_counterfeited_mean_value_law_enforcement_equipment,property_counterfeited_median_value_building_materials,property_counterfeited_median_value_explosives,property_counterfeited_median_value_weapons_other,property_counterfeited_median_value_camping_hunting_fishing_equipment_supplies,property_counterfeited_median_value_law_enforcement_equipment,property_counterfeited_firearm_accessories,property_counterfeited_mean_value_firearm_accessories,property_counterfeited_median_value_firearm_accessories,property_burned_law_enforcement_equipment,property_burned_mean_value_law_enforcement_equipment,property_burned_median_value_law_enforcement_equipment,property_counterfeited_watercraft_equipment_parts_accessories,property_counterfeited_mean_value_watercraft_equipment_parts_accessories,property_counterfeited_median_value_watercraft_equipment_parts_accessories,property_burned_identity_intangible,property_burned_mean_value_identity_intangible,property_burned_median_value_identity_intangible,property_counterfeited_pets,property_counterfeited_mean_value_pets,property_counterfeited_median_value_pets,property_burned_aircraft_parts_accessories,property_burned_mean_value_aircraft_parts_accessories,property_burned_median_value_aircraft_parts_accessories
TN0050200,1998,Maryville Police Department,Tennessee,23662,39,55,37,13,58,29,0,73,5,162,0,86,10,0,3,45,36,0,11,20,10,0,28,69,50,0,0,0,0,1,0,0,0,12,0,0,0,0,0,0,0,0,13712,305,124,3295,688,2373,0,893,482,951,0,787,44,0,27210,1418,284,0,391,2184,0,0,0,190,893,0,0,0,0,467,0,0,0,400,0,0,0,0,0,0,0,0,9346,150,22,804,271,935,0,280,280,252,0,561,21,0,18692,1084,93,0,374,662,0,0,0,103,397,0,0,0,0,467,0,0,0,120,0,0,0,0,0,0,0,0,87,1,0,2,0,0,0,86,1,0,0,0,0,0,0,0,0,0,0,0,0,0,0,0,0,17,1,0,0,1,1,0,0,0,0,0,0,0,0,1,0,0,1044,187,0,641,0,0,0,828,280,0,0,0,0,0,0,0,0,0,0,0,0,0,0,0,0,1056,280,0,0,280,933,0,0,0,0,0,0,0,0,561,0,0,626,187,0,641,0,0,0,318,280,0,0,0,0,0,0,0,0,0,0,0,0,0,0,0,0,561,280,0,0,280,933,0,0,0,0,0,0,0,0,561,0,0,28,32,7,3,5,7,4,1,31,12,0,2,5,10,3,5,0,7,0,0,0,3,0,0,4,15,0,0,0,0,0,0,1,0,0,0,0,0,11485,195,26,8993,517,374,997,1122,1130,600,0,17216,367,779,27,295,0,62,0,0,0,519,0,0,0,125,0,0,0,0,0,0,0,0,0,0,0,0,5608,118,28,914,280,75,116,1122,253,636,0,17216,93,299,11,295,0,56,0,0,0,280,0,0,0,93,0,0,0,0,0,0,0,0,0,0,0,0,0,29,0,0,0,0,17,0,0,0,0,0,0,0,0,0,0,0,0,0,0,0,0,0,0,0,0,0,0,0,0,0,0,0,0,0,9,0,0,0,0,0,0,0,0,0,0,0,0,0,0,0,0,0,0,0,0,0,0,0,0,0,0,0,0,0,9,0,0,0,0,0,0,0,0,0,0,0,0,0,0,0,0,0,0,0,0,0,0,0,0,0,1,0,0,0,0,0,0,0,2,32,,0,0,0,0,0,0,0,0,,,0,0,0,0,0,0,0,0,0,0,0,0,0,0,0,0,0,,0,0,0,0,0,0,0,0,,,0,0,0,0,0,0,0,0,0,0,0,0,0,0,0,0,0,,0,0,0,0,0,0,0,0,,,0,0,0,0,0,0,1,3,0,0,0,0,0,0,0,0,0,0,0,0,0,0,0,0,0,0,0,0,0,0,0,0,0,0,0,,0,0,3738,21845,0,0,0,0,0,0,0,0,0,0,0,0,0,0,0,0,0,0,0,0,0,0,0,0,0,0,0,,0,0,3738,18692,0,0,0,0,0,0,0,0,0,0,0,0,0,0,0,0,0,0,0,0,0,0,0,0,0,0,0,,0,0,1,18,0,0,0,0,2,0,3,0,0,0,0,0,0,0,0,0,,0,0,0,0,,0,0,0,0,,0,0,0,0,0,0,0,0,0,0,0,0,,,0,,,0,,,0,0,0,,0,0,0,,0,0,0,,0,0,0,,,0,,,0,,,0,0,0,0,0,0,0,0,0,0,0,0,0,0,0,,,,0,0,0,0,0,0,0,0,0,0,0,0,0,0,0,,,,0,0,0,,,,,,,,,,,,,,,,,,,,,,,,,,,,,,,,,,,,,,,,,,,,,,,,,,,,,,,,,,,,,,,,,,,,,,,,,,,,,,,,,,,,,,,,,,,,,,,,,,,,,,,,,,,,,,,,,,,,,,,,,,,,,,,,,,,,,,,,,,,,,,,,,,,,,,,,,,,,,,,,,,,,,,,,,,,,,,,,,,,,,,,,,,,,,,,,,,,,,,,,,,,,,,,,,,,,,,,,,,,,,,,,,,,,,,,,,,,,,,,,,,,,,,,,,,,,,,,,,,,,,,,,,,,,,,,,,,,,,,,,,,,,,,,,,,,,,,,,,,,,,,,,,,,,,,,,,,,,,,,,,,,,,,,,,,,,,,,,,,,,,,,,,,,,,,,,,,,,,,,,,,,,,,,,,,,,,,,,,,,,,,,,,,,,,,,,,,,,,,,,,,,,,,,,,,,,,,,,,,,,,,,,,,,,,,,,,,,,,,,,,,,,,,,,,,,,,,,,,,,,,,,,,,,,,,,,,,,,,,,,,,,,,,,,,,,,
TN0050200,1999,Maryville Police Department,Tennessee,23535,40,85,48,14,75,42,0,93,4,152,0,94,11,0,0,61,38,0,16,12,18,0,37,68,62,0,0,0,0,3,0,0,0,8,0,0,0,0,0,0,0,0,17362,276,1282,483,513,5263,0,1161,573,830,0,821,117,0,0,2736,381,0,367,1849,0,0,0,213,787,0,0,0,0,5305,0,0,0,154,0,0,0,0,0,0,0,0,11433,137,31,549,278,1810,0,348,588,274,0,487,46,0,0,1098,192,0,320,686,0,0,0,91,549,0,0,0,0,1829,0,0,0,128,0,0,0,0,0,0,0,0,70,0,0,3,0,0,0,60,0,0,0,0,0,0,0,0,0,0,0,0,0,1,0,0,0,7,0,0,0,0,0,0,0,0,0,0,0,0,0,0,0,0,1418,0,0,198,0,0,0,947,0,0,0,0,0,0,0,0,0,0,0,0,0,3658,0,0,0,404,0,0,0,0,0,0,0,0,0,0,0,0,0,0,0,0,823,0,0,183,0,0,0,294,0,0,0,0,0,0,0,0,0,0,0,0,0,3658,0,0,0,366,0,0,0,0,0,0,0,0,0,0,0,0,0,0,0,0,28,58,16,3,13,14,4,1,33,10,0,0,4,4,2,2,0,6,0,0,4,4,0,0,5,18,0,0,0,0,0,0,2,0,0,0,0,0,16942,257,182,488,721,6159,916,174,825,722,0,0,43,2640,421,165,0,102,0,0,0,2726,0,0,0,258,0,0,0,0,0,0,102,0,0,0,0,0,10518,132,40,549,366,1441,1006,174,380,493,0,0,42,1290,421,165,0,64,0,0,0,1930,0,0,0,51,0,0,0,0,0,0,102,0,0,0,0,0,0,74,2,0,0,0,21,0,0,0,0,0,0,0,0,0,0,0,0,0,0,0,0,0,0,0,0,0,0,0,0,0,549,0,0,0,12,0,0,0,0,0,0,0,0,0,0,0,0,0,0,0,0,0,0,0,0,0,0,0,0,0,549,0,0,0,9,0,0,0,0,0,0,0,0,0,0,0,0,0,0,0,0,0,0,0,0,0,0,0,0,0,1,0,0,0,0,0,0,0,6,25,,0,0,0,0,0,0,0,0,,0,,0,0,0,,0,0,0,0,0,0,0,0,0,0,0,0,,0,0,0,0,0,0,0,0,,0,,0,0,0,,0,0,0,0,0,0,0,0,0,0,0,0,,0,0,0,0,0,0,0,0,,0,,0,0,0,,0,1,2,0,0,0,0,0,0,0,0,0,0,0,0,0,0,0,0,0,0,0,0,0,0,0,0,0,0,0,,,0,7317,27443,0,0,0,0,0,0,0,0,0,0,0,0,0,0,0,0,0,0,0,0,0,0,0,0,0,0,0,,,0,7317,27443,0,0,0,0,0,0,0,0,0,0,0,0,0,0,0,0,0,0,0,0,0,0,0,0,0,0,0,,,4,4,56,0,1,1,1,1,0,5,0,0,1,0,0,0,0,0,0,0,0,0,0,0,0,0,0,0,0,0,0,0,0,0,0,0,0,0,0,0,0,0,,0,0,,0,0,,0,0,0,0,,0,0,0,,0,0,0,,0,1,,0,0,,0,0,,0,0,0,0,0,0,0,0,0,0,0,0,0,0,0,0,0,,,,0,0,0,,0,,0,,0,,,,0,0,0,0,0,0,0,0,0,0,0,0,0,0,0,0,0,0,0,0,0,,,,,,,,,,,,,,,,,,,,,,,,,,,,,,,,,,,,,,,,,,,,,,,,,,,,,,,,,,,,,,,,,,,,,,,,,,,,,,,,,,,,,,,,,,,,,,,,,,,,,,,,,,,,,,,,,,,,,,,,,,,,,,,,,,,,,,,,,,,,,,,,,,,,,,,,,,,,,,,,,,,,,,,,,,,,,,,,,,,,,,,,,,,,,,,,,,,,,,,,,,,,,,,,,,,,,,,,,,,,,,,,,,,,,,,,,,,,,,,,,,,,,,,,,,,,,,,,,,,,,,,,,,,,,,,,,,,,,,,,,,,,,,,,,,,,,,,,,,,,,,,,,,,,,,,,,,,,,,,,,,,,,,,,,,,,,,,,,,,,,,,,,,,,,,,,,,,,,,,,,,,,,,,,,,,,,,,,,,,,,,,,,,,,,,,,,,,,,,,,,,,,,,,,,,,,,,,,,,,,,,,,,,,,,,,,,,,,,,,,,,,,,,,,,,,,,,,,,,,,,,,,,,,,,,,,,,,,,,,,
TN0050200,2000,Maryville Police Department,Tennessee,0,25,47,40,12,71,42,0,93,8,129,0,58,9,0,1,55,27,0,10,21,12,0,32,63,33,0,0,0,0,1,0,0,0,9,0,0,0,0,0,0,0,0,15953,621,210,832,543,2400,0,1010,464,1543,0,1035,54,0,5308,2161,327,0,394,1284,0,0,0,216,701,0,0,0,0,1575,0,0,0,1014,0,0,0,0,0,0,0,0,8847,248,35,796,209,991,0,437,265,225,0,540,35,0,5308,531,106,0,354,531,0,0,0,120,389,0,0,0,0,1575,0,0,0,55,0,0,0,0,0,0,0,0,85,0,0,3,0,0,1,66,2,0,0,0,0,0,0,0,0,0,0,1,0,0,0,0,0,13,0,0,1,0,0,0,0,0,0,0,0,0,0,0,0,0,951,0,0,516,0,0,88,1134,401,0,0,0,0,0,0,0,0,0,0,88,0,0,0,0,0,401,0,0,354,0,0,0,0,0,0,0,0,0,0,0,0,0,708,0,0,354,0,0,88,327,401,0,0,0,0,0,0,0,0,0,0,88,0,0,0,0,0,398,0,0,354,0,0,0,0,0,0,0,0,0,0,0,0,0,14,30,11,1,24,21,7,3,33,11,0,1,9,10,2,1,0,14,0,0,2,6,0,0,3,14,0,0,0,0,0,0,1,0,0,0,0,0,14737,626,62,1946,571,1629,341,177,946,778,0,885,284,443,11,354,0,690,0,0,0,1404,0,0,0,104,0,0,0,0,0,0,32,0,0,0,0,0,10263,239,39,1946,177,265,331,177,145,319,0,885,44,319,11,354,0,129,0,0,0,487,0,0,0,84,0,0,0,0,0,0,32,0,0,0,0,0,0,57,0,0,0,0,20,0,1,0,0,0,0,0,0,0,0,0,0,0,0,0,0,0,0,0,0,0,0,0,0,0,0,0,0,0,20,0,4705,0,0,0,0,0,0,0,0,0,0,0,0,0,0,0,0,0,0,0,0,0,0,0,0,0,0,0,18,0,4705,0,0,0,0,0,0,0,0,0,0,0,0,0,0,0,0,0,0,0,0,0,0,0,1,0,0,0,0,0,0,0,3,12,0,0,0,0,0,0,0,0,0,,,0,0,0,0,0,0,0,18,0,0,0,0,0,0,0,0,0,0,0,0,0,0,0,0,0,0,,,0,0,0,0,0,0,0,18,0,0,0,0,0,0,0,0,0,0,0,0,0,0,0,0,0,0,,,0,0,0,0,0,0,2,4,0,0,0,0,0,0,0,0,0,0,0,0,0,0,0,0,0,0,0,0,0,0,0,0,0,0,0,0,0,0,5751,73123,0,0,0,0,0,0,0,0,0,0,0,0,0,0,0,0,0,0,0,0,0,0,0,0,0,0,0,0,0,0,5751,70779,0,0,0,0,0,0,0,0,0,0,0,0,0,0,0,0,0,0,0,0,0,0,0,0,0,0,0,0,0,5,6,44,0,0,1,0,5,1,3,0,0,0,0,0,0,0,,0,,0,0,,0,,0,0,,0,,0,0,0,0,0,0,0,0,0,0,0,0,0,,0,0,,0,0,,0,0,0,0,0,0,0,0,0,0,0,0,0,0,,0,0,,0,0,,0,0,0,0,0,0,0,0,0,0,0,0,0,0,0,0,0,,,,0,0,0,0,0,0,0,0,0,0,0,0,0,0,0,0,0,0,0,0,0,,0,0,,0,0,,0,0,,,,0,0,0,,,,,,,,,,,,,,,,,,,,,,,,,,,,,,,,,,,,,,,,,,,,,,,,,,,,,,,,,,,,,,,,,,,,,,,,,,,,,,,,,,,,,,,,,,,,,,,,,,,,,,,,,,,,,,,,,,,,,,,,,,,,,,,,,,,,,,,,,,,,,,,,,,,,,,,,,,,,,,,,,,,,,,,,,,,,,,,,,,,,,,,,,,,,,,,,,,,,,,,,,,,,,,,,,,,,,,,,,,,,,,,,,,,,,,,,,,,,,,,,,,,,,,,,,,,,,,,,,,,,,,,,,,,,,,,,,,,,,,,,,,,,,,,,,,,,,,,,,,,,,,,,,,,,,,,,,,,,,,,,,,,,,,,,,,,,,,,,,,,,,,,,,,,,,,,,,,,,,,,,,,,,,,,,,,,,,,,,,,,,,,,,,,,,,,,,,,,,,,,,,,,,,,,,,,,,,,,,,,,,,,,,,,,,,,,,,,,,,,,,,,,,,,,,,,,,,,,,,,,,,,,,,,,,,,,,,,,,,
TN0050200,2001,Maryville Police Department,Tennessee,23326,25,45,80,15,46,45,0,140,4,203,0,69,9,0,1,63,51,0,3,18,44,0,52,76,44,0,0,0,0,5,1,0,0,0,0,0,0,0,0,0,0,0,12452,268,304,579,1273,2574,0,1421,262,738,0,698,32,0,2581,2244,697,0,506,1644,0,0,0,170,1123,0,0,0,0,2053,36654,0,0,0,0,0,0,0,0,0,0,0,8604,172,52,344,344,1032,0,303,266,234,0,368,21,0,2581,860,258,0,559,645,0,0,0,75,731,0,0,0,0,1032,36654,0,0,0,0,0,0,0,0,0,0,0,103,0,0,8,0,0,0,103,0,0,0,0,0,19,0,0,0,0,0,0,0,0,0,0,0,12,1,1,1,0,0,0,1,0,0,0,0,0,0,0,0,0,977,0,0,444,0,0,0,866,0,0,0,0,0,413,0,0,0,0,0,0,0,0,0,0,0,491,344,30975,105,0,0,0,163,0,0,0,0,0,0,0,0,0,688,0,0,344,0,0,0,344,0,0,0,0,0,258,0,0,0,0,0,0,0,0,0,0,0,301,344,30975,105,0,0,0,163,0,0,0,0,0,0,0,0,0,7,25,21,5,4,11,11,0,34,8,0,0,5,6,2,0,0,5,0,1,4,4,0,0,7,11,0,0,0,0,0,0,0,0,0,0,0,0,9495,251,56,917,216,1502,699,0,753,721,0,0,1727,853,13,0,0,1320,0,516,0,1549,0,0,0,60,0,0,0,0,0,0,0,0,0,0,0,0,5162,141,40,688,172,379,344,0,173,645,0,0,387,280,13,0,0,447,0,516,0,1316,0,0,0,43,0,0,0,0,0,0,0,0,0,0,0,0,0,84,1,0,0,0,21,0,4,0,0,0,0,0,0,0,0,0,0,0,0,0,0,0,0,1,0,0,0,0,0,0,344,0,0,0,17,0,2900,0,0,0,0,0,0,0,0,0,0,0,0,0,0,0,0,86,0,0,0,0,0,0,344,0,0,0,17,0,2905,0,0,0,0,0,0,0,0,0,0,0,0,0,0,0,0,86,0,0,0,0,0,5,1,0,0,0,0,0,0,0,0,39,,0,0,0,0,0,0,0,0,0,,0,0,0,0,0,0,33,516,0,0,0,0,0,0,0,0,0,,0,0,0,0,0,0,0,0,0,,0,0,0,0,0,0,34,516,0,0,0,0,0,0,0,0,0,,0,0,0,0,0,0,0,0,0,,0,0,0,0,0,0,0,1,1,0,0,0,0,0,0,0,0,0,0,0,0,0,0,0,0,0,0,0,0,0,0,0,0,0,0,0,0,0,0,17,68833,0,0,0,0,0,0,0,0,0,0,0,0,0,0,0,0,0,0,0,0,0,0,0,0,0,0,0,0,0,0,17,68833,0,0,0,0,0,0,0,0,0,0,0,0,0,0,0,0,0,0,0,0,0,0,0,0,0,0,0,0,5,5,49,0,0,1,0,5,6,3,0,0,7,0,0,0,0,0,0,0,0,0,0,0,0,0,0,0,0,0,0,0,0,0,0,0,0,0,0,0,0,0,0,0,0,0,0,0,0,0,0,0,0,,0,0,0,,0,0,0,,0,0,0,0,0,0,0,0,0,0,0,0,0,0,0,0,0,0,0,0,0,0,0,0,0,0,,,,0,0,0,0,0,0,0,0,0,0,0,0,0,0,0,0,0,0,0,0,0,,0,0,,0,0,,0,0,,,,,,,0,0,0,0,0,0,,,,,,,,,,,,,,,,,,,,,,,,,,,,,,,,,,,,,,,,,,,,,,,,,,,,,,,,,,,,,,,,,,,,,,,,,,,,,,,,,,,,,,,,,,,,,,,,,,,,,,,,,,,,,,,,,,,,,,,,,,,,,,,,,,,,,,,,,,,,,,,,,,,,,,,,,,,,,,,,,,,,,,,,,,,,,,,,,,,,,,,,,,,,,,,,,,,,,,,,,,,,,,,,,,,,,,,,,,,,,,,,,,,,,,,,,,,,,,,,,,,,,,,,,,,,,,,,,,,,,,,,,,,,,,,,,,,,,,,,,,,,,,,,,,,,,,,,,,,,,,,,,,,,,,,,,,,,,,,,,,,,,,,,,,,,,,,,,,,,,,,,,,,,,,,,,,,,,,,,,,,,,,,,,,,,,,,,,,,,,,,,,,,,,,,,,,,,,,,,,,,,,,,,,,,,,,,,,,,,,,,,,,,,,,,,,,,,,,,,,,,,,,,,,,,,,,,,,,,,,,,,,,,,,,,
TN0050200,2002,Maryville Police Department,Tennessee,23559,41,29,43,14,32,51,0,193,11,281,0,49,5,1,3,69,74,1,9,20,81,10,60,85,48,0,0,0,1,3,0,0,0,3,0,0,0,1,0,0,0,0,15709,209,310,1204,847,1767,0,1821,1028,2348,0,719,50,1179,9881,1728,473,85,567,1708,0,125,0,86,644,0,0,0,110108,2993,0,0,0,137,0,0,0,130,0,0,0,0,10164,131,85,805,593,508,0,254,508,219,0,449,25,1179,7623,727,343,85,623,749,0,53,0,51,381,0,0,0,110108,3388,0,0,0,137,0,0,0,130,0,0,0,0,121,0,0,1,0,0,7,122,0,0,0,0,1,13,0,0,0,0,0,1,0,0,0,0,1,4,0,0,2,0,0,0,0,0,0,0,0,0,0,0,0,0,815,0,0,635,0,0,568,1463,0,0,0,0,2202,367,0,0,0,0,0,423,0,0,0,0,2033,519,0,0,2329,0,0,0,0,0,0,0,0,0,0,0,0,0,678,0,0,635,0,0,508,678,0,0,0,0,2202,254,0,0,0,0,0,423,0,0,0,0,2033,551,0,0,2329,0,0,0,0,0,0,0,0,0,0,0,0,0,22,16,5,1,4,6,8,2,26,8,0,0,5,8,1,0,0,4,0,1,2,2,0,0,3,8,0,0,0,0,0,0,0,0,0,0,0,0,16169,180,170,932,1639,1386,675,106,2850,493,0,0,151,371,51,0,0,103,0,3388,0,466,0,0,0,123,0,0,0,0,0,0,0,0,0,0,0,0,8893,127,27,932,136,1609,408,106,169,402,0,0,85,174,51,0,0,85,0,3388,0,466,0,0,0,93,0,0,0,0,0,0,0,0,0,0,0,0,0,58,0,0,1,0,13,0,3,0,0,0,0,0,0,0,0,0,0,0,0,0,0,0,0,0,0,0,0,0,0,0,0,0,847,0,8,0,689,0,0,0,0,0,0,0,0,0,0,0,0,0,0,0,0,0,0,0,0,0,0,0,0,0,847,0,8,0,500,0,0,0,0,0,0,0,0,0,0,0,0,0,0,0,0,0,0,0,0,0,0,3,4,0,0,0,0,0,0,6,1,29,0,0,0,0,0,0,0,0,0,0,,0,0,0,0,0,0,573,411,0,0,0,0,0,0,2849,0,0,0,0,0,0,0,0,0,0,0,0,,0,0,0,0,0,0,17,186,0,0,0,0,0,0,464,0,0,0,0,0,0,0,0,0,0,0,0,,0,0,0,0,0,0,4,5,1,0,0,0,1,0,0,0,0,1,0,0,0,0,0,0,0,0,0,0,0,0,0,0,0,,0,0,0,0,1313,3642,33879,0,0,0,16940,0,0,0,0,8470,0,0,0,0,0,0,0,0,0,0,0,0,0,0,0,,0,0,0,0,1270,340,33879,0,0,0,16940,0,0,0,0,8470,0,0,0,0,0,0,0,0,0,0,0,0,0,0,0,,0,0,0,3,0,48,0,0,0,0,2,0,0,0,0,2,1,0,0,0,0,0,0,0,0,0,0,0,0,0,0,0,0,0,0,0,0,0,0,0,0,0,0,0,0,0,0,0,0,0,0,0,0,0,0,0,,0,0,0,,0,0,0,,0,0,0,0,0,0,0,0,0,0,0,0,0,0,0,0,0,0,0,0,0,0,0,0,0,0,,,,0,0,0,0,0,0,0,0,0,0,0,0,0,0,0,0,0,0,0,0,0,,,0,,,0,,,0,0,0,0,,,,0,0,0,0,0,0,0,0,0,,,,,,,,,,,,,,,,,,,,,,,,,,,,,,,,,,,,,,,,,,,,,,,,,,,,,,,,,,,,,,,,,,,,,,,,,,,,,,,,,,,,,,,,,,,,,,,,,,,,,,,,,,,,,,,,,,,,,,,,,,,,,,,,,,,,,,,,,,,,,,,,,,,,,,,,,,,,,,,,,,,,,,,,,,,,,,,,,,,,,,,,,,,,,,,,,,,,,,,,,,,,,,,,,,,,,,,,,,,,,,,,,,,,,,,,,,,,,,,,,,,,,,,,,,,,,,,,,,,,,,,,,,,,,,,,,,,,,,,,,,,,,,,,,,,,,,,,,,,,,,,,,,,,,,,,,,,,,,,,,,,,,,,,,,,,,,,,,,,,,,,,,,,,,,,,,,,,,,,,,,,,,,,,,,,,,,,,,,,,,,,,,,,,,,,,,,,,,,,,,,,,,,,,,,,,,,,,,,,,,,,,,,,,,,,,,,,,,,,,,,,,,,,,,,,,,,,,,,,,,,,,,,,,
TN0050200,2003,Maryville Police Department,Tennessee,24291,34,38,33,16,19,48,3,204,1,252,0,46,3,4,5,82,69,4,10,30,70,20,51,75,48,2,0,0,2,0,1,0,0,14,0,0,0,0,0,0,0,0,11886,483,381,864,2241,4204,3,1432,248,886,0,754,31,28094,1872,1502,670,520,701,1404,0,733,0,51,877,11595,0,0,18220,0,115945,0,0,172,0,0,0,0,0,0,0,0,4969,166,53,497,497,497,3,182,248,167,0,505,35,30272,1822,745,373,447,331,613,0,721,0,33,497,11595,0,0,18220,0,115945,0,0,54,0,0,0,0,0,0,0,0,93,0,0,4,0,0,0,61,0,0,0,0,0,25,0,0,1,8,5,0,1,2,0,0,16,5,0,0,0,0,0,0,0,0,0,0,0,0,0,0,0,0,824,0,0,696,0,0,0,1596,0,0,0,0,0,655,0,0,414,347,696,0,149,642,0,0,834,381,0,0,0,0,0,0,0,0,0,0,0,0,0,0,0,0,663,0,0,315,0,0,0,828,0,0,0,0,0,331,0,0,414,166,663,0,149,642,0,0,663,331,0,0,0,0,0,0,0,0,0,0,0,0,0,0,0,0,0,0,0,0,0,0,0,0,0,1,0,0,0,0,0,0,0,0,0,0,0,0,0,0,0,0,0,0,0,0,0,0,0,0,0,0,0,0,0,0,0,0,0,0,0,0,0,2153,0,0,0,0,0,0,0,0,0,0,0,0,0,0,0,0,0,0,0,0,0,0,0,0,0,0,0,0,0,0,0,0,0,0,0,0,0,2153,0,0,0,0,0,0,0,0,0,0,0,0,0,0,0,0,0,0,0,0,0,0,0,0,0,0,0,0,0,76,1,0,0,0,25,0,2,0,0,0,0,0,0,3,0,0,0,0,0,0,0,0,0,0,0,0,0,0,0,0,166,0,0,0,0,0,309,0,0,0,0,0,0,4969,0,0,0,0,0,0,0,0,0,0,0,0,0,0,0,0,166,0,0,0,0,0,309,0,0,0,0,0,0,3313,0,0,0,0,0,0,0,0,0,0,0,0,0,0,0,0,0,0,0,0,0,0,0,22,0,1,0,0,0,0,0,0,0,0,0,0,0,0,0,0,0,0,0,0,0,0,0,0,0,0,0,1399,0,0,0,0,0,0,0,0,0,0,0,0,0,0,0,0,0,0,0,0,0,0,0,0,0,0,0,497,0,0,0,0,0,0,0,0,0,0,0,0,0,0,0,0,0,0,0,1,1,1,0,0,0,1,0,0,0,0,1,0,0,0,0,0,0,0,0,0,0,0,0,0,0,0,0,0,,0,0,1656,2485,1656,0,0,0,166,0,0,0,0,10766,0,0,0,0,0,0,0,0,0,0,0,0,0,0,0,0,0,,0,0,1656,2485,1656,0,0,0,166,0,0,0,0,10766,0,0,0,0,0,0,0,0,0,0,0,0,0,0,0,0,0,,0,0,5,44,0,2,0,1,13,0,9,1,0,2,2,0,0,0,0,0,0,0,0,0,0,0,0,0,0,0,0,0,0,0,0,0,0,0,0,0,0,0,0,0,0,0,0,0,0,0,0,0,0,0,0,0,0,0,0,0,0,0,0,0,0,,0,0,,0,0,,0,0,0,0,0,0,0,0,0,0,0,0,0,0,0,0,0,,,,0,0,0,0,0,0,0,0,0,0,0,0,0,0,0,0,0,0,0,0,0,0,0,0,0,0,0,0,0,0,0,0,0,,,,0,0,0,0,0,0,,,,,,,,,,,,,,,,,,,,,,,,,,,,,,,,,,,,,,,,,,,,,,,,,,,,,,,,,,,,,,,,,,,,,,,,,,,,,,,,,,,,,,,,,,,,,,,,,,,,,,,,,,,,,,,,,,,,,,,,,,,,,,,,,,,,,,,,,,,,,,,,,,,,,,,,,,,,,,,,,,,,,,,,,,,,,,,,,,,,,,,,,,,,,,,,,,,,,,,,,,,,,,,,,,,,,,,,,,,,,,,,,,,,,,,,,,,,,,,,,,,,,,,,,,,,,,,,,,,,,,,,,,,,,,,,,,,,,,,,,,,,,,,,,,,,,,,,,,,,,,,,,,,,,,,,,,,,,,,,,,,,,,,,,,,,,,,,,,,,,,,,,,,,,,,,,,,,,,,,,,,,,,,,,,,,,,,,,,,,,,,,,,,,,,,,,,,,,,,,,,,,,,,,,,,,,,,,,,,,,,,,,,,,,,,,,,,,,,,,,,,,,,,,,,,,,,,,,,,,,,,,,,,,,,,
TN0050200,2004,Maryville Police Department,Tennessee,25316,33,24,17,16,13,39,0,193,1,293,0,41,7,2,4,82,55,4,8,35,62,8,61,64,44,3,0,0,4,1,1,0,0,44,0,0,0,0,0,0,0,0,13678,350,309,1878,598,2385,0,1400,1371,792,0,953,67,20568,10324,1933,684,762,290,1752,0,5268,0,192,483,3818,0,0,25004,1613,104338,0,0,1207,0,0,0,0,0,0,0,0,6453,190,91,686,484,476,0,347,1371,178,0,484,53,20568,9356,938,347,150,186,669,0,1964,0,40,282,2742,0,0,14519,1613,104338,0,0,16,0,0,0,0,0,0,0,0,116,0,0,1,0,0,1,64,2,0,0,0,0,27,0,0,1,1,7,0,0,0,0,0,25,1,0,0,1,0,0,0,0,0,0,0,0,0,0,0,0,0,857,0,0,807,0,0,161,768,226,0,0,0,0,837,0,0,323,323,674,0,0,0,0,0,660,484,0,0,289,0,0,0,0,0,0,0,0,0,0,0,0,0,565,0,0,807,0,0,161,343,226,0,0,0,0,645,0,0,323,323,484,0,0,0,0,0,565,484,0,0,289,0,0,0,0,0,0,0,0,0,0,0,0,0,20,18,5,2,2,12,5,0,37,5,0,0,2,7,3,1,1,8,0,0,1,1,1,0,0,4,0,0,1,1,0,0,1,0,0,0,0,0,10478,236,61,423,484,567,709,0,458,489,0,0,1645,489,109,81,42,160,0,0,0,4194,104338,0,0,24,0,0,4033,37103,0,0,3,0,0,0,0,0,5646,141,60,423,484,73,645,0,93,484,0,0,1645,263,109,81,42,81,0,0,0,4194,104338,0,0,24,0,0,4033,37103,0,0,3,0,0,0,0,0,0,59,1,0,0,0,19,0,4,0,0,0,0,0,0,1,0,0,0,0,0,0,0,0,0,0,0,0,0,0,0,0,161,0,0,0,10,0,5421,0,0,0,0,0,0,14519,0,0,0,0,0,0,0,0,0,0,0,0,0,0,0,0,161,0,0,0,8,0,3361,0,0,0,0,0,0,14519,0,0,0,0,0,0,0,0,0,0,0,0,0,0,0,0,2,0,0,0,1,0,0,26,1,0,0,0,0,0,0,0,0,0,0,0,0,0,0,0,0,0,0,0,713,0,0,0,645,0,0,5898,0,0,0,0,0,0,0,0,0,0,0,0,0,0,0,0,0,0,0,0,713,0,0,0,645,0,0,323,0,0,0,0,0,0,0,0,0,0,0,0,0,0,0,0,0,0,0,1,1,2,0,0,0,0,0,0,0,0,0,0,0,0,0,0,0,0,0,0,0,0,0,0,0,0,0,0,,0,0,1613,565,16132,0,0,0,0,0,0,0,0,0,0,0,0,0,0,0,0,0,0,0,0,0,0,0,0,0,0,,0,0,1613,565,16132,0,0,0,0,0,0,0,0,0,0,0,0,0,0,0,0,0,0,0,0,0,0,0,0,0,0,,0,0,5,43,0,0,0,0,3,0,6,0,0,1,2,0,0,0,0,0,0,0,0,0,0,0,0,0,0,0,0,0,0,0,0,0,0,0,0,0,0,0,0,0,0,0,0,0,0,0,0,0,0,0,,0,0,0,,0,0,0,,0,0,0,0,0,0,0,0,0,0,0,0,0,0,0,0,0,0,0,0,0,0,0,0,0,0,0,0,0,0,0,0,,0,,0,,0,0,0,0,0,0,0,0,0,0,0,0,0,,0,0,,0,0,,0,0,0,0,0,,,,,0,,0,,0,,,,,,,,,,,,,,,,,,,,,,,,,,,,,,,,,,,,,,,,,,,,,,,,,,,,,,,,,,,,,,,,,,,,,,,,,,,,,,,,,,,,,,,,,,,,,,,,,,,,,,,,,,,,,,,,,,,,,,,,,,,,,,,,,,,,,,,,,,,,,,,,,,,,,,,,,,,,,,,,,,,,,,,,,,,,,,,,,,,,,,,,,,,,,,,,,,,,,,,,,,,,,,,,,,,,,,,,,,,,,,,,,,,,,,,,,,,,,,,,,,,,,,,,,,,,,,,,,,,,,,,,,,,,,,,,,,,,,,,,,,,,,,,,,,,,,,,,,,,,,,,,,,,,,,,,,,,,,,,,,,,,,,,,,,,,,,,,,,,,,,,,,,,,,,,,,,,,,,,,,,,,,,,,,,,,,,,,,,,,,,,,,,,,,,,,,,,,,,,,,,,,,,,,,,,,,,,,,,,,,,,,,,,,,,,,,,,,,,,,,,,,,,,,,,,,,,,,,,,,,,,,,,,,,,,
TN0050200,2005,Maryville Police Department,Tennessee,25838,37,15,5,12,15,32,0,192,0,264,0,30,8,0,4,94,67,5,8,40,57,10,48,64,45,4,0,0,5,0,2,0,0,33,0,0,0,0,0,0,0,0,11637,375,35,683,697,3208,0,1458,0,4487,0,1868,78,0,22233,2125,720,175,2467,2408,0,968,0,81,1101,6058,0,0,25494,0,24574,0,0,13,0,0,0,0,0,0,0,0,7801,172,34,624,468,741,0,222,0,234,0,468,26,0,23404,1092,312,129,569,935,0,537,0,39,468,4939,0,0,18723,0,24574,0,0,5,0,0,0,0,0,0,0,0,83,1,0,1,0,0,0,43,0,0,0,0,0,20,0,0,1,10,7,1,0,0,2,0,27,1,0,1,4,0,0,0,0,0,0,0,0,0,0,0,0,0,767,936,0,3464,0,0,0,1032,0,0,0,0,0,540,0,0,390,1080,793,257,0,0,546,0,1235,312,0,780,877,0,0,0,0,0,0,0,0,0,0,0,0,0,624,936,0,3464,0,0,0,468,0,0,0,0,0,273,0,0,390,468,312,257,0,0,546,0,780,312,0,780,623,0,0,0,0,0,0,0,0,0,0,0,0,0,23,4,1,0,2,8,3,0,23,2,0,2,4,13,2,1,2,1,0,0,1,4,0,0,0,4,0,0,2,0,0,0,0,0,0,0,0,0,11062,280,31,0,484,1817,3796,0,430,546,0,17163,79,601,119,702,307,33,0,0,0,284,0,0,0,37,0,0,12872,0,0,0,0,0,0,0,0,0,7801,137,31,0,484,58,359,0,89,546,0,17163,85,523,119,702,307,33,0,0,0,295,0,0,0,20,0,0,12872,0,0,0,0,0,0,0,0,0,0,82,0,0,0,0,31,0,3,0,0,0,0,0,0,0,0,0,0,0,0,0,0,0,0,0,0,0,0,0,0,0,0,0,0,0,9,0,1335,0,0,0,0,0,0,0,0,0,0,0,0,0,0,0,0,0,0,0,0,0,0,0,0,0,0,0,8,0,768,0,0,0,0,0,0,0,0,0,0,0,0,0,0,0,0,0,0,0,0,0,0,6,2,0,0,0,0,0,0,55,0,1,,0,0,0,0,0,0,0,0,0,,0,0,0,0,0,0,47,354,0,0,0,0,0,0,1172,0,0,,0,0,0,0,0,0,0,0,0,,0,0,0,0,0,0,31,354,0,0,0,0,0,0,468,0,0,,0,0,0,0,0,0,0,0,0,,0,0,0,0,0,0,4,1,1,0,0,0,1,1,0,0,0,1,0,0,0,1,0,0,0,0,0,0,1,0,0,0,0,0,0,,0,0,7216,156,780,0,0,0,1560,1560,0,0,0,3819,0,0,0,1560,0,0,0,0,0,0,15602,0,0,0,0,0,0,,0,0,7021,156,780,0,0,0,1560,1560,0,0,0,3819,0,0,0,1560,0,0,0,0,0,0,15602,0,0,0,0,0,0,,0,0,2,61,0,0,0,0,5,0,7,1,0,0,1,0,0,0,0,0,0,0,0,0,0,0,0,0,0,0,0,0,0,0,0,0,0,0,0,0,0,0,0,0,0,0,0,0,0,0,0,0,0,0,,0,0,0,,0,0,0,,0,0,0,0,0,0,0,0,0,0,0,0,0,0,0,0,0,0,0,0,0,0,0,0,0,0,0,0,0,0,0,0,0,0,0,0,0,0,0,0,0,0,0,0,0,0,0,0,0,0,0,0,0,0,0,0,0,0,0,0,0,0,0,0,0,0,0,0,0,0,0,,,,,,,,,,,,,,,,,,,,,,,,,,,,,,,,,,,,,,,,,,,,,,,,,,,,,,,,,,,,,,,,,,,,,,,,,,,,,,,,,,,,,,,,,,,,,,,,,,,,,,,,,,,,,,,,,,,,,,,,,,,,,,,,,,,,,,,,,,,,,,,,,,,,,,,,,,,,,,,,,,,,,,,,,,,,,,,,,,,,,,,,,,,,,,,,,,,,,,,,,,,,,,,,,,,,,,,,,,,,,,,,,,,,,,,,,,,,,,,,,,,,,,,,,,,,,,,,,,,,,,,,,,,,,,,,,,,,,,,,,,,,,,,,,,,,,,,,,,,,,,,,,,,,,,,,,,,,,,,,,,,,,,,,,,,,,,,,,,,,,,,,,,,,,,,,,,,,,,,,,,,,,,,,,,,,,,,,,,,,,,,,,,,,,,,,,,,,,,,,,,,,,,,,,,,,,,,,,,,,,,,,,,,,,,,,,,,,,,,,,,,,,,,,,,,,,,,,,,,,,,,,,,,,,,,
TN0050200,2006,Maryville Police Department,Tennessee,26180,43,43,22,8,9,37,0,280,1,206,0,35,13,0,1,69,47,8,7,50,80,2,100,92,47,5,0,0,0,0,1,0,0,41,0,0,0,0,0,0,0,0,8113,509,127,3854,907,3035,0,1192,151,841,0,849,281,0,17374,1827,474,193,205,1480,0,1952,0,70,876,21605,0,0,0,0,567,0,0,194,0,0,0,0,0,0,0,0,6046,174,54,1889,265,756,0,227,151,166,0,227,39,0,17374,967,227,180,227,605,0,1952,0,38,453,1587,0,0,0,0,567,0,0,7,0,0,0,0,0,0,0,0,110,0,0,3,0,0,0,49,0,0,0,0,0,17,2,0,0,9,9,0,0,1,0,0,26,1,0,1,1,0,0,1,0,0,0,0,0,0,0,1,0,0,960,0,0,1134,0,0,0,1389,0,0,0,0,0,435,472,0,0,380,920,0,0,227,0,0,1048,4837,0,1511,2267,0,0,756,0,0,0,0,0,0,0,302,0,0,605,0,0,907,0,0,0,453,0,0,0,0,0,302,472,0,0,302,348,0,0,227,0,0,605,4837,0,1511,2267,0,0,756,0,0,0,0,0,0,0,302,0,0,29,23,3,1,3,4,6,0,20,1,0,0,2,9,5,4,3,7,2,0,3,6,0,0,3,9,0,0,0,0,0,0,0,0,0,0,0,0,7746,216,109,10768,236,1166,4015,0,548,215,0,0,94,1276,78,170,121,467,45949,0,0,991,0,0,0,45,0,0,0,0,0,0,0,0,0,0,0,0,6802,145,62,10768,212,54,448,0,82,215,0,0,94,797,63,189,89,271,45949,0,0,347,0,0,0,45,0,0,0,0,0,0,0,0,0,0,0,0,0,63,0,0,0,0,25,0,3,0,0,0,0,0,0,2,0,0,0,0,0,0,0,0,0,0,0,0,0,0,0,0,0,0,0,0,12,0,361,0,0,0,0,0,0,34008,0,0,0,0,0,0,0,0,0,0,0,0,0,0,0,0,0,0,0,0,8,0,322,0,0,0,0,0,0,34008,0,0,0,0,0,0,0,0,0,0,0,0,0,0,0,5,1,0,1,0,1,0,0,31,0,1,,0,0,0,0,0,0,0,0,0,,0,0,0,0,0,0,336,0,0,91,0,843,0,0,1134,0,0,,0,0,0,0,0,0,0,0,0,,0,0,0,0,0,0,30,0,0,91,0,843,0,0,529,0,0,,0,0,0,0,0,0,0,0,0,,0,0,0,0,0,0,1,2,0,0,0,0,0,0,0,0,0,0,1,0,0,0,0,0,0,0,0,0,0,0,0,0,0,0,0,,1,0,12092,8555,0,0,0,0,0,0,0,0,0,0,3023,0,0,0,0,0,0,0,0,0,0,0,0,0,0,0,0,,1134,0,12092,8555,0,0,0,0,0,0,0,0,0,0,3023,0,0,0,0,0,0,0,0,0,0,0,0,0,0,0,0,,1134,0,3,38,0,1,0,0,2,0,6,0,0,0,0,0,0,0,0,0,0,0,0,0,0,0,0,0,0,0,0,0,0,0,0,0,0,0,0,0,0,0,0,0,0,0,0,0,0,0,0,0,0,0,0,0,0,0,0,0,0,0,0,0,0,0,0,0,0,0,0,0,0,0,0,0,0,0,0,0,0,0,0,0,0,0,0,0,0,,,,0,0,0,0,0,0,0,0,0,0,0,0,0,0,0,0,0,0,,,,0,0,0,0,0,0,0,0,0,0,0,0,,,,0,0,0,0,0,0,,,,,,,,,,,,,,,,,,,,,,,,,,,,,,,,,,,,,,,,,,,,,,,,,,,,,,,,,,,,,,,,,,,,,,,,,,,,,,,,,,,,,,,,,,,,,,,,,,,,,,,,,,,,,,,,,,,,,,,,,,,,,,,,,,,,,,,,,,,,,,,,,,,,,,,,,,,,,,,,,,,,,,,,,,,,,,,,,,,,,,,,,,,,,,,,,,,,,,,,,,,,,,,,,,,,,,,,,,,,,,,,,,,,,,,,,,,,,,,,,,,,,,,,,,,,,,,,,,,,,,,,,,,,,,,,,,,,,,,,,,,,,,,,,,,,,,,,,,,,,,,,,,,,,,,,,,,,,,,,,,,,,,,,,,,,,,,,,,,,,,,,,,,,,,,,,,,,,,,,,,,,,,,,,,,,,,,,,,,,,,,,,,,,,,,,,,,,,,,,,,,,,,,,,,,,,,,,,,,,,,,,,,,,,,,,,,,,,,,,,,,,,,,,,,,,,,,,,,,,,,,,,,,,,,,
TN0050200,2007,Maryville Police Department,Tennessee,26941,20,36,30,14,5,42,0,225,1,201,0,44,14,0,5,58,41,5,8,53,75,1,102,87,20,3,0,0,6,1,0,0,0,37,0,0,0,0,0,0,0,0,12058,356,85,862,456,3494,0,1529,1029,990,0,1281,43,0,9537,2459,755,192,262,3203,0,36739,0,130,797,5140,0,0,20696,11756,0,0,0,43,0,0,0,0,0,0,0,0,7348,129,42,680,294,1333,0,294,1029,162,0,569,24,0,2939,1029,294,206,198,588,0,36739,0,44,720,5878,0,0,16165,11756,0,0,0,7,0,0,0,0,0,0,0,0,118,1,0,0,0,1,0,43,4,0,0,0,0,18,2,0,0,4,3,1,0,2,0,0,13,0,0,0,0,0,3,0,0,0,0,0,0,0,0,0,0,0,1174,398,0,0,0,220,0,901,2325,0,0,0,0,1239,551,0,0,992,637,588,0,625,0,0,2098,0,0,0,0,0,1494,0,0,0,0,0,0,0,0,0,0,0,735,398,0,0,0,220,0,533,1689,0,0,0,0,220,551,0,0,882,735,588,0,625,0,0,882,0,0,0,0,0,1617,0,0,0,0,0,0,0,0,0,0,0,12,17,4,1,1,8,6,0,36,9,0,3,3,7,2,2,3,3,0,1,1,3,0,0,4,15,0,0,0,0,0,0,1,0,0,0,0,0,14022,301,96,882,150,259,1576,0,649,1590,0,4996,453,371,13,107,193,628,0,11756,0,611,0,0,0,367,0,0,0,0,0,0,4,0,0,0,0,0,10287,181,46,882,150,119,123,0,72,551,0,1029,514,323,13,107,206,735,0,11756,0,441,0,0,0,73,0,0,0,0,0,0,4,0,0,0,0,0,0,74,0,1,0,0,31,0,0,0,0,0,0,0,0,0,0,0,0,0,0,0,0,0,0,0,0,0,0,0,0,0,0,7,0,0,11,0,0,0,0,0,0,0,0,0,0,0,0,0,0,0,0,0,0,0,0,0,0,0,0,0,0,7,0,0,7,0,0,0,0,0,0,0,0,0,0,0,0,0,0,0,0,0,0,0,0,0,0,0,0,14,0,0,0,0,0,0,0,40,0,0,,0,0,0,0,0,0,0,0,0,,0,0,0,0,0,0,52,0,0,0,0,0,0,0,1547,0,0,,0,0,0,0,0,0,0,0,0,,0,0,0,0,0,0,29,0,0,0,0,0,0,0,371,0,0,,0,0,0,0,0,0,0,0,0,,0,0,0,0,0,0,0,1,0,0,0,0,0,0,0,0,0,0,0,0,0,0,0,0,0,0,0,0,0,0,0,0,0,0,0,0,0,0,0,250,0,0,0,0,0,0,0,0,0,0,0,0,0,0,0,0,0,0,0,0,0,0,0,0,0,0,0,0,0,0,0,250,0,0,0,0,0,0,0,0,0,0,0,0,0,0,0,0,0,0,0,0,0,0,0,0,0,0,0,0,0,0,2,48,0,1,0,0,8,0,12,0,1,2,0,0,0,0,0,0,0,0,0,0,0,0,0,0,0,0,0,0,0,0,0,0,0,0,0,0,0,0,0,,0,0,,0,0,,0,0,0,0,,0,0,0,,0,0,0,,0,0,0,0,0,0,0,0,0,0,0,0,0,0,0,0,0,0,0,0,0,0,0,0,0,0,0,0,0,0,0,0,0,0,0,0,0,0,0,0,0,0,0,0,0,0,0,,,,0,0,0,0,0,0,0,0,0,,,,0,0,0,0,0,0,0,0,0,,,,,,,,,,,,,,,,,,,,,,,,,,,,,,,,,,,,,,,,,,,,,,,,,,,,,,,,,,,,,,,,,,,,,,,,,,,,,,,,,,,,,,,,,,,,,,,,,,,,,,,,,,,,,,,,,,,,,,,,,,,,,,,,,,,,,,,,,,,,,,,,,,,,,,,,,,,,,,,,,,,,,,,,,,,,,,,,,,,,,,,,,,,,,,,,,,,,,,,,,,,,,,,,,,,,,,,,,,,,,,,,,,,,,,,,,,,,,,,,,,,,,,,,,,,,,,,,,,,,,,,,,,,,,,,,,,,,,,,,,,,,,,,,,,,,,,,,,,,,,,,,,,,,,,,,,,,,,,,,,,,,,,,,,,,,,,,,,,,,,,,,,,,,,,,,,,,,,,,,,,,,,,,,,,,,,,,,,,,,,,,,,,,,,,,,,,,,,,,,,,,,,,,,,,,,,,,,,,,,,,,,,,,,,,,,,,,,,,,,,,,,,,,,,,,,,,,,,,,,,,,,,,,,,,,
TN0050200,2008,Maryville Police Department,Tennessee,27259,25,39,26,23,11,62,0,218,1,215,0,76,13,1,11,80,50,11,10,115,62,1,84,59,29,0,0,0,5,1,1,0,0,50,0,0,0,1,0,0,0,0,12085,529,163,1140,918,3068,0,1111,425,646,0,1387,123,170,5674,1561,460,118,261,1427,0,1857,0,92,1702,0,0,0,16558,4670,31135,0,0,258,0,0,0,45,0,0,0,0,9199,178,55,566,142,1415,0,337,425,142,0,1131,28,170,2123,827,283,122,248,764,0,1857,0,45,425,0,0,0,14152,4670,31135,0,0,7,0,0,0,45,0,0,0,0,82,0,0,2,0,0,1,28,0,0,0,0,0,12,0,0,0,4,5,0,0,1,1,0,10,0,0,0,0,0,2,0,0,1,0,0,0,0,0,0,0,0,1016,0,0,226,0,0,425,864,0,0,0,0,0,1070,0,0,0,230,517,0,0,778,354,0,786,0,0,0,0,0,708,0,0,425,0,0,0,0,0,0,0,0,708,0,0,226,0,0,425,425,0,0,0,0,0,354,0,0,0,212,354,0,0,778,354,0,708,0,0,0,0,0,708,0,0,425,0,0,0,0,0,0,0,0,16,20,9,3,2,8,0,0,33,4,0,1,2,6,3,1,10,2,0,0,1,6,0,0,2,3,0,0,4,0,0,0,6,0,0,0,0,0,13151,319,284,566,167,379,0,0,178,877,0,9907,88,1265,20,283,128,807,0,0,0,994,0,0,0,31,0,0,17160,0,0,0,13,0,0,0,0,0,9553,166,122,566,167,47,0,0,58,906,0,9907,88,512,4,283,132,807,0,0,0,525,0,0,0,28,0,0,14860,0,0,0,14,0,0,0,0,0,0,106,0,0,0,0,45,0,1,0,0,0,0,1,0,0,0,0,0,0,0,0,0,0,0,0,0,0,0,0,0,0,0,0,0,0,12,0,28,0,0,0,0,0,0,0,0,0,0,0,0,0,0,0,0,0,0,0,0,0,0,0,0,0,0,0,7,0,28,0,0,0,0,0,0,0,0,0,0,0,0,0,0,0,0,0,0,0,0,0,0,7,1,0,0,0,0,0,0,39,0,2,,0,0,,0,0,0,0,0,,,0,0,0,0,0,0,318,142,0,0,0,0,0,0,611,0,0,,0,0,,0,0,0,0,0,,,0,0,0,0,0,0,28,142,0,0,0,0,0,0,425,0,0,,0,0,,0,0,0,0,0,,,0,0,0,0,0,0,0,2,0,0,0,0,0,0,0,0,0,0,0,0,0,0,0,0,0,0,0,0,0,0,0,0,0,0,0,0,0,0,0,778,0,0,0,0,0,0,0,0,0,0,0,0,0,0,0,0,0,0,0,0,0,0,0,0,0,0,0,0,0,0,0,778,0,0,0,0,0,0,0,0,0,0,0,0,0,0,0,0,0,0,0,0,0,0,0,0,0,0,0,0,0,0,1,63,0,1,0,0,7,0,29,0,0,3,1,0,0,0,0,0,0,0,0,0,0,0,0,0,0,0,0,0,0,0,0,0,0,0,0,0,0,0,0,0,0,0,0,0,0,0,0,0,0,0,0,,0,0,0,,0,0,0,,0,0,0,0,0,0,0,0,0,0,0,0,0,0,0,0,0,0,0,0,0,0,0,0,0,,,,0,0,0,0,0,0,0,0,0,0,0,0,0,0,0,0,0,0,0,0,0,0,0,0,0,0,0,0,0,0,0,0,0,0,0,0,0,0,0,0,0,0,,,,,,,,,,,,,,,,,,,,,,,,,,,,,,,,,,,,,,,,,,,,,,,,,,,,,,,,,,,,,,,,,,,,,,,,,,,,,,,,,,,,,,,,,,,,,,,,,,,,,,,,,,,,,,,,,,,,,,,,,,,,,,,,,,,,,,,,,,,,,,,,,,,,,,,,,,,,,,,,,,,,,,,,,,,,,,,,,,,,,,,,,,,,,,,,,,,,,,,,,,,,,,,,,,,,,,,,,,,,,,,,,,,,,,,,,,,,,,,,,,,,,,,,,,,,,,,,,,,,,,,,,,,,,,,,,,,,,,,,,,,,,,,,,,,,,,,,,,,,,,,,,,,,,,,,,,,,,,,,,,,,,,,,,,,,,,,,,,,,,,,,,,,,,,,,,,,,,,,,,,,,,,,,,,,,,,,,,,,,,,,,,,,,,,,,,,,,,,,,,,,,,,,,,,,,,,,,,,,,,,,,,,,,,,,,,,,,,,,,,,,,,,,,,,,,,,,,,,,,,,,,,,,,,,,
TN0050200,2009,Maryville Police Department,Tennessee,27641,16,53,26,18,14,45,0,215,3,206,0,31,11,0,2,74,57,19,8,80,66,1,83,79,23,0,0,0,11,0,0,0,0,52,0,0,0,1,0,0,0,0,5033,303,88,1160,754,4181,0,837,2722,710,0,1032,50,0,26062,1594,499,178,2518,1082,0,355,0,98,832,0,0,0,14788,0,0,0,0,607,0,0,0,206,0,0,0,0,3196,131,32,479,242,1846,0,284,284,213,0,568,30,0,26062,801,284,77,207,518,0,355,0,43,249,0,0,0,11362,0,0,0,0,15,0,0,0,206,0,0,0,0,85,0,0,2,0,0,0,27,1,0,0,0,0,13,0,0,0,3,3,0,0,0,0,0,8,0,0,0,0,0,2,0,0,0,0,0,0,0,0,0,0,0,802,0,0,288,0,0,0,1644,142,0,0,0,0,374,0,0,0,178,580,0,0,0,0,0,1077,0,0,0,0,0,709,0,0,0,0,0,0,0,0,0,0,0,568,0,0,288,0,0,0,781,142,0,0,0,0,355,0,0,0,213,675,0,0,0,0,0,1278,0,0,0,0,0,709,0,0,0,0,0,0,0,0,0,0,0,7,31,5,3,5,8,2,0,46,3,0,0,7,6,2,2,11,4,0,0,3,15,0,0,3,8,0,0,6,0,0,0,2,0,0,0,0,0,7101,172,20,1430,184,927,348,0,538,543,0,0,159,696,30,639,103,83,0,0,0,487,0,0,0,96,0,0,6518,0,0,0,9,0,0,0,0,0,5681,104,7,454,55,568,348,0,142,284,0,0,107,324,30,639,80,82,0,0,0,230,0,0,0,53,0,0,5326,0,0,0,9,0,0,0,0,0,0,99,0,2,0,0,52,0,2,0,0,0,0,0,0,0,0,0,0,0,0,0,0,0,0,0,0,0,0,0,0,0,0,36,0,0,10,0,131,0,0,0,0,0,0,0,0,0,0,0,0,0,0,0,0,0,0,0,0,0,0,0,0,36,0,0,7,0,131,0,0,0,0,0,0,0,0,0,0,0,0,0,0,0,0,0,0,0,0,0,1,9,1,0,0,0,0,0,0,31,0,14,,0,0,0,0,0,0,0,0,0,0,0,0,0,0,0,2456,66,0,0,0,0,0,0,0,1199,0,0,,0,0,0,0,0,0,0,0,0,0,0,0,0,0,0,2456,28,0,0,0,0,0,0,0,355,0,0,,0,0,0,0,0,0,0,0,0,0,0,0,0,0,0,0,2,1,0,0,0,0,0,0,0,0,0,0,1,0,0,0,0,0,0,0,0,0,0,0,0,0,0,0,0,0,0,0,9232,213,0,0,0,0,0,0,0,0,0,0,426,0,0,0,0,0,0,0,0,0,0,0,0,0,0,0,0,0,0,0,9232,213,0,0,0,0,0,0,0,0,0,0,426,0,0,0,0,0,0,0,0,0,0,0,0,0,0,0,0,0,0,0,0,49,0,0,0,0,6,0,45,0,0,1,1,0,0,0,0,0,0,0,0,0,0,0,0,0,0,0,0,0,0,0,0,0,0,0,0,0,0,0,0,,,0,,,0,,,0,,0,0,0,,0,0,0,,0,0,0,0,0,0,0,0,0,0,0,0,0,0,0,0,,0,0,0,,0,0,0,,0,0,0,,,,0,0,0,0,0,0,0,0,0,0,0,0,0,0,0,0,0,0,0,0,0,,0,0,,0,0,,0,0,0,0,0,0,0,0,0,0,0,0,0,0,,,,0,0,0,0,0,0,0,0,0,0,0,0,0,0,0,0,0,0,0,0,0,0,0,0,0,0,0,0,0,0,0,0,0,0,0,0,0,0,0,0,0,0,0,0,0,0,0,0,0,0,0,0,0,0,0,0,0,0,0,0,0,0,0,0,0,0,0,0,0,0,0,0,0,0,0,0,0,0,0,0,0,0,0,0,0,0,0,0,0,0,0,0,0,0,0,0,0,0,0,0,0,0,0,0,0,0,0,0,0,0,0,0,0,0,0,0,0,0,0,0,0,0,0,0,0,0,0,0,0,0,0,0,0,0,0,0,0,0,0,0,0,0,0,0,0,0,0,,,,,,,,,,,,,,,,,,,,,,,,,,,,,,,,,,,,,,,,,,,,,,,,,,,,,,,,,,,,,,,,,,,,,,,,,,,,,,,,,,,,,,,,,,,,,,,,,,,,,,,,,,,,,,,,,,,,,,,,,,,,,,,,,,,,,,,,,,,,,,,,,,,,,,,,,,,,,,,,,,,,,,,,,,,,,,,,,,,,,,,,,,,,,,,,,,,,,,,,,,,,,,,,,,,,,,,,,,,,,,,,,,,,,,,,,,,,,,,,,,,,,,,,,,,,,,,,,,,,,,,,,,,,,,,,,,,,,,,,,,,,,,,,,,,,,,,,,,,,,,,,,,,,,,,,,,,,,,,,,
TN0050200,2010,Maryville Police Department,Tennessee,27638,18,49,24,23,15,72,0,250,1,284,0,43,13,0,5,78,83,24,7,139,88,1,98,101,27,0,0,0,9,0,0,0,0,43,0,0,0,0,0,0,0,0,5966,383,143,1075,1805,5639,0,1235,671,980,0,942,62,0,10201,1464,312,1606,311,1012,0,699,0,283,1520,0,0,0,9253,0,0,0,0,88,0,0,0,0,0,0,0,0,4192,143,57,629,349,1523,0,261,671,279,0,640,39,0,2795,699,279,159,293,699,0,699,0,53,279,0,0,0,6288,0,0,0,0,6,0,0,0,0,0,0,0,0,70,0,0,1,0,0,1,24,0,0,0,0,0,14,0,0,2,3,2,0,0,1,1,0,15,0,0,1,2,0,7,0,0,0,0,0,0,0,0,0,0,0,743,0,0,279,0,0,140,1067,0,0,0,0,0,931,0,0,2341,140,3633,0,0,1397,279,0,1579,0,0,349,872,0,729,0,0,0,0,0,0,0,0,0,0,0,629,0,0,279,0,0,140,698,0,0,0,0,0,419,0,0,2341,70,3633,0,0,1397,279,0,838,0,0,349,872,0,838,0,0,0,0,0,0,0,0,0,0,0,12,17,2,0,8,12,7,0,58,6,0,1,4,9,2,2,13,5,0,0,3,18,0,0,3,15,0,0,6,0,0,0,1,0,0,0,0,0,6713,173,203,0,2380,3704,653,0,342,1721,0,1397,338,634,25,335,131,125,0,0,0,612,0,0,0,86,0,0,10632,0,0,0,400,0,0,0,0,0,4192,123,203,0,258,449,279,0,143,1069,0,1397,314,307,25,335,82,56,0,0,0,592,0,0,0,59,0,0,6637,0,0,0,400,0,0,0,0,0,0,63,0,0,0,0,43,0,0,0,0,0,0,0,0,0,0,0,0,0,0,0,0,0,0,0,0,0,0,0,0,0,0,0,0,0,7,0,0,0,0,0,0,0,0,0,0,0,0,0,0,0,0,0,0,0,0,0,0,0,0,0,0,0,0,0,7,0,0,0,0,0,0,0,0,0,0,0,0,0,0,0,0,0,0,0,0,0,0,0,0,13,0,0,0,0,0,0,0,31,0,1,0,0,0,,0,0,0,0,0,,,0,0,0,0,0,0,94,0,0,0,0,0,0,0,1682,0,0,0,0,0,,0,0,0,0,0,,,0,0,0,0,0,0,56,0,0,0,0,0,0,0,307,0,0,0,0,0,,0,0,0,0,0,,,0,0,0,0,0,0,0,0,0,0,0,0,0,0,0,0,0,0,0,0,0,0,0,0,0,0,0,0,0,0,0,0,0,0,0,0,0,0,0,0,0,0,0,0,0,0,0,0,0,0,0,0,0,0,0,0,0,0,0,0,0,0,0,0,0,0,0,0,0,0,0,0,0,0,0,0,0,0,0,0,0,0,0,0,0,0,0,0,0,0,0,0,0,0,0,0,0,0,0,0,0,0,0,41,0,0,0,0,1,0,22,0,0,0,0,0,0,0,0,0,0,0,0,0,0,0,0,0,0,0,0,0,0,0,0,0,0,0,0,0,0,0,0,0,0,0,0,0,0,0,0,0,0,0,0,0,0,0,0,0,0,0,0,0,0,0,0,0,0,0,0,0,0,0,0,0,0,0,0,0,0,0,0,0,0,0,0,0,0,,,,0,0,0,0,0,0,0,0,0,0,0,0,0,0,0,0,0,0,0,0,0,,0,0,,0,0,,0,0,0,0,0,0,0,0,0,0,0,0,0,0,,,,0,0,0,0,0,0,0,0,0,0,0,0,0,0,0,0,0,0,0,0,0,0,0,0,0,0,0,0,0,0,0,0,0,0,0,0,0,0,0,0,0,0,0,0,0,0,0,0,0,0,0,0,0,0,0,0,0,0,0,0,0,0,0,0,0,0,0,0,0,0,0,0,0,0,0,0,0,0,0,0,0,0,0,0,0,0,0,0,0,0,0,0,0,0,0,0,0,0,0,0,0,0,0,0,0,0,0,0,0,0,0,0,0,0,0,0,0,0,0,0,0,0,0,0,0,0,0,0,0,0,0,0,0,0,0,0,0,0,0,0,0,0,0,0,0,0,0,0,0,0,0,0,0,0,0,0,0,0,0,0,0,0,0,0,0,0,0,0,0,0,0,0,0,0,0,0,0,0,0,0,0,0,0,0,0,0,0,0,0,0,0,0,0,0,0,0,0,0,0,0,0,0,0,0,0,0,0,0,0,0,0,0,0,0,0,0,0,0,0,0,0,0,0,0,0,0,0,0,0,0,0,0,0,0,0,0,0,0,0,0,0,0,0,0,0,0,0,0,0,0,0,0,0,0,0,0,0,0,0,0,0,0,0,0,0,0,0,0,0,0,0,0,0,0,0,0,0,0,0,0,0,0,0,0,0,0,0,0,0,0,0,0,0,0,0,0,0,0,0,0,0,0,0,0,0,0,0,0,0,0,0,0,,,,,,,,,,,,,,,,,,,,,,,,,,,,,,,,,,,,,,,,,,,,,,,,,,,,,,,,,,,,,,,,,,,,,,,,,,,,,,,,,,,,,,,,,,,,,,,,,,,,,,,,,,,,,,,,,,,,,,,,,,,,,,,,,,,,,,,,,,,,,,,,,,,,,,,,,,,,
TN0050200,2011,Maryville Police Department,Tennessee,27713,22,47,26,27,12,76,0,260,1,285,0,37,6,1,6,62,87,10,6,108,81,3,93,91,11,0,0,0,12,0,1,0,0,43,0,0,0,0,0,0,0,0,7762,770,172,1364,2734,3040,0,1393,813,871,0,972,54,271,2804,1594,327,753,367,746,0,440,0,161,1068,0,0,0,10092,0,21674,0,0,85,0,0,0,0,0,0,0,0,4741,171,49,813,639,1263,0,271,813,196,0,603,43,271,2032,745,229,70,379,474,0,135,0,68,244,0,0,0,6773,0,21674,0,0,14,0,0,0,0,0,0,0,0,68,0,0,2,0,0,0,49,3,0,0,0,0,14,0,0,1,5,2,1,0,0,0,0,22,0,0,0,1,1,3,0,0,1,0,0,0,0,0,0,0,0,1075,0,0,542,0,0,0,2059,677,0,0,0,0,2322,0,0,1355,16418,440,359,0,0,0,0,2137,0,0,0,54,81,474,0,0,2032,0,0,0,0,0,0,0,0,677,0,0,542,0,0,0,339,406,0,0,0,0,373,0,0,1355,203,440,359,0,0,0,0,610,0,0,0,54,81,542,0,0,2032,0,0,0,0,0,0,0,0,12,20,6,5,0,17,6,0,43,1,0,2,7,7,2,1,6,2,0,0,5,13,0,0,6,13,0,0,5,0,0,0,4,0,0,0,0,0,10156,137,30,325,0,1028,1580,0,230,542,0,779,213,1344,26,271,394,551,0,0,0,704,0,0,0,135,0,0,13546,0,0,0,125,0,0,0,0,0,6770,81,30,339,0,385,297,0,109,542,0,779,135,677,26,271,70,551,0,0,0,461,0,0,0,68,0,0,13546,0,0,0,37,0,0,0,0,0,0,72,0,0,0,0,67,0,0,0,0,0,0,0,0,0,0,0,0,0,0,0,0,0,0,0,0,0,0,0,0,0,0,0,0,0,8,0,0,0,0,0,0,0,0,0,0,0,0,0,0,0,0,0,0,0,0,0,0,0,0,0,0,0,0,0,4,0,0,0,0,0,0,0,0,0,0,0,0,0,0,0,0,0,0,0,0,0,0,0,0,12,0,0,0,0,0,0,0,31,0,0,,0,0,0,0,0,0,0,0,,,0,0,0,0,0,0,90,0,0,0,0,0,0,0,1284,0,0,,0,0,0,0,0,0,0,0,,,0,0,0,0,0,0,58,0,0,0,0,0,0,0,772,0,0,,0,0,0,0,0,0,0,0,,,0,0,0,0,0,0,0,1,1,0,0,0,0,0,0,0,0,0,0,0,0,0,0,0,0,0,0,0,0,0,0,0,0,0,0,0,0,0,0,95,271,0,0,0,0,0,0,0,0,0,0,0,0,0,0,0,0,0,0,0,0,0,0,0,0,0,0,0,0,0,0,95,271,0,0,0,0,0,0,0,0,0,0,0,0,0,0,0,0,0,0,0,0,0,0,0,0,0,0,0,0,0,0,39,0,1,1,0,0,0,27,0,0,4,0,0,0,0,0,0,0,0,0,0,0,0,0,0,0,0,0,0,0,0,0,0,0,0,0,0,0,0,0,0,0,0,0,0,0,0,0,0,0,0,0,0,0,0,0,0,0,0,0,0,0,0,0,0,0,0,0,0,0,0,0,0,0,0,0,0,0,0,0,0,0,0,0,0,0,0,0,0,0,0,0,0,0,0,0,0,0,0,0,0,0,0,0,0,0,0,0,0,0,,0,0,,0,0,,0,0,0,0,0,0,0,0,0,0,0,0,0,0,0,0,0,0,0,0,0,0,0,0,0,0,0,0,0,0,0,0,0,0,0,0,0,0,0,0,0,0,0,0,0,0,0,0,0,0,0,0,0,0,0,0,0,0,0,0,0,0,0,0,0,0,0,0,0,0,0,0,0,0,0,0,0,0,0,0,0,0,0,0,0,0,0,0,0,0,0,0,0,0,0,0,0,0,0,0,0,0,0,0,0,0,0,,0,0,,0,0,,0,0,0,0,0,0,0,0,0,0,0,0,0,0,0,0,0,0,0,0,0,0,0,0,0,0,0,0,0,0,0,0,0,0,0,0,0,0,0,0,0,0,0,0,0,0,0,0,0,0,0,0,0,0,0,0,0,0,0,0,0,0,0,0,0,0,0,0,0,0,0,0,0,0,0,0,0,0,0,0,0,0,0,0,0,0,0,0,0,0,0,0,0,0,0,0,0,0,0,0,0,0,0,0,0,0,0,0,0,0,0,0,0,0,0,0,0,0,0,0,0,0,0,0,0,0,0,0,0,0,0,0,0,0,0,0,0,0,0,0,0,0,0,0,0,0,0,0,0,0,0,0,0,0,0,0,0,0,0,0,0,0,0,0,0,0,0,0,0,0,0,0,0,0,0,0,0,0,0,0,0,0,0,0,0,0,0,0,0,0,0,0,0,0,,0,0,0,,0,0,0,,0,0,0,,0,0,0,,0,0,0,,0,0,0,0,0,0,0,0,0,0,0,0,0,0,0,0,0,0,0,0,0,0,0,0,0,0,0,0,0,0,0,0,0,0,0,0,0,0,0,0,0,0,0,0,0,0,0,0,0,0,0,0,0,0,0,0,0,0,0,0,0,0,0,0,0,0,0,0,0,0,0,0,0,0,0,0,0,0,0,0,0,0,0,0,0,0,0,0,0,0,,,,,,,,,,,,,,,,,,,,,,,,,,,,,,,,,,,,,,,,,,,,,,,,,,,,,,,,,,,,,,,,,,
TN0050200,2012,Maryville Police Department,Tennessee,27874,11,55,32,44,36,72,0,233,0,279,0,27,14,1,2,89,54,4,8,115,62,2,78,68,13,4,0,0,7,1,2,0,0,24,0,0,0,1,0,0,0,0,9591,367,120,1291,1805,2716,0,1131,0,1138,0,765,110,597,6301,1389,544,134,168,835,0,531,0,123,313,11109,0,0,10143,265,9423,0,0,32,0,0,0,21,0,0,0,0,6629,138,48,664,796,970,0,265,0,265,0,492,35,597,6301,597,265,100,166,504,0,531,0,41,226,10219,0,0,2654,265,9423,0,0,7,0,0,0,21,0,0,0,0,56,0,0,2,0,0,0,30,1,0,0,0,1,19,0,0,2,6,3,0,0,0,1,0,20,1,0,0,0,0,4,0,0,0,0,1,0,0,0,0,0,0,625,0,0,995,0,0,0,1815,4645,0,0,0,133,386,0,0,1975,155,575,0,0,0,664,0,1265,531,0,0,0,0,1178,0,0,0,0,1062,0,0,0,0,0,0,332,0,0,995,0,0,0,398,4645,0,0,0,133,365,0,0,1975,133,531,0,0,0,664,0,597,531,0,0,0,0,962,0,0,0,0,1062,0,0,0,0,0,0,9,27,6,3,6,16,11,0,48,3,0,1,4,13,2,1,1,1,1,1,3,13,0,1,5,10,0,0,4,0,0,0,2,0,0,0,0,0,10985,212,45,7056,814,1102,509,0,267,558,0,657,240,289,44,265,159,219,23225,265,0,407,0,0,0,132,0,0,6802,0,0,0,141,0,0,0,0,0,6636,106,43,664,682,265,104,0,117,507,0,657,265,222,44,265,159,219,23225,265,0,265,0,0,0,51,0,0,2654,0,0,0,141,0,0,0,0,0,0,81,0,0,0,0,88,0,1,0,0,0,0,0,0,0,0,0,0,0,0,0,0,0,0,0,0,0,0,0,0,0,0,0,0,0,5,0,319,0,0,0,0,0,0,0,0,0,0,0,0,0,0,0,0,0,0,0,0,0,0,0,0,0,0,0,3,0,319,0,0,0,0,0,0,0,0,0,0,0,0,0,0,0,0,0,0,0,0,0,0,13,0,0,0,0,0,0,0,30,0,0,0,0,0,0,0,0,0,0,0,,0,0,0,0,0,0,0,100,0,0,0,0,0,0,0,954,0,0,0,0,0,0,0,0,0,0,0,,0,0,0,0,0,0,0,53,0,0,0,0,0,0,0,513,0,0,0,0,0,0,0,0,0,0,0,,0,0,0,0,0,0,0,0,1,0,0,0,0,0,0,0,0,0,0,0,0,0,0,0,0,0,0,0,0,0,0,0,0,0,0,0,0,0,0,0,664,0,0,0,0,0,0,0,0,0,0,0,0,0,0,0,0,0,0,0,0,0,0,0,0,0,0,0,0,0,0,0,664,0,0,0,0,0,0,0,0,0,0,0,0,0,0,0,0,0,0,0,0,0,0,0,0,0,0,0,0,0,0,0,43,0,3,1,0,2,0,30,0,1,1,0,0,0,0,0,0,0,0,0,0,0,0,0,0,0,0,0,0,0,0,0,0,0,0,0,0,0,0,0,0,0,0,0,0,0,0,0,0,0,0,,0,0,0,,0,0,0,,0,0,0,0,0,0,0,0,0,0,0,0,0,0,0,0,0,0,0,0,0,0,0,0,0,0,0,0,0,0,0,0,0,0,0,0,0,0,0,0,0,0,0,0,0,0,0,0,0,0,0,0,0,0,0,0,0,0,0,0,0,0,0,0,0,0,0,0,0,0,0,,,,1,8,10,6,0,0,0,8,0,0,0,0,1,2,9,0,0,4,0,2,1,1,1,0,3749,440,820,1337,0,0,0,461,0,0,0,0,0,0,974,0,0,695,0,113,1593,16955,2389,0,3749,464,431,573,0,0,0,265,0,0,0,0,0,0,379,0,0,444,0,113,1593,16955,2389,0,0,0,0,0,0,0,0,0,0,0,0,0,0,0,0,0,0,0,0,0,0,0,0,0,0,0,0,0,0,0,0,0,0,1,0,1,0,0,0,0,0,0,0,0,0,0,0,0,265,0,536,0,0,0,0,0,0,0,0,0,0,0,0,265,0,536,0,0,0,0,0,0,0,0,0,0,0,0,0,0,0,0,0,0,0,0,0,0,0,0,0,0,1,0,0,0,0,0,0,0,0,0,0,0,0,0,0,0,0,0,0,0,0,126,0,0,0,0,0,0,0,0,0,0,0,0,0,0,0,0,0,0,0,0,126,0,0,0,0,0,0,0,0,0,0,0,0,0,0,0,0,0,0,0,0,0,0,0,0,0,0,0,0,0,0,0,0,0,0,0,0,0,0,0,0,0,0,0,0,0,0,0,0,0,0,2,0,1,0,0,0,0,0,0,0,0,332,0,226,0,0,0,0,0,0,0,0,332,0,226,0,0,0,0,0,0,0,0,0,0,0,0,0,,0,0,0,0,0,0,0,,0,0,0,0,0,0,0,,0,0,,0,0,0,0,0,0,0,0,,0,0,0,0,0,0,0,0,,0,0,0,0,0,0,0,0,0,0,0,0,0,0,0,0,0,0,0,,0,0,0,0,0,0,0,,0,0,0,0,0,0,0,,0,0,0,,0,0,,,,0,0,0,0,0,,0,0,,,,0,0,0,0,0,,0,0,,,,0,0,0,0,0,0,0,0,0,0,0,0,0,0,0,0,0,0,0,0,0,0,0,0,0,0,0,0,0,,,,,,,,,,,,,,,,,,,,,,,,,,,,,,,,,,,,,,,
TN0050200,2013,Maryville Police Department,Tennessee,28009,15,73,21,35,33,71,0,171,0,151,0,30,9,0,3,62,39,3,3,71,35,9,19,57,22,1,0,0,3,0,0,0,0,23,0,0,0,0,0,0,0,0,5574,298,156,1311,1734,5753,0,1104,0,656,0,908,39,0,1657,787,755,314,275,952,0,430,0,126,578,916,0,0,18918,0,0,0,0,208,0,0,0,0,0,0,0,0,3499,95,88,589,262,1962,0,262,0,103,0,715,25,0,1308,523,310,209,301,600,0,147,0,46,244,916,0,0,9025,0,0,0,0,17,0,0,0,0,0,0,0,0,45,0,0,3,0,0,1,21,1,0,0,0,0,15,0,0,1,2,6,0,0,0,0,0,11,0,0,0,1,1,2,0,0,0,0,0,0,0,0,0,0,0,705,0,0,828,0,0,523,2427,327,0,0,0,0,321,0,0,621,294,10889,0,0,0,0,0,900,0,0,0,718,10595,916,0,0,0,0,0,0,0,0,0,0,0,523,0,0,392,0,0,523,327,327,0,0,0,0,131,0,0,621,294,654,0,0,0,0,0,654,0,0,0,718,10595,916,0,0,0,0,0,0,0,0,0,0,0,8,43,12,2,13,11,4,0,57,4,0,1,5,12,2,1,3,8,1,0,2,11,0,0,2,12,0,0,1,0,0,0,1,0,0,0,0,0,3850,152,72,392,163,438,380,0,407,953,0,1308,1061,359,44,301,314,96,916,0,0,343,0,0,0,71,0,0,9025,0,0,0,58,0,0,0,0,0,2943,86,25,392,113,129,131,0,68,476,0,1308,732,232,44,301,209,35,916,0,0,215,0,0,0,43,0,0,9025,0,0,0,58,0,0,0,0,0,0,36,0,1,0,0,43,0,0,0,0,0,0,0,0,0,0,0,0,0,0,0,0,0,0,0,0,0,0,0,0,0,0,395,0,0,4,0,0,0,0,0,0,0,0,0,0,0,0,0,0,0,0,0,0,0,0,0,0,0,0,0,0,395,0,0,3,0,0,0,0,0,0,0,0,0,0,0,0,0,0,0,0,0,0,0,0,0,0,0,0,12,0,0,0,0,0,0,0,18,0,0,0,0,0,0,0,0,0,0,0,0,,0,0,0,0,0,0,33,0,0,0,0,0,0,0,8066,0,0,0,0,0,0,0,0,0,0,0,0,,0,0,0,0,0,0,26,0,0,0,0,0,0,0,569,0,0,0,0,0,0,0,0,0,0,0,0,,0,0,0,0,0,0,0,0,0,0,0,0,0,0,0,0,0,0,0,0,0,1,0,0,0,0,0,0,0,0,0,0,0,0,0,0,0,0,0,0,0,0,0,0,0,0,0,0,0,0,0,0,0,34007,0,0,0,0,0,0,0,0,0,0,0,0,0,0,0,0,0,0,0,0,0,0,0,0,0,0,0,0,0,0,0,34007,0,0,0,0,0,0,0,0,0,0,0,0,0,0,0,0,0,14,0,1,0,1,1,0,14,0,0,6,1,0,0,0,0,0,0,0,0,0,0,0,0,0,0,0,0,0,0,0,0,0,0,0,0,0,0,0,0,0,0,0,0,0,0,0,0,0,0,0,,0,0,0,,0,0,0,,0,0,0,0,0,0,0,0,0,0,0,0,0,0,0,0,0,0,0,0,0,0,0,0,0,0,0,0,0,0,0,0,0,0,0,0,0,0,0,0,0,0,0,0,0,0,0,,,,0,0,0,0,0,0,0,0,0,0,0,0,0,0,0,0,0,0,0,0,0,,,,2,29,39,2,6,0,1,9,4,0,1,3,4,32,10,0,0,7,0,5,1,1,5,1,1478,706,1165,921,1640,0,0,667,246,0,0,46,0,0,4597,0,0,1923,0,43,3176,2531,4926,5,1478,523,425,921,589,0,0,196,81,0,0,39,0,0,458,0,0,1033,0,46,3176,2531,1046,5,0,0,0,0,0,0,0,0,0,1,0,0,3924,0,0,3924,0,0,0,0,0,0,0,0,0,0,0,0,0,3,0,2,1,2,2,0,2,0,0,2,0,0,0,0,0,0,195,0,343,145,0,111,0,0,97,0,0,0,0,0,0,195,0,343,145,0,111,0,0,97,0,0,0,0,0,0,0,0,0,0,0,0,0,0,0,0,0,0,0,0,0,1,0,0,0,0,0,0,0,0,0,0,0,0,0,0,0,0,0,0,0,0,65,0,0,0,0,0,0,0,0,0,0,0,0,0,0,0,0,0,0,0,0,65,0,0,0,0,0,0,0,0,0,0,0,0,0,0,0,0,0,0,0,0,0,0,0,0,0,0,0,0,0,0,0,0,0,0,0,0,0,0,0,0,0,0,0,0,0,0,0,0,0,0,0,6,0,3,0,0,0,1,1,0,0,0,531,0,4168,0,0,0,5,3176,0,0,0,589,0,3139,0,0,0,5,3176,0,0,0,0,0,0,0,0,0,0,0,0,0,0,0,0,0,0,0,0,0,0,0,0,0,,0,,0,0,0,0,0,0,,0,,0,0,0,0,0,0,,0,,0,0,0,0,0,0,0,0,0,0,0,0,0,0,0,0,0,0,0,0,0,0,0,0,0,0,0,0,0,0,0,0,0,0,0,0,0,0,0,0,0,0,,,0,0,0,0,0,0,0,0,0,,,0,0,0,0,0,0,0,0,0,,,0,0,0,0,0,0,0,0,0,0,0,0,,0,0,,0,0,,0,0,0,,0,0,,0,0,,0,0,0,0,0,0,0,0,0,0,0,0,0,0,0,0,0,0,0,0,0,0,,,,,,,,,,,,,,,,,,
TN0050200,2014,Maryville Police Department,Tennessee,28116,20,91,35,15,40,36,0,166,4,127,0,39,9,0,1,48,32,2,5,51,46,7,20,52,16,0,0,0,9,0,0,0,0,9,0,0,0,0,0,0,0,0,5015,192,181,774,2601,1962,0,1209,404,485,0,698,110,0,386,748,387,68,206,688,0,1325,0,100,359,0,0,0,14740,0,0,0,0,184,0,0,0,0,0,0,0,0,3861,121,73,386,458,418,0,331,192,121,0,517,11,0,386,312,129,68,153,514,0,129,0,48,277,0,0,0,11391,0,0,0,0,154,0,0,0,0,0,0,0,0,77,0,1,3,0,0,0,15,1,0,0,0,0,12,0,0,1,3,4,0,0,2,0,0,13,0,0,0,1,0,11,0,0,0,0,0,0,0,0,0,0,0,622,0,703,944,0,0,0,231,129,0,0,0,0,1040,0,0,322,199,917,0,0,354,0,0,1059,0,0,0,901,0,1606,0,0,0,0,0,0,0,0,0,0,0,450,0,703,1158,0,0,0,129,129,0,0,0,0,302,0,0,322,193,869,0,0,354,0,0,644,0,0,0,901,0,450,0,0,0,0,0,0,0,0,0,0,0,13,57,13,2,12,9,1,1,38,6,0,0,4,13,1,1,0,4,0,0,1,16,0,0,0,7,0,0,3,0,0,0,2,0,0,0,0,0,4646,173,79,1931,499,685,1287,126,408,823,0,0,80,185,3,193,0,169,0,0,0,637,0,0,0,116,0,0,8581,0,0,0,199,0,0,0,0,0,3861,121,59,1931,197,85,1287,126,116,739,0,0,67,134,3,193,0,98,0,0,0,417,0,0,0,77,0,0,9010,0,0,0,199,0,0,0,0,0,0,62,0,0,0,0,55,0,0,0,0,0,0,0,0,0,0,0,0,0,0,0,0,0,0,0,0,0,0,0,0,0,0,0,0,0,4,0,0,0,0,0,0,0,0,0,0,0,0,0,0,0,0,0,0,0,0,0,0,0,0,0,0,0,0,0,3,0,0,0,0,0,0,0,0,0,0,0,0,0,0,0,0,0,0,0,0,0,0,0,0,7,0,0,0,0,0,0,0,26,0,0,,0,0,0,0,0,0,0,0,0,,0,0,0,0,0,0,42,0,0,0,0,0,0,0,2590,0,0,,0,0,0,0,0,0,0,0,0,,0,0,0,0,0,0,26,0,0,0,0,0,0,0,450,0,0,,0,0,0,0,0,0,0,0,0,,0,0,0,0,0,0,0,0,2,0,0,0,0,0,0,0,0,0,0,0,0,0,0,0,0,0,0,0,0,0,0,0,0,0,0,,0,0,0,0,19628,0,0,0,0,0,0,0,0,0,0,0,0,0,0,0,0,0,0,0,0,0,0,0,0,0,0,,0,0,0,0,19628,0,0,0,0,0,0,0,0,0,0,0,0,0,0,0,0,0,0,0,0,0,0,0,0,0,0,,0,0,0,44,0,0,0,1,2,0,15,1,0,2,0,0,0,0,0,0,0,0,0,0,0,0,0,0,0,0,0,0,0,0,0,0,0,0,0,0,0,0,0,0,0,0,0,0,0,0,0,0,0,0,0,0,0,0,0,0,0,0,0,0,0,0,0,0,0,0,0,0,0,0,0,0,0,0,0,0,0,0,0,0,0,0,0,0,0,0,0,0,0,0,0,0,0,0,0,0,0,0,0,0,0,0,0,0,0,0,0,0,0,,,0,,,0,,,0,0,0,0,0,0,0,0,0,0,0,0,0,,,,3,40,29,2,5,0,0,4,2,0,3,8,1,32,5,2,0,10,0,0,1,2,2,1,3025,601,1929,1139,2021,0,0,663,51,0,0,70,0,0,2639,5084,0,333,0,0,425,4827,2574,88,3411,386,579,1139,1030,0,0,579,51,0,0,42,0,0,772,5084,0,348,0,0,425,4827,2574,88,0,0,0,0,0,0,0,0,0,2,0,0,1351,0,0,1351,0,0,0,0,0,0,0,0,0,0,0,0,1,3,0,0,0,2,1,0,4,0,0,0,1,0,0,0,0,0,0,0,746,450,0,238,0,0,0,7079,0,0,0,0,0,0,0,746,450,0,205,0,0,0,7079,0,0,0,0,0,0,0,0,0,0,0,0,3,0,0,0,0,0,0,0,0,0,0,0,0,0,0,0,0,0,0,0,0,343,0,0,0,0,0,0,0,0,0,0,0,0,0,0,0,0,0,0,0,0,257,0,0,0,0,0,0,0,0,0,0,0,0,0,0,0,0,0,0,0,0,0,0,0,0,0,0,0,0,0,0,0,0,0,0,0,0,0,0,0,0,0,0,0,0,0,0,0,0,0,0,0,0,0,0,0,0,0,0,0,5,0,2,0,0,1,0,0,0,0,0,442,0,611,0,0,5792,0,0,0,0,0,501,0,611,0,0,5792,0,0,0,0,0,0,0,0,0,0,0,0,0,0,0,0,0,0,0,0,0,0,0,0,0,0,0,,0,,,,0,0,0,0,,0,,,,0,0,0,0,,0,,,,0,0,0,0,0,0,0,0,0,0,0,0,0,0,0,0,0,0,0,0,0,0,0,0,0,0,0,0,0,0,0,0,0,0,0,0,0,,0,0,0,,0,0,0,0,0,0,,0,0,0,,0,0,0,0,0,0,,0,0,0,,0,0,0,0,0,0,0,0,0,0,0,0,0,,0,0,,0,0,,0,0,0,0,0,0,0,0,0,0,0,,0,,0,,0,,0,0,0,0,,0,0,0,0,,0,0,0,,,,,,,,,,,,,,,,,,
TN0050200,2015,Maryville Police Department,Tennessee,28541,9,65,24,18,29,30,0,200,1,92,0,28,5,1,2,44,20,31,5,63,55,7,31,64,17,0,0,0,6,0,0,0,0,11,0,0,0,1,0,0,0,0,10927,310,1093,1056,1493,4104,0,989,51,525,0,817,94,792,5142,1057,230,387,484,558,0,128,0,120,441,0,0,0,30618,0,0,0,0,5181,0,0,0,39,0,0,0,0,5142,140,57,771,257,872,0,274,51,154,0,539,64,792,5142,417,186,216,257,392,0,138,0,51,550,0,0,0,22433,0,0,0,0,37,0,0,0,39,0,0,0,0,59,0,0,2,0,0,1,22,0,0,0,0,0,10,0,0,1,0,4,0,0,0,0,0,10,0,0,3,0,0,11,0,0,0,0,0,1,0,0,0,0,0,531,0,0,386,0,0,643,914,0,0,0,0,0,485,0,0,386,0,365,0,0,0,0,0,733,0,0,3535,0,0,640,0,0,0,0,0,0,0,0,0,0,0,386,0,0,386,0,0,643,321,0,0,0,0,0,145,0,0,386,0,289,0,0,0,0,0,578,0,0,1286,0,0,386,0,0,0,0,0,0,0,0,0,0,0,5,41,2,2,9,7,1,0,12,5,0,2,0,6,0,1,25,3,0,0,5,4,0,0,2,10,0,0,4,0,0,0,0,0,0,0,0,0,13498,195,13,514,400,73,90,0,175,767,0,3857,0,1496,0,1622,374,461,0,0,0,430,0,0,0,44,0,0,28765,0,0,0,0,0,0,0,0,0,8356,129,13,514,181,50,90,0,119,769,0,3857,0,116,0,1622,194,613,0,0,0,469,0,0,0,32,0,0,8678,0,0,0,0,0,0,0,0,0,0,71,0,0,0,0,55,0,0,0,0,0,0,0,0,0,0,0,0,0,0,0,0,0,0,0,0,0,0,0,0,0,0,0,0,0,5,0,0,0,0,0,0,0,0,0,0,0,0,0,0,0,0,0,0,0,0,0,0,0,0,0,0,0,0,0,3,0,0,0,0,0,0,0,0,0,0,0,0,0,0,0,0,0,0,0,0,0,0,0,0,13,0,0,0,0,0,0,0,14,0,0,0,0,0,0,0,0,0,0,0,0,0,0,0,0,0,0,0,107,0,0,0,0,0,0,0,1024,0,0,0,0,0,0,0,0,0,0,0,0,0,0,0,0,0,0,0,26,0,0,0,0,0,0,0,519,0,0,0,0,0,0,0,0,0,0,0,0,0,0,0,0,0,0,0,0,0,0,0,0,0,0,0,0,0,0,0,0,0,0,0,0,0,0,0,0,0,0,0,0,0,0,0,0,0,0,0,0,0,0,0,0,0,0,0,0,0,0,0,0,0,0,0,0,0,0,0,0,0,0,0,0,0,0,0,0,0,0,0,0,0,0,0,0,0,0,0,0,0,0,0,0,0,0,0,0,0,0,0,0,0,0,0,0,0,0,0,0,0,0,0,1,57,0,2,0,0,0,0,13,0,0,2,1,0,0,0,0,0,0,0,0,0,0,0,0,0,0,0,0,0,0,0,0,0,0,0,0,0,0,0,0,0,0,0,0,0,0,0,0,0,0,0,,0,0,0,,0,0,0,,0,0,0,0,0,0,0,0,0,0,0,0,0,0,,0,0,0,,0,0,0,,0,0,0,0,0,0,,,,0,0,0,0,0,0,,,,0,0,0,0,0,0,0,0,0,,0,0,,0,0,,0,0,0,0,0,,,,0,0,0,0,0,0,0,0,0,3,23,23,2,2,0,0,4,0,0,15,5,14,48,3,7,0,7,0,5,0,1,3,0,609,423,773,739,3407,0,0,572,0,0,0,29,0,0,951,2717,0,378,0,109,0,13,7490,0,643,257,386,739,3407,0,0,630,0,0,0,28,0,0,1221,1928,0,225,0,96,0,13,1800,0,0,1,0,0,0,0,0,0,0,0,0,0,0,0,0,0,0,0,0,0,0,0,0,0,0,0,0,1,1,6,0,0,0,1,0,0,0,0,1,0,0,1,774,0,0,0,0,0,129,0,0,0,0,0,0,0,13,774,0,0,0,0,0,129,0,0,0,0,0,0,0,13,0,0,0,0,1,0,129,0,129,0,0,2,0,0,0,0,0,0,0,0,0,0,0,0,0,0,0,0,0,0,0,0,424,0,0,0,0,0,0,0,0,0,0,0,0,0,0,0,0,0,0,0,0,424,0,0,0,0,0,0,0,0,0,0,0,0,0,0,0,0,0,0,0,0,0,0,0,0,0,0,0,0,0,0,0,0,0,0,0,0,0,0,0,0,0,0,0,0,0,0,0,0,0,0,0,0,0,0,0,0,0,0,0,4,0,6,0,0,0,0,0,0,0,0,530,0,439,0,0,0,0,0,0,0,0,514,0,385,0,0,0,0,0,0,0,0,0,0,0,,0,0,0,0,0,0,0,,0,0,0,0,0,0,0,,0,0,,0,,0,0,0,,0,0,,0,,0,0,0,,0,0,,0,,0,0,0,,0,0,0,0,0,0,0,0,0,0,0,0,0,0,0,0,0,0,0,0,0,0,0,0,0,0,0,0,0,0,0,0,0,0,0,0,0,0,0,0,0,0,0,0,0,0,0,0,0,0,0,0,0,0,0,0,0,0,0,0,0,0,0,0,0,0,0,0,0,0,0,0,0,0,,0,0,,0,0,,0,0,0,0,0,0,0,0,0,0,0,0,,0,,0,,0,0,,0,0,0,0,,0,0,0,0,,0,0,0,0,0,0,0,0,,,,,,,,,,,,
TN0050200,2016,Maryville Police Department,Tennessee,28661,12,88,58,22,30,45,0,235,0,95,0,24,8,1,9,59,30,37,7,65,65,8,22,72,15,0,0,0,4,1,2,0,0,13,0,0,0,0,0,0,0,0,11531,372,193,847,341,4313,0,1239,0,510,0,754,26,508,4514,912,621,144,479,671,0,307,0,129,412,0,0,0,5872,2539,27010,0,0,561,0,0,0,0,0,0,0,0,5392,127,65,614,113,1155,0,273,0,86,0,548,27,508,3809,508,98,50,381,443,0,176,0,44,411,0,0,0,5586,2539,27010,0,0,232,0,0,0,0,0,0,0,0,76,1,0,3,0,0,0,14,0,0,1,0,1,14,1,0,1,3,6,1,0,0,0,0,18,0,0,2,2,0,7,0,0,0,0,0,0,0,0,0,0,0,480,25,0,732,0,0,0,609,0,0,501,0,127,279,952,0,317,466,1418,127,0,0,0,0,688,0,0,1904,1682,0,1061,0,0,0,0,0,0,0,0,0,0,0,381,25,0,254,0,0,0,159,0,0,501,0,127,286,952,0,317,254,889,127,0,0,0,0,635,0,0,1904,1682,0,635,0,0,0,0,0,0,0,0,0,0,0,10,57,19,2,12,13,3,0,16,3,0,3,3,10,4,1,17,5,0,0,4,8,0,0,0,7,0,0,3,1,0,0,0,0,0,0,0,0,12251,399,243,413,133,2509,2717,0,160,565,0,6305,708,462,20,1016,123,244,0,0,0,303,0,0,0,101,0,0,4232,508,0,0,0,0,0,0,0,0,5078,122,39,413,88,107,2717,0,56,526,0,5078,508,241,25,1016,38,99,0,0,0,254,0,0,0,32,0,0,3174,508,0,0,0,0,0,0,0,0,0,70,0,1,0,0,53,0,1,0,0,0,0,0,0,0,0,0,0,0,0,0,0,0,0,0,0,0,0,0,0,0,0,0,0,0,5,0,25,0,0,0,0,0,0,0,0,0,0,0,0,0,0,0,0,0,0,0,0,0,0,0,0,0,0,0,4,0,25,0,0,0,0,0,0,0,0,0,0,0,0,0,0,0,0,0,0,0,0,0,0,9,0,0,0,0,0,0,0,28,0,0,,0,0,,0,0,0,0,0,0,0,0,0,0,0,0,0,51,0,0,0,0,0,0,0,739,0,0,,0,0,,0,0,0,0,0,0,0,0,0,0,0,0,0,25,0,0,0,0,0,0,0,369,0,0,,0,0,,0,0,0,0,0,0,0,0,0,0,0,0,0,0,1,1,0,0,0,0,0,0,0,0,0,0,0,0,0,0,1,0,0,0,0,0,0,0,0,0,0,0,0,0,0,0,1904,126955,0,0,0,0,0,0,0,0,0,0,0,0,0,0,12696,0,0,0,0,0,0,0,0,0,0,0,0,0,0,0,1904,126955,0,0,0,0,0,0,0,0,0,0,0,0,0,0,12696,0,0,0,0,0,0,0,0,0,0,0,0,0,0,1,45,0,7,1,4,0,0,8,1,3,2,3,0,0,0,0,0,0,0,0,0,0,0,0,0,0,0,0,0,0,0,0,0,0,0,0,0,0,0,0,0,0,0,0,0,0,0,0,0,0,0,0,0,0,0,0,0,0,0,0,0,0,0,0,0,0,0,0,0,0,0,0,0,0,0,0,0,0,0,0,0,0,0,0,0,0,0,0,0,0,0,0,0,0,0,0,0,0,0,0,0,0,0,0,0,0,0,0,0,0,0,,0,0,,0,0,,0,0,0,0,0,0,0,0,0,0,0,0,0,0,0,0,8,33,43,7,6,0,1,6,5,0,18,3,11,43,1,10,0,6,0,1,0,0,2,0,994,373,1612,412,1136,0,381,1246,143,0,0,29,0,0,190,3825,0,162,0,51,0,0,1063,0,657,203,528,140,340,0,381,762,150,0,0,25,0,0,190,2856,0,25,0,51,0,0,1063,0,0,0,0,0,0,0,0,0,0,2,0,0,2730,0,0,2730,0,0,0,0,0,0,0,0,0,0,0,1,2,4,0,0,0,2,1,0,0,0,0,0,1,0,2184,0,0,0,0,0,698,44,0,0,0,0,0,6348,0,2184,0,0,0,0,0,698,44,0,0,0,0,0,6348,0,0,0,0,0,2,0,51,0,51,0,0,0,0,0,0,0,0,0,0,0,0,0,0,0,0,0,0,0,0,0,0,0,0,0,0,0,0,0,0,0,0,0,0,0,0,0,0,0,0,0,0,0,0,0,0,0,0,0,0,0,0,0,0,0,0,0,0,0,0,0,0,0,0,0,0,0,0,2,1,0,0,0,0,0,0,0,0,3,0,0,0,0,0,0,0,0,0,3,0,0,0,0,0,0,0,0,0,0,0,0,0,0,0,9,0,3,0,0,0,0,0,0,0,0,249,0,2719,0,0,0,0,0,0,0,0,127,0,413,0,0,0,0,0,0,0,0,0,0,0,0,0,0,0,0,0,0,0,0,0,0,0,0,0,0,0,0,0,0,,0,0,0,0,0,0,0,0,,0,0,0,0,0,0,0,0,,0,0,0,0,0,0,0,0,0,0,0,0,0,0,0,0,0,0,0,0,0,0,0,0,0,0,0,0,0,0,0,0,0,0,0,0,0,0,0,0,0,0,0,0,0,,,0,0,0,0,0,0,0,0,0,,,0,0,0,0,0,0,0,0,0,,,0,0,0,0,0,0,0,0,0,0,0,0,0,0,0,0,0,0,0,0,0,0,0,0,0,0,0,0,0,0,0,0,0,0,0,0,0,0,0,0,0,0,0,0,0,0,0,0,0,0,,,,,,,0,0,0,0,0,0,,,,,,
TN0050200,2017,Maryville Police Department,Tennessee,28918,27,60,52,27,45,33,0,190,5,49,0,15,12,0,6,50,39,24,6,35,38,5,18,53,5,0,0,0,13,1,0,0,0,15,0,0,0,0,1,0,0,0,8757,370,111,950,629,2551,0,1180,366,361,0,574,52,0,1958,3500,546,266,398,1757,0,123,0,172,178,0,0,0,15395,746,0,0,0,213,0,0,0,0,1865,0,0,0,5967,148,53,684,170,1181,0,266,124,124,0,497,19,0,1057,640,124,58,249,622,0,137,0,50,124,0,0,0,6215,746,0,0,0,25,0,0,0,0,1865,0,0,0,52,0,1,7,0,0,1,20,1,0,0,0,0,18,1,0,1,3,4,0,0,1,0,0,19,0,0,1,2,0,5,0,0,0,0,0,0,0,0,0,0,0,809,0,870,297,0,0,249,1070,622,0,0,0,0,424,249,0,497,342,233,0,0,311,0,0,660,0,0,62,1162,0,781,0,0,0,0,0,0,0,0,0,0,0,497,0,870,81,0,0,249,357,622,0,0,0,0,333,249,0,497,124,124,0,0,311,0,0,497,0,0,62,1162,0,746,0,0,0,0,0,0,0,0,0,0,0,24,33,15,5,14,4,3,1,5,2,0,2,2,10,2,0,10,1,0,0,2,9,0,0,2,10,0,0,9,0,0,0,1,0,0,0,0,0,9701,196,95,777,119,62,133,1272,295,558,0,4351,33,2951,3,0,417,31,0,0,0,427,0,0,0,59,0,0,20994,0,0,0,27,0,0,0,0,0,6215,122,37,746,103,40,50,1272,39,558,0,4351,33,516,3,0,70,31,0,0,0,158,0,0,0,62,0,0,9945,0,0,0,27,0,0,0,0,0,0,108,0,2,0,0,90,0,0,0,0,0,0,0,0,0,0,0,0,0,0,0,0,0,0,1,0,0,0,0,0,0,0,3,0,0,11,0,0,0,0,0,0,0,0,0,0,0,0,0,0,0,0,0,0,0,0,0,0,0,0,0,0,3,0,0,5,0,0,0,0,0,0,0,0,0,0,0,0,0,0,0,0,0,0,0,0,0,0,0,0,22,0,0,0,0,0,0,0,24,0,0,0,0,0,0,0,0,0,0,0,0,,0,0,0,0,0,0,75,0,0,0,0,0,0,0,1467,0,0,0,0,0,0,0,0,0,0,0,0,,0,0,0,0,0,0,50,0,0,0,0,0,0,0,580,0,0,0,0,0,0,0,0,0,0,0,0,,0,0,0,0,0,0,1,0,1,2,,0,0,0,0,0,0,1,1,0,0,0,0,0,0,0,0,0,0,0,0,0,0,0,0,0,0,0,311,0,1243,336,,0,0,0,0,0,0,622,36,0,0,0,0,0,0,0,0,0,0,0,0,0,0,0,0,0,0,0,311,0,1243,336,,0,0,0,0,0,0,622,36,0,0,0,0,0,0,0,0,0,0,0,0,0,0,0,0,0,0,0,0,69,0,14,0,0,2,0,12,1,4,3,4,0,0,0,0,0,0,0,0,0,0,0,0,0,0,0,0,0,0,0,0,0,0,0,0,0,0,0,0,0,0,0,0,0,0,0,0,0,0,0,0,0,0,0,0,0,0,0,0,0,0,0,0,0,0,0,0,0,0,0,0,0,0,0,0,0,0,0,0,0,0,0,0,0,0,0,0,0,0,0,0,0,0,0,0,0,0,0,0,0,0,0,0,0,0,0,0,0,0,0,0,0,0,0,0,0,0,0,0,0,0,0,0,0,0,0,0,0,0,0,0,0,0,5,29,44,4,5,0,2,5,1,2,22,6,14,38,0,12,0,15,0,4,1,2,1,2,1001,871,754,637,2077,0,808,624,3729,125,0,1061,0,0,0,4409,0,867,0,177,186,827,30953,658,870,249,497,541,948,0,808,373,3729,125,0,52,0,0,0,2477,0,272,0,87,186,827,30953,658,1,0,1,0,0,0,0,0,0,0,0,0,0,0,0,0,0,0,0,0,2,0,0,0,0,0,0,2,2,3,0,0,0,0,0,0,1,0,0,0,2,1,283,0,0,0,0,0,0,0,0,883,0,0,0,6837,30953,283,0,0,0,0,0,0,0,0,883,0,0,0,6837,30953,0,0,0,0,6,0,381,0,168,1,0,2,2,0,0,0,0,0,0,0,1,0,0,0,0,0,0,0,0,0,93,0,155,280,0,0,0,0,0,0,0,249,0,0,0,0,0,0,0,0,0,93,0,155,280,0,0,0,0,0,0,0,249,0,0,0,0,0,0,0,0,0,0,0,0,0,0,1,0,0,0,0,0,0,0,0,0,6,0,0,0,0,0,0,0,0,0,6,0,0,0,0,0,0,0,0,0,0,0,0,0,0,0,1,0,3,0,0,0,0,0,0,0,0,454,0,572,0,0,0,0,0,0,0,0,454,0,373,0,0,0,0,0,0,0,0,0,0,0,0,0,0,0,0,0,0,0,0,0,0,0,0,0,0,0,0,0,0,0,0,,0,,0,0,0,0,0,0,,0,,0,0,0,0,0,0,,0,,0,0,0,0,0,0,0,0,0,0,0,0,0,0,0,0,0,0,0,0,0,0,0,0,0,0,0,0,0,0,0,0,0,0,0,0,0,0,0,0,0,0,0,0,0,0,0,0,0,0,0,0,0,0,0,0,0,0,0,0,0,0,0,0,0,0,0,0,0,0,0,0,0,0,0,0,0,0,0,0,0,0,0,0,0,0,0,0,0,0,0,0,0,0,0,0,0,0,0,0,0,0,0,,,0,0,0,,,0,0,0,,,0,0,0,,,,,,,,,,0,0,0,,,
TN0050200,2018,Maryville Police Department,Tennessee,28961,21,64,41,13,34,31,0,164,2,48,0,15,5,1,3,47,30,19,10,42,39,0,11,53,3,0,0,0,4,0,0,0,0,13,0,0,0,0,3,0,0,1,6154,228,148,1288,679,2179,0,1510,78,499,0,839,124,39922,15098,771,261,233,246,569,0,0,0,71,20,0,0,0,6870,0,0,0,0,116,0,0,0,0,2847,0,0,21842,6067,154,61,727,107,641,0,336,78,97,0,366,67,39922,18202,460,36,80,152,460,0,0,0,36,12,0,0,0,6944,0,0,0,0,30,0,0,0,0,2545,0,0,21842,36,0,0,6,0,0,0,6,1,0,0,0,1,17,0,0,1,3,7,0,0,1,0,0,15,0,1,0,2,0,5,0,0,0,0,0,0,0,0,0,0,0,659,0,0,1346,0,0,0,525,182,0,0,0,24,606,0,0,1820,627,351,0,0,2852,0,0,330,0,607,0,925,0,1192,0,0,0,0,0,0,0,0,0,0,0,425,0,0,425,0,0,0,164,182,0,0,0,24,425,0,0,1820,607,243,0,0,2852,0,0,182,0,607,0,925,0,607,0,0,0,0,0,0,0,0,0,0,0,17,28,17,2,8,4,0,2,2,2,0,2,6,5,1,4,10,0,0,0,0,4,0,0,0,7,0,0,3,0,0,0,0,0,1,0,0,0,6203,170,151,607,84,241,0,78,135,297,0,9766,33,759,55,159,325,0,0,0,0,289,0,0,0,83,0,0,6874,0,0,0,0,0,21842,0,0,0,6067,140,104,607,77,87,0,78,135,297,0,9766,33,364,55,152,209,0,0,0,0,317,0,0,0,52,0,0,6061,0,0,0,0,0,21842,0,0,0,0,129,0,1,0,0,95,0,0,0,0,0,0,0,0,0,0,0,0,0,0,0,0,0,0,0,0,0,0,0,0,0,0,0,0,0,10,0,0,0,0,0,0,0,0,0,0,0,0,0,0,0,0,0,0,0,0,0,0,0,0,0,0,0,0,0,7,0,0,0,0,0,0,0,0,0,0,0,0,0,0,0,0,0,0,0,0,0,0,0,0,10,0,0,0,0,0,0,0,9,0,0,,0,0,0,1,0,0,0,0,0,0,0,0,0,0,0,0,112,0,0,0,0,0,0,0,2715,0,0,,0,0,0,30,0,0,0,0,0,0,0,0,0,0,0,0,121,0,0,0,0,0,0,0,784,0,0,,0,0,0,30,0,0,0,0,0,0,0,0,0,0,0,0,0,0,1,0,0,0,0,0,0,0,0,1,0,0,0,0,0,0,0,0,0,0,0,0,0,0,0,0,0,0,0,0,0,0,24269,0,0,0,0,0,0,0,0,1213,0,0,0,0,0,0,0,0,0,0,0,0,0,0,0,0,0,0,0,0,0,0,24269,0,0,0,0,0,0,0,0,1213,0,0,0,0,0,0,0,0,0,0,0,0,0,0,0,0,0,0,0,0,1,83,0,22,0,0,2,0,11,0,8,2,3,0,0,0,0,0,0,0,0,0,0,0,0,0,0,0,0,0,0,0,0,0,0,0,0,0,0,0,0,0,0,0,0,0,0,0,0,0,0,0,,0,0,0,,0,0,0,,0,0,0,0,0,0,0,0,0,0,0,0,0,0,0,0,0,0,0,0,0,0,0,0,0,0,,,,,,,,0,,0,,0,0,0,0,0,0,0,0,0,0,0,0,0,,0,0,,0,0,,0,0,0,0,0,0,0,0,0,0,0,0,0,0,0,0,0,5,42,27,3,1,0,3,3,1,0,17,7,11,36,0,5,0,6,0,1,0,1,1,0,433,737,1157,1503,1432,0,61,437,36,0,0,106,0,0,0,4393,0,171,0,36,0,24,364,0,364,485,484,433,1432,0,61,158,36,0,0,38,0,0,0,2427,0,183,0,36,0,24,364,0,0,0,0,0,0,0,0,0,0,0,0,0,0,0,0,0,0,0,0,0,0,0,0,0,0,0,0,1,0,1,0,0,1,1,1,0,1,0,0,1,1,0,905,0,0,0,0,61,121,1092,0,142,0,0,36,425,0,905,0,0,0,0,61,121,1092,0,142,0,0,36,425,0,0,0,0,0,1,0,400,0,400,0,1,2,0,0,2,0,0,0,0,0,0,0,0,0,0,0,0,0,0,0,0,1820,334,0,0,297,0,0,0,0,0,0,0,0,0,0,0,0,0,0,0,0,1820,334,0,0,297,0,0,0,0,0,0,0,0,0,0,0,0,0,0,0,0,0,0,0,0,1,0,0,0,0,0,0,0,0,0,0,0,0,0,0,0,0,0,0,0,0,0,0,0,0,0,0,0,0,0,0,0,0,0,0,0,9,1,3,0,0,0,0,0,0,0,0,478,400,772,0,0,0,0,0,0,0,0,243,400,593,0,0,0,0,0,0,0,0,0,0,0,0,0,0,0,0,0,0,0,0,0,0,0,0,0,0,0,0,0,0,0,0,,0,0,0,0,0,0,0,0,,0,0,0,0,0,0,0,0,,0,0,0,0,0,0,0,0,0,0,0,0,0,0,0,0,0,0,0,0,0,0,0,0,0,0,0,0,0,0,0,0,0,0,0,0,0,0,0,0,0,0,0,0,0,0,0,0,0,0,0,0,0,0,0,0,0,0,0,0,0,0,0,0,0,0,0,0,0,0,0,0,0,0,0,0,0,0,0,0,0,0,0,0,0,0,0,0,0,0,0,0,0,0,0,0,0,0,0,0,0,0,0,0,0,0,0,0,0,0,0,0,0,0,0,0,0,0,0,0,0,0,0,0,0,0,0,0,0,0,0,0,,,
TN0050200,2019,Maryville Police Department,Tennessee,29415,31,76,67,16,63,21,0,119,5,47,0,9,4,0,0,44,25,35,10,49,41,1,9,65,3,0,0,0,8,0,1,0,0,6,0,0,0,0,1,0,0,0,10697,218,145,714,421,6421,0,2647,46,118,0,433,21,0,0,1546,355,156,666,1328,0,4171,0,94,146,0,0,0,23583,0,43264,0,0,21,0,0,0,0,48,0,0,0,7151,86,31,536,119,596,0,247,18,66,0,298,17,0,0,470,126,52,238,358,0,4171,0,60,72,0,0,0,10727,0,43264,0,0,20,0,0,0,0,48,0,0,0,44,1,1,7,0,3,0,5,4,0,1,0,0,11,0,0,0,5,3,0,0,0,0,0,3,0,1,0,2,0,5,0,0,0,0,0,0,0,0,0,0,0,979,571,1430,725,0,412,0,210,492,0,48,0,0,528,0,0,0,436,280,0,0,0,0,0,417,0,1071,0,492,0,250,0,0,0,0,0,0,0,0,0,0,0,596,571,1430,238,0,238,0,95,447,0,48,0,0,238,0,0,0,238,216,0,0,0,0,0,358,0,1071,0,492,0,179,0,0,0,0,0,0,0,0,0,0,0,27,38,29,2,30,3,1,2,8,3,0,0,5,8,2,4,27,1,0,0,3,8,0,0,1,8,0,0,8,0,0,0,0,0,0,0,0,0,11156,163,33,596,254,1165,128718,20,73,445,0,0,265,1487,26,1232,126,8,0,0,0,415,0,0,0,90,0,0,23583,0,0,0,0,0,0,0,0,0,7151,60,21,596,44,77,128718,20,19,305,0,0,100,282,26,349,51,8,0,0,0,124,0,0,0,37,0,0,10727,0,0,0,0,0,0,0,0,0,0,105,0,0,0,0,71,0,0,0,0,0,0,0,0,0,0,0,0,0,0,0,0,0,0,0,0,0,0,0,0,0,0,0,0,0,17,0,0,0,0,0,0,0,0,0,0,0,0,0,0,0,0,0,0,0,0,0,0,0,0,0,0,0,0,0,12,0,0,0,0,0,0,0,0,0,0,0,0,0,0,0,0,0,0,0,0,0,0,0,0,16,0,0,0,0,0,0,0,10,0,0,0,0,0,0,0,0,0,0,0,0,,0,0,0,0,0,0,95,0,0,0,0,0,0,0,1025,0,0,0,0,0,0,0,0,0,0,0,0,,0,0,0,0,0,0,119,0,0,0,0,0,0,0,474,0,0,0,0,0,0,0,0,0,0,0,0,,0,0,0,0,0,0,1,0,0,0,0,0,0,0,0,0,0,0,0,0,0,0,0,0,0,0,0,0,0,0,0,0,0,0,0,0,0,0,119,0,0,0,0,0,0,0,0,0,0,0,0,0,0,0,0,0,0,0,0,0,0,0,0,0,0,0,0,0,0,0,119,0,0,0,0,0,0,0,0,0,0,0,0,0,0,0,0,0,0,0,0,0,0,0,0,0,0,0,0,0,0,0,1,62,0,20,0,1,3,0,6,0,10,0,4,0,0,0,0,0,0,0,0,0,0,0,0,0,0,0,0,0,0,0,0,0,0,0,0,0,0,0,0,0,0,0,0,0,0,0,0,0,0,0,,0,0,0,,0,0,0,,0,0,0,0,0,0,0,0,0,0,0,0,0,0,0,0,0,0,0,0,0,0,0,0,0,0,0,0,0,0,0,0,0,0,0,0,0,0,0,0,0,0,0,0,0,0,0,0,0,0,0,0,0,0,0,0,0,0,0,0,0,0,0,0,0,0,0,0,0,0,0,0,0,0,10,39,21,1,3,0,1,2,4,0,26,5,4,37,2,3,0,10,0,6,0,2,1,2,309,367,563,477,1878,0,417,4170,77,0,0,73,0,0,4797,2682,0,92,0,260,0,54,298,139,130,238,397,477,1102,0,417,4170,74,0,0,39,0,0,4797,1192,0,48,0,69,0,54,298,139,1,0,0,0,0,0,0,0,0,1,0,0,5959,0,0,5959,0,0,0,0,1,0,0,18,0,0,18,5,2,3,0,0,0,0,1,1,7,0,0,1,0,1,175,0,0,0,0,0,0,4,477,117,0,0,119,0,298,141,0,0,0,0,0,0,4,477,95,0,0,119,0,298,0,0,0,0,3,0,76,0,72,1,0,2,0,0,0,0,0,0,0,0,0,0,0,0,0,0,0,0,0,0,953,0,476,0,0,0,0,0,0,0,0,0,0,0,0,0,0,0,0,0,0,953,0,476,0,0,0,0,0,0,0,0,0,0,0,0,0,0,0,0,0,0,0,0,0,0,0,0,0,0,0,0,0,0,0,0,0,0,0,0,0,0,0,0,0,0,0,0,0,0,0,0,0,0,0,0,0,0,0,0,0,0,0,10,0,3,0,0,0,1,0,0,0,0,335,0,289,0,0,0,41,0,0,0,0,187,0,179,0,0,0,41,0,0,0,0,0,0,0,0,0,0,0,0,0,0,0,0,0,0,0,0,0,0,0,0,0,0,0,0,,0,0,0,0,0,0,0,0,,0,0,0,0,0,0,0,0,,0,0,0,0,0,0,0,0,0,0,0,0,0,0,0,0,0,0,0,0,0,0,0,0,0,0,0,0,0,0,0,0,0,0,0,0,0,0,0,0,0,0,0,0,0,0,0,0,0,0,0,0,0,0,0,0,0,0,0,0,0,0,0,0,0,0,0,0,0,0,0,0,0,0,0,0,0,0,0,0,0,0,0,0,0,0,0,0,0,0,0,0,0,0,0,0,0,0,0,0,0,0,0,,0,0,,0,,0,0,,0,,0,0,,0,0,0,0,0,0,0,0,0,0,0,0,0,0,0,0,0,0
TN0050200,2020,Maryville Police Department,Tennessee,30006,15,34,32,21,31,15,0,94,0,29,0,10,6,0,3,28,32,9,4,39,24,0,4,41,2,0,0,0,5,0,0,0,0,4,0,0,0,0,1,0,0,0,10856,186,214,957,274,5511,0,8033,0,231,0,537,89,0,7535,1234,695,177,297,1045,0,0,0,86,35,0,0,0,8359,0,0,0,0,49,0,0,0,0,235,0,0,0,10596,65,87,412,121,2355,0,241,0,59,0,455,22,0,2472,452,206,45,271,400,0,0,0,51,35,0,0,0,10007,0,0,0,0,59,0,0,0,0,235,0,0,0,34,0,0,9,0,1,0,9,3,0,0,0,0,7,0,0,0,1,5,0,0,1,1,0,12,0,0,1,1,0,6,0,0,1,0,0,0,0,0,0,0,0,666,0,0,788,0,59,0,588,540,0,0,0,0,261,0,0,0,353,424,0,0,325,471,0,1776,0,0,4121,353,0,584,0,0,3532,0,0,0,0,0,0,0,0,471,0,0,177,0,59,0,589,148,0,0,0,0,235,0,0,0,353,412,0,0,325,471,0,1030,0,0,4121,353,0,603,0,0,3532,0,0,0,0,0,0,0,0,14,14,14,2,11,6,0,0,3,3,0,1,7,5,2,1,5,0,0,0,3,9,0,0,0,8,0,0,4,0,0,0,2,0,0,0,0,0,10800,226,81,412,100,2198,0,0,47,311,0,1413,386,609,15,589,114,0,0,0,0,1057,0,0,0,93,0,0,10154,0,0,0,39,0,0,0,0,0,11184,44,71,412,59,2355,0,0,12,353,0,1413,113,529,15,589,45,0,0,0,0,437,0,0,0,44,0,0,10890,0,0,0,39,0,0,0,0,0,0,119,0,0,0,0,56,0,0,0,0,0,0,0,0,0,0,0,0,0,0,0,0,0,0,0,0,0,0,0,0,0,0,0,0,0,12,0,0,0,0,0,0,0,0,0,0,0,0,0,0,0,0,0,0,0,0,0,0,0,0,0,0,0,0,0,9,0,0,0,0,0,0,0,0,0,0,0,0,0,0,0,0,0,0,0,0,0,0,0,0,6,0,0,0,0,0,0,0,7,0,1,0,0,0,0,0,0,0,0,0,0,,0,0,0,0,0,0,83,0,0,0,0,0,0,0,3479,0,0,0,0,0,0,0,0,0,0,0,0,,0,0,0,0,0,0,24,0,0,0,0,0,0,0,883,0,0,0,0,0,0,0,0,0,0,0,0,,0,0,0,0,0,0,0,0,1,0,0,0,0,0,0,0,0,0,0,0,0,0,0,0,0,0,0,0,0,0,0,0,0,0,0,0,0,0,0,0,117731,0,0,0,0,0,0,0,0,0,0,0,0,0,0,0,0,0,0,0,0,0,0,0,0,0,0,0,0,0,0,0,117731,0,0,0,0,0,0,0,0,0,0,0,0,0,0,0,0,0,0,0,0,0,0,0,0,0,0,0,0,0,2,45,0,43,1,1,1,0,13,0,20,4,10,0,0,0,0,0,0,0,0,0,0,0,0,0,0,0,0,0,0,0,0,0,0,0,0,0,0,0,0,,0,0,,0,0,,0,0,0,0,,0,0,0,,0,0,0,,0,0,0,0,0,0,0,0,0,0,0,0,0,0,0,0,0,0,0,0,0,0,0,0,0,0,0,0,0,0,0,0,0,0,0,0,0,0,0,0,0,0,0,0,0,0,0,0,0,0,,0,0,,0,0,,0,0,0,0,0,0,0,0,0,0,0,0,0,0,0,0,0,3,36,14,1,4,0,0,2,2,0,12,0,6,20,1,4,0,9,0,3,0,1,0,2,1353,609,1556,589,384,0,0,173,191,0,0,0,0,0,3532,2633,0,2899,0,47,0,589,0,149,235,500,606,589,344,0,0,173,191,0,0,0,0,0,3532,1706,0,706,0,59,0,589,0,149,1,0,0,0,0,0,0,0,0,0,0,0,0,0,0,0,0,0,0,0,1,0,0,29,0,0,29,0,3,3,0,0,0,0,1,1,3,0,0,1,2,0,0,0,0,0,0,0,0,25,589,7125,0,0,353,1323,0,0,0,0,0,0,0,0,25,589,100,0,0,353,1323,0,0,0,0,1,7,88,68,88,47,0,0,4,0,0,0,0,0,0,0,0,0,0,0,0,0,0,0,0,0,0,0,0,675,0,0,0,0,0,0,0,0,0,0,0,0,0,0,0,0,0,0,0,0,615,0,0,0,0,0,0,0,0,0,0,0,0,0,0,0,0,0,0,0,0,0,0,0,1,0,0,0,0,0,0,0,0,0,230,0,0,0,0,0,0,0,0,0,230,0,0,0,0,0,0,0,0,0,0,0,0,0,0,0,7,0,1,0,0,0,0,0,0,0,0,399,0,5208,0,0,0,0,0,0,0,0,424,0,5208,0,0,0,0,0,0,0,0,0,0,0,0,0,0,0,0,0,0,0,0,0,0,0,0,0,0,0,0,0,0,0,0,0,0,0,0,0,0,0,0,0,0,0,0,0,0,0,0,0,0,0,0,0,0,0,0,0,0,0,0,0,0,0,0,0,0,0,0,0,0,0,0,0,0,0,0,0,0,0,0,0,0,0,0,0,0,0,0,0,0,0,0,0,0,0,0,0,0,0,0,0,0,0,0,0,0,0,0,0,0,0,0,0,0,0,0,0,0,0,0,0,0,0,0,0,0,0,0,0,0,0,0,0,0,0,0,0,0,0,0,0,0,0,0,0,0,0,0,0,0,0,0,0,0,0,0,0,0,0,0,0,0,0,0,0,0,0,0,0,0,0,0,0,0,,,,0,0,0,0,0,0,,,
TN0050200,2021,Maryville Police Department,Tennessee,30262,16,18,28,12,25,16,0,120,0,41,0,2,4,0,2,34,31,9,5,24,26,0,8,30,0,0,0,0,6,1,0,0,0,5,0,0,0,0,1,0,0,0,20775,233,268,479,735,4911,0,5603,0,446,0,6425,290,0,7084,2212,868,159,1104,2764,0,0,0,112,0,0,0,0,11205,11245,0,0,0,193,0,0,0,0,205,0,0,0,8996,89,80,391,112,1799,0,586,0,71,0,6425,129,0,7084,871,169,84,450,450,0,0,0,45,0,0,0,0,7309,11245,0,0,0,20,0,0,0,0,205,0,0,0,47,0,0,5,0,0,0,9,2,0,0,0,0,19,0,0,1,0,4,0,0,1,0,0,6,0,0,0,1,0,7,0,0,0,0,0,0,0,0,0,0,0,611,0,0,82,0,0,0,328,202,0,0,0,0,513,0,0,1124,0,328,0,0,51,0,0,255,0,0,0,17,0,684,0,0,0,0,0,0,0,0,0,0,0,450,0,0,56,0,0,0,197,202,0,0,0,0,337,0,0,1124,0,112,0,0,51,0,0,169,0,0,0,17,0,562,0,0,0,0,0,0,0,0,0,0,0,13,7,10,2,5,2,2,0,10,0,0,1,1,7,0,2,4,0,0,1,1,6,0,0,2,3,0,0,5,0,0,0,1,0,0,0,0,0,24825,131,73,422,317,337,433,0,124,0,0,11245,84,439,0,2215,223,0,0,11245,0,1113,0,0,0,172,0,0,12321,0,0,0,56,0,0,0,0,0,16867,37,37,422,56,337,433,0,79,0,0,11245,84,145,0,2215,123,0,0,11245,0,350,0,0,0,56,0,0,8996,0,0,0,56,0,0,0,0,0,0,153,0,0,0,0,85,0,0,0,0,0,0,0,2,0,0,0,0,0,0,0,0,0,0,0,0,0,0,0,0,0,0,0,0,0,22,0,0,0,0,0,0,0,6,0,0,0,0,0,0,0,0,0,0,0,0,0,0,0,0,0,0,0,0,0,11,0,0,0,0,0,0,0,6,0,0,0,0,0,0,0,0,0,0,0,0,0,0,0,0,8,0,0,0,0,0,0,0,12,0,0,,0,0,0,0,0,0,0,0,0,0,0,0,0,0,0,0,2760,0,0,0,0,0,0,0,3053,0,0,,0,0,0,0,0,0,0,0,0,0,0,0,0,0,0,0,112,0,0,0,0,0,0,0,2645,0,0,,0,0,0,0,0,0,0,0,0,0,0,0,0,0,0,0,0,0,0,0,0,0,0,0,0,0,0,0,0,0,0,1,0,0,0,0,0,0,0,0,0,0,0,0,0,0,0,0,0,0,0,0,0,0,0,0,0,0,0,0,0,0,0,2249,0,0,0,0,0,0,0,0,0,0,0,0,0,0,0,0,0,0,0,0,0,0,0,0,0,0,0,0,0,0,0,2249,0,0,0,0,0,0,0,0,0,0,0,0,0,0,0,0,6,86,0,35,0,0,1,0,13,0,22,1,2,0,0,0,0,0,0,0,0,0,0,0,0,0,0,0,0,0,0,0,0,0,0,0,0,0,0,0,0,0,0,0,0,0,0,0,0,0,0,0,0,0,0,0,0,0,0,0,0,0,0,0,0,0,0,0,0,0,0,0,0,0,0,0,0,0,0,0,0,0,0,0,0,0,0,0,0,0,0,0,0,,0,,0,,0,0,0,0,0,0,0,0,0,0,0,0,0,,0,0,,0,0,,0,0,0,0,0,0,0,0,0,0,0,0,0,0,,,,1,20,16,1,5,0,0,1,0,0,12,1,9,24,0,7,0,4,0,1,0,3,2,2,3596,625,1029,831,669,0,0,81,0,0,0,45,0,0,0,3717,0,28,0,45,0,262,2933,730,3596,439,448,831,225,0,0,81,0,0,0,45,0,0,0,4498,0,28,0,45,0,337,2933,730,0,0,2,0,0,0,0,0,0,1,0,0,337,0,0,337,0,0,0,0,0,0,0,0,0,0,0,0,3,1,0,0,0,0,2,0,3,0,0,0,2,0,0,0,0,0,0,0,0,162,0,22,0,0,0,3486,0,0,0,0,0,0,0,0,162,0,12,0,0,0,3486,0,0,0,0,0,4,0,245,0,56,0,0,2,1,0,0,0,0,0,0,0,0,0,0,0,0,0,0,0,0,1,0,0,152,225,0,0,0,0,0,0,0,0,0,0,0,0,0,0,0,0,0,0,0,152,225,0,0,0,0,0,0,0,0,0,0,0,0,0,0,0,0,0,0,0,0,0,0,0,0,0,0,0,0,0,0,0,0,0,0,0,0,0,0,0,0,0,0,0,0,0,0,0,0,0,0,0,0,0,0,0,0,0,0,0,1,1,0,0,0,1,0,0,0,0,0,67,169,0,0,0,1210,0,0,0,0,0,67,169,0,0,0,1210,0,0,0,0,0,0,0,0,0,0,0,0,0,0,0,0,0,0,0,0,0,0,0,0,0,0,0,0,0,0,0,0,0,0,0,0,0,0,0,0,0,0,0,0,0,0,0,0,0,0,0,0,0,0,0,0,0,0,0,0,0,0,0,0,0,0,0,0,0,0,0,0,0,0,0,0,0,0,0,0,0,0,0,0,0,0,0,0,0,0,0,0,0,0,0,0,0,0,0,0,0,0,0,0,0,0,0,0,0,0,0,0,0,0,0,0,0,0,0,0,0,0,0,0,0,0,0,0,0,0,0,0,0,0,0,0,0,0,0,0,0,0,0,0,0,0,0,0,0,0,,0,0,0,0,,0,0,0,0,,0,0,0,0,0,0,0,0,0,,,,0,0,0,0,0,0,0,0,0
TN0050200,2022,Maryville Police Department,Tennessee,32717,17,38,43,15,41,17,0,102,0,40,0,6,2,1,3,28,23,21,3,25,19,0,5,27,2,0,0,0,4,0,1,0,0,7,0,0,0,0,0,0,0,0,7612,420,185,555,362,1073,0,4655,0,230,0,208,12,18533,13310,1145,2470,971,1475,727,0,0,0,400,105,0,0,0,5596,0,10412,0,0,37,0,0,0,0,0,0,0,0,7288,109,66,495,104,794,0,926,0,125,0,228,12,18533,8329,364,729,146,156,521,0,0,0,31,105,0,0,0,2863,0,10412,0,0,16,0,0,0,0,0,0,0,0,34,1,0,9,0,2,0,13,3,0,0,0,0,10,2,0,1,0,1,2,0,2,0,0,7,0,0,3,0,0,9,0,0,0,0,0,0,0,0,0,0,0,1277,62,0,669,0,677,0,386,451,0,0,0,0,828,1041,0,208,0,416,287,0,260,0,0,472,0,0,3297,0,0,1417,0,0,0,0,0,0,0,0,0,0,0,469,62,0,104,0,677,0,222,416,0,0,0,0,469,1041,0,208,0,416,287,0,260,0,0,260,0,0,3123,0,0,937,0,0,0,0,0,0,0,0,0,0,0,15,20,22,5,11,3,3,0,12,1,0,2,1,4,1,1,9,1,0,0,4,5,1,0,1,5,0,0,4,0,0,0,0,0,0,0,0,0,7169,204,106,353,78,289,276,0,84,300,0,5389,29,411,18,4165,237,106,0,0,0,628,10412,0,0,52,0,0,5596,0,0,0,0,0,0,0,0,0,5206,139,38,312,59,42,62,0,48,300,0,5389,29,271,18,4165,117,106,0,0,0,217,10412,0,0,42,0,0,2863,0,0,0,0,0,0,0,0,0,0,136,0,0,0,0,59,0,0,0,0,0,0,0,0,0,0,0,0,0,0,0,0,0,0,0,0,0,0,0,0,0,0,0,0,0,16,0,0,0,0,0,0,0,0,0,0,0,0,0,0,0,0,0,0,0,0,0,0,0,0,0,0,0,0,0,10,0,0,0,0,0,0,0,0,0,0,0,0,0,0,0,0,0,0,0,0,0,0,0,0,5,0,0,0,0,0,0,0,6,0,0,,0,0,0,1,0,0,0,0,0,0,0,0,0,0,0,0,91,0,0,0,0,0,0,0,2419,0,0,,0,0,0,26,0,0,0,0,0,0,0,0,0,0,0,0,104,0,0,0,0,0,0,0,416,0,0,,0,0,0,26,0,0,0,0,0,0,0,0,0,0,0,0,0,0,0,1,0,0,0,0,0,0,0,0,0,0,0,0,0,0,0,0,0,0,0,0,0,0,0,0,0,0,0,0,0,0,0,104,0,0,0,0,0,0,0,0,0,0,0,0,0,0,0,0,0,0,0,0,0,0,0,0,0,0,0,0,0,0,0,104,0,0,0,0,0,0,0,0,0,0,0,0,0,0,0,0,0,0,0,0,0,0,0,0,0,0,0,0,4,67,0,46,2,0,6,0,8,0,20,0,6,0,0,0,0,0,0,0,0,0,0,0,0,0,0,0,0,0,0,0,0,0,0,0,0,0,0,0,0,0,0,0,0,0,0,0,0,0,0,0,,0,0,0,,0,0,0,,0,0,0,0,0,0,0,0,0,0,0,0,0,0,0,0,0,0,0,0,0,0,0,0,0,0,0,0,0,0,0,0,0,0,0,0,0,0,0,0,0,0,0,0,0,0,0,0,0,0,,0,0,,0,0,,0,0,0,0,0,0,0,0,0,0,0,0,0,0,0,0,0,2,13,9,2,6,0,1,2,0,0,16,2,18,21,0,4,0,5,0,4,0,0,0,1,208,771,652,364,5131,0,312,262,0,0,0,31,0,0,0,3097,0,235,0,135,0,0,0,312,208,301,343,364,147,0,312,262,0,0,0,31,0,0,0,3852,0,52,0,73,0,0,0,312,0,1,1,0,0,0,0,0,0,1,0,0,52,0,0,52,0,0,0,0,0,0,0,0,0,0,0,1,1,4,0,0,0,0,1,0,2,0,0,0,1,0,260,0,0,0,0,0,0,22,0,92,0,0,0,3540,0,260,0,0,0,0,0,0,22,0,92,0,0,0,3540,0,0,0,0,0,5,0,71,0,42,0,0,4,0,0,0,0,0,0,0,0,0,0,0,0,0,0,0,0,0,0,0,0,591,0,0,0,0,0,0,0,0,0,0,0,0,0,0,0,0,0,0,0,0,651,0,0,0,0,0,0,0,0,0,0,0,0,0,0,0,0,0,0,0,0,0,0,0,0,0,0,0,0,0,0,0,0,0,0,0,0,0,0,0,0,0,0,0,0,0,0,0,0,0,0,0,0,0,0,0,0,0,0,0,4,1,0,0,0,0,0,0,0,0,0,807,2,0,0,0,0,0,0,0,0,0,885,2,0,0,0,0,0,0,0,0,0,1,0,0,0,0,0,0,0,156,0,0,0,0,0,0,0,156,0,0,0,0,0,0,0,,0,0,0,0,0,0,0,0,,0,0,0,0,0,0,0,0,,0,0,0,0,0,0,0,0,0,0,0,0,0,0,0,0,0,0,0,0,0,0,0,0,0,0,0,0,0,0,0,0,0,0,0,0,0,0,0,0,0,0,0,0,0,0,0,0,0,0,0,0,0,0,0,0,0,0,0,0,0,0,0,0,0,0,0,0,0,0,0,0,0,0,0,0,0,0,0,0,0,0,0,0,0,0,0,0,0,0,0,0,0,0,0,0,0,0,0,0,0,0,0,0,0,0,0,0,0,0,0,0,0,0,0,0,0,0,0,0,0,0,0,0,0,0,0,0,0,0,0,0,0,0,0
TN0050200,2023,Maryville Police Department,Tennessee,33093,19,35,48,13,22,14,0,120,0,36,0,2,6,1,1,17,15,37,4,12,24,0,6,30,1,0,0,0,6,0,0,0,0,1,0,0,0,0,0,0,0,0,13163,189,343,419,403,5184,0,6014,0,388,0,472,46,18000,1500,1494,1336,893,1725,352,0,0,0,101,50,0,0,0,10062,0,0,0,0,20,0,0,0,0,0,0,0,0,6000,142,92,449,39,1300,0,766,0,100,0,472,36,18000,1500,685,225,220,400,200,0,0,0,40,50,0,0,0,6000,0,0,0,0,20,0,0,0,0,0,0,0,0,31,2,0,3,0,0,0,12,0,0,0,0,1,12,0,0,3,1,6,1,0,2,0,0,3,0,0,0,2,0,10,0,1,0,0,0,0,0,0,0,0,0,1153,3350,0,317,0,0,0,745,0,0,0,0,3000,595,0,0,112,75,626,25,0,1300,0,0,292,0,0,0,500,0,1182,0,50,0,0,0,0,0,0,0,0,0,500,3350,0,250,0,0,0,275,0,0,0,0,3000,245,0,0,60,75,550,25,0,1300,0,0,325,0,0,0,500,0,458,0,50,0,0,0,0,0,0,0,0,0,13,12,25,0,13,2,0,0,6,1,0,1,2,3,3,0,22,0,0,0,0,3,0,0,0,5,0,0,5,1,0,0,0,0,0,0,0,0,12623,106,118,0,82,351,0,0,61,448,0,1500,90,531,12,0,334,0,0,0,0,513,0,0,0,93,0,0,11675,18000,0,0,0,0,0,0,0,0,6000,101,50,0,35,351,0,0,50,448,0,1500,90,130,8,0,111,0,0,0,0,650,0,0,0,40,0,0,10000,18000,0,0,0,0,0,0,0,0,0,140,0,0,0,0,73,0,0,0,0,1,0,0,0,0,0,0,0,0,0,0,1,0,0,0,0,0,0,0,0,0,0,0,0,0,15,0,0,0,0,0,0,0,0,0,0,0,0,0,0,0,20,0,0,0,0,0,0,0,0,0,0,0,0,0,5,0,0,0,0,0,0,0,0,0,0,0,0,0,0,0,20,0,0,0,0,0,0,0,0,12,0,0,0,0,0,0,0,3,0,0,,0,0,0,0,0,0,0,0,0,,0,0,0,0,0,0,602,0,0,0,0,0,0,0,6027,0,0,,0,0,0,0,0,0,0,0,0,,0,0,0,0,0,0,91,0,0,0,0,0,0,0,1900,0,0,,0,0,0,0,0,0,0,0,0,,0,0,0,0,0,0,1,1,0,0,,0,0,0,0,0,0,0,0,0,0,0,0,0,0,0,0,0,0,0,0,0,0,0,0,0,0,0,200,0,0,0,,0,0,0,0,0,0,0,0,0,0,0,0,0,0,0,0,0,0,0,0,0,0,0,0,0,0,0,200,0,0,0,,0,0,0,0,0,0,0,0,0,0,0,0,0,0,0,0,0,0,0,0,0,0,0,0,0,0,0,4,67,0,45,3,0,2,1,12,0,25,1,4,0,0,0,0,0,0,0,0,0,0,0,0,0,0,0,0,0,0,0,0,0,0,0,0,0,0,0,0,0,0,0,0,0,0,0,0,0,0,0,0,0,0,0,0,0,0,0,0,0,1,0,0,0,0,0,0,0,0,0,0,0,0,0,0,0,0,0,0,0,0,0,0,0,0,0,0,0,0,0,0,0,0,0,0,0,0,0,0,0,0,0,0,0,0,0,0,0,0,,0,0,,0,0,,0,0,0,0,0,0,0,0,0,0,0,0,0,0,0,0,0,3,18,9,0,0,0,0,0,0,1,11,3,13,20,0,5,0,4,0,7,0,2,1,1,415,623,682,0,0,0,0,0,0,100,0,431,0,0,0,1170,0,258,0,129,0,884,91,12,70,474,500,0,0,0,0,0,0,100,0,153,0,0,0,1000,0,124,0,75,0,884,91,12,0,0,1,0,0,0,0,0,0,2,0,0,300,0,0,300,0,0,0,0,0,0,0,0,0,0,0,2,0,0,0,0,0,0,0,0,2,0,0,0,3,0,588,0,0,0,0,0,0,0,0,124,0,0,0,950,0,588,0,0,0,0,0,0,0,0,124,0,0,0,1000,0,0,0,0,0,5,0,62,0,80,1,0,2,1,0,1,0,0,0,0,0,0,0,0,0,0,0,0,0,0,0,20,0,900,1000,0,3000,0,0,0,0,0,0,0,0,0,0,0,0,0,0,0,20,0,900,1000,0,3000,0,0,0,0,0,0,0,0,0,0,0,0,0,0,0,0,0,0,0,0,0,0,0,0,0,0,0,0,0,0,0,0,0,0,0,0,0,0,0,0,0,0,0,0,0,0,0,0,0,0,0,0,0,0,0,0,6,0,1,0,0,1,1,0,0,0,0,644,0,19,0,0,1700,12,0,0,0,0,624,0,19,0,0,1700,12,0,0,0,0,0,0,0,0,0,0,0,0,0,0,0,0,0,0,0,0,0,0,0,0,0,0,0,0,0,0,0,0,0,0,0,0,0,0,0,0,0,0,0,0,0,0,0,0,0,0,0,0,0,0,0,0,0,0,0,0,0,0,0,0,0,0,0,0,0,0,0,0,0,0,0,0,0,0,0,0,0,0,0,0,0,0,0,0,0,0,0,0,0,0,0,0,0,0,0,0,0,0,0,0,0,0,0,0,0,0,0,0,0,0,0,0,0,0,0,0,0,0,0,0,0,0,0,0,0,0,0,0,0,0,0,0,0,0,0,0,0,0,0,0,0,0,0,0,0,0,,0,0,0,0,,0,0,0,0,,0,0,0,0,0,0,0,0,0,,,,0,0,0,0,0,0,0,0,0
